Year,Month,Month Code,District Code,District,Total SNAP Households,Total SNAP Persons,Total SNAP Benefits,Temporary Assistance SNAP Households,Temporary Assistance SNAP Persons,Temporary Assistance SNAP Benefits,Non-Temporary Assistance SNAP Households,Non-Temporary Assistance SNAP Persons,Non-Temporary Assistance SNAP Benefits
2018,December,12,01,Albany,17521,32104,4106810,5948,8259,1253086,11573,23845,2853724
2018,November,11,01,Albany,17550,32232,4105600,5962,8343,1260274,11588,23889,2845326
2018,October,10,01,Albany,17662,32490,4144000,6016,8449,1282965,11646,24041,2861035
2018,September,9,01,Albany,17744,32590,4094966,6050,8582,1278820,11694,24008,2816146
2018,August,8,01,Albany,17812,32811,4111340,6090,8675,1294939,11722,24136,2816401
2018,July,7,01,Albany,17937,33150,4077184,6073,8701,1271872,11864,24449,2805312
2018,June,6,01,Albany,18082,33447,4084001,6162,8888,1299750,11920,24559,2784251
2018,May,5,01,Albany,18147,33584,4092467,6121,8790,1277796,12026,24794,2814671
2018,April,4,01,Albany,18192,33648,4074885,6151,8836,1279502,12041,24812,2795383
2018,March,3,01,Albany,18222,33736,4101573,6243,9072,1312426,11979,24664,2789147
2018,February,2,01,Albany,18155,33680,4109129,6248,9213,1334166,11907,24467,2774963
2018,January,1,01,Albany,18377,34102,4188400,6366,9373,1371880,12011,24729,2816520
2017,December,12,01,Albany,18412,34257,4238713,6393,9493,1394580,12019,24764,2844133
2017,November,11,01,Albany,18356,34206,4237720,6330,9425,1380308,12026,24781,2857412
2017,October,10,01,Albany,18323,34175,4261195,6322,9447,1395139,12001,24728,2866056
2017,September,9,01,Albany,18331,34202,4255859,6307,9445,1389021,12024,24757,2866838
2017,August,8,01,Albany,18419,34415,4279496,6333,9497,1400289,12086,24918,2879207
2017,July,7,01,Albany,18513,34667,4230497,6337,9527,1374883,12176,25140,2855614
2017,June,6,01,Albany,18626,34826,4263414,6328,9492,1374174,12298,25334,2889240
2017,May,5,01,Albany,18615,34779,4246245,6328,9529,1377798,12287,25250,2868447
2017,April,4,01,Albany,18723,34905,4258150,6341,9493,1373729,12382,25412,2884421
2017,March,3,01,Albany,18915,35359,4340041,6447,9688,1409970,12468,25671,2930071
2017,February,2,01,Albany,18875,35225,4319086,6432,9617,1393067,12443,25608,2926019
2017,January,1,01,Albany,18949,35286,4331669,6519,9753,1417947,12430,25533,2913722
2016,December,12,01,Albany,19039,35473,4389306,6603,9830,1439389,12436,25643,2949917
2016,November,11,01,Albany,19022,35430,4416565,6614,9901,1460369,12408,25529,2956196
2016,October,10,01,Albany,18933,35344,4398247,6629,9911,1453125,12304,25433,2945122
2016,September,9,01,Albany,18967,35478,4447936,6627,9951,1470331,12340,25527,2977605
2016,August,8,01,Albany,19043,35443,4454814,6623,9933,1457293,12420,25510,2997521
2016,July,7,01,Albany,19005,35365,4435594,6619,9923,1452774,12386,25442,2982820
2015,December,12,01,Albany,19749,36707,4697719,6695,10182,1501476,13054,26525,3196243
2015,November,11,01,Albany,19653,36524,4668292,6661,10116,1491505,12992,26408,3176787
2018,December,12,02,Allegany,3009,5533,624602,1066,1366,203040,1943,4167,421562
2018,November,11,02,Allegany,2953,5370,607973,1062,1385,202992,1891,3985,404981
2018,October,10,02,Allegany,2960,5397,614630,1079,1414,208561,1881,3983,406069
2018,September,9,02,Allegany,2927,5310,597471,1081,1410,205180,1846,3900,392291
2018,August,8,02,Allegany,2919,5324,600731,1079,1417,205253,1840,3907,395478
2018,July,7,02,Allegany,2929,5350,604543,1101,1452,211677,1828,3898,392866
2018,June,6,02,Allegany,2974,5456,618017,1094,1446,207634,1880,4010,410383
2018,May,5,02,Allegany,2969,5438,613162,1103,1453,211084,1866,3985,402078
2018,April,4,02,Allegany,2980,5486,612445,1110,1485,214020,1870,4001,398425
2018,March,3,02,Allegany,3014,5620,635024,1112,1483,216061,1902,4137,418963
2018,February,2,02,Allegany,2989,5573,610114,1101,1458,209806,1888,4115,400308
2018,January,1,02,Allegany,3016,5639,620281,1100,1463,211024,1916,4176,409257
2017,December,12,02,Allegany,2993,5616,625806,1113,1471,216295,1880,4145,409511
2017,November,11,02,Allegany,2988,5590,622719,1122,1501,219342,1866,4089,403377
2017,October,10,02,Allegany,2997,5578,624152,1127,1508,219769,1870,4070,404383
2017,September,9,02,Allegany,3011,5669,642661,1127,1514,220391,1884,4155,422270
2017,August,8,02,Allegany,3023,5696,646822,1135,1529,221190,1888,4167,425632
2017,July,7,02,Allegany,3031,5718,648671,1135,1517,220156,1896,4201,428515
2017,June,6,02,Allegany,3068,5818,657307,1140,1535,222271,1928,4283,435036
2017,May,5,02,Allegany,3101,5916,668275,1139,1534,222354,1962,4382,445921
2017,April,4,02,Allegany,3160,6008,672411,1161,1569,227699,1999,4439,444712
2017,March,3,02,Allegany,3208,6097,692709,1160,1567,226178,2048,4530,466531
2017,February,2,02,Allegany,3176,6028,678612,1150,1542,223909,2026,4486,454703
2017,January,1,02,Allegany,3179,6068,683628,1165,1564,227990,2014,4504,455638
2016,December,12,02,Allegany,3169,6047,688725,1149,1537,224137,2020,4510,464588
2016,November,11,02,Allegany,3133,5941,680305,1147,1525,228106,1986,4416,452199
2016,October,10,02,Allegany,3115,5892,668701,1162,1546,228556,1953,4346,440145
2016,September,9,02,Allegany,3121,5956,680512,1168,1573,231513,1953,4383,448999
2016,August,8,02,Allegany,3110,5898,676083,1165,1572,228260,1945,4326,447823
2016,July,7,02,Allegany,3096,5888,676737,1163,1570,226877,1933,4318,449860
2015,December,12,02,Allegany,3245,6116,721350,1180,1643,240497,2065,4473,480853
2015,November,11,02,Allegany,3210,6012,704831,1195,1663,243215,2015,4349,461616
2018,December,12,03,Broome,15994,28307,3592300,6415,9203,1428313,9579,19104,2163987
2018,November,11,03,Broome,15925,28220,3580693,6362,9152,1414720,9563,19068,2165973
2018,October,10,03,Broome,16077,28546,3642934,6405,9239,1429357,9672,19307,2213577
2018,September,9,03,Broome,16072,28611,3627869,6439,9319,1443005,9633,19292,2184864
2018,August,8,03,Broome,16148,28639,3650581,6483,9385,1446297,9665,19254,2204284
2018,July,7,03,Broome,16150,28666,3621303,6515,9418,1440647,9635,19248,2180656
2018,June,6,03,Broome,16250,28918,3644119,6474,9399,1431713,9776,19519,2212406
2018,May,5,03,Broome,16282,29103,3653461,6522,9564,1453100,9760,19539,2200361
2018,April,4,03,Broome,16402,29358,3662854,6573,9687,1463615,9829,19671,2199239
2018,March,3,03,Broome,16588,29787,3733336,6631,9835,1489091,9957,19952,2244245
2018,February,2,03,Broome,16538,29797,3723393,6611,9852,1488905,9927,19945,2234488
2018,January,1,03,Broome,16656,30074,3770926,6602,9810,1487882,10054,20264,2283044
2017,December,12,03,Broome,16631,29934,3789625,6591,9715,1485119,10040,20219,2304506
2017,November,11,03,Broome,16567,29918,3781402,6563,9690,1472380,10004,20228,2309022
2017,October,10,03,Broome,16617,29988,3797343,6575,9664,1470414,10042,20324,2326929
2017,September,9,03,Broome,16621,29995,3821136,6628,9830,1504057,9993,20165,2317079
2017,August,8,03,Broome,16801,30246,3886394,6720,9939,1528258,10081,20307,2358136
2017,July,7,03,Broome,16728,30109,3816433,6725,9987,1513251,10003,20122,2303182
2017,June,6,03,Broome,16907,30362,3852970,6779,10035,1531540,10128,20327,2321430
2017,May,5,03,Broome,16837,30281,3834209,6796,10046,1535599,10041,20235,2298610
2017,April,4,03,Broome,16926,30449,3855395,6765,9991,1521663,10161,20458,2333732
2017,March,3,03,Broome,16994,30663,3892453,6872,10231,1566339,10122,20432,2326114
2017,February,2,03,Broome,16973,30769,3884880,6844,10224,1557145,10129,20545,2327735
2017,January,1,03,Broome,16984,30790,3900136,6906,10376,1583503,10078,20414,2316633
2016,December,12,03,Broome,16921,30706,3900529,6814,10267,1565120,10107,20439,2335409
2016,November,11,03,Broome,16772,30467,3890739,6750,10158,1560379,10022,20309,2330360
2016,October,10,03,Broome,16776,30469,3882512,6772,10173,1553904,10004,20296,2328608
2016,September,9,03,Broome,16821,30622,3934354,6849,10314,1587837,9972,20308,2346517
2016,August,8,03,Broome,16790,30618,3933995,6876,10408,1598999,9914,20210,2334996
2016,July,7,03,Broome,16732,30517,3915760,6932,10561,1615999,9800,19956,2299761
2015,December,12,03,Broome,17148,31416,4065423,6924,10671,1635026,10224,20745,2430397
2015,November,11,03,Broome,16986,31192,4036364,6831,10594,1622977,10155,20598,2413387
2018,December,12,04,Cattaraugus,5948,11036,1256682,1904,2421,376644,4044,8615,880038
2018,November,11,04,Cattaraugus,5913,10987,1254391,1932,2477,384846,3981,8510,869545
2018,October,10,04,Cattaraugus,5911,10935,1264362,1942,2475,386756,3969,8460,877606
2018,September,9,04,Cattaraugus,5948,11004,1254996,1958,2503,386863,3990,8501,868133
2018,August,8,04,Cattaraugus,5978,11026,1268009,1945,2480,383186,4033,8546,884823
2018,July,7,04,Cattaraugus,6050,11259,1295537,1933,2481,381655,4117,8778,913882
2018,June,6,04,Cattaraugus,6095,11372,1298409,1936,2458,375404,4159,8914,923005
2018,May,5,04,Cattaraugus,6185,11544,1317118,1965,2507,385157,4220,9037,931961
2018,April,4,04,Cattaraugus,6171,11551,1299305,1947,2477,376120,4224,9074,923185
2018,March,3,04,Cattaraugus,6299,11878,1349431,1964,2512,381796,4335,9366,967635
2018,February,2,04,Cattaraugus,6214,11729,1314137,1939,2476,371582,4275,9253,942555
2018,January,1,04,Cattaraugus,6248,11794,1326210,1952,2499,378109,4296,9295,948101
2017,December,12,04,Cattaraugus,6215,11761,1324582,1945,2487,378058,4270,9274,946524
2017,November,11,04,Cattaraugus,6252,11851,1335816,1955,2483,380890,4297,9368,954926
2017,October,10,04,Cattaraugus,6227,11763,1338823,1924,2424,373936,4303,9339,964887
2017,September,9,04,Cattaraugus,6222,11814,1339025,1923,2428,372255,4299,9386,966770
2017,August,8,04,Cattaraugus,6245,11894,1355053,1910,2431,371921,4335,9463,983132
2017,July,7,04,Cattaraugus,6274,11978,1353307,1909,2426,368522,4365,9552,984785
2017,June,6,04,Cattaraugus,6302,12086,1356367,1912,2436,367798,4390,9650,988569
2017,May,5,04,Cattaraugus,6321,12106,1362123,1898,2396,363528,4423,9710,998595
2017,April,4,04,Cattaraugus,6314,12176,1366159,1889,2408,362708,4425,9768,1003451
2017,March,3,04,Cattaraugus,6426,12425,1398756,1892,2404,363181,4534,10021,1035575
2017,February,2,04,Cattaraugus,6388,12379,1389001,1871,2402,362074,4517,9977,1026927
2017,January,1,04,Cattaraugus,6381,12339,1387958,1889,2422,364843,4492,9917,1023115
2016,December,12,04,Cattaraugus,6420,12391,1402751,1888,2413,363662,4532,9978,1039089
2016,November,11,04,Cattaraugus,6362,12242,1398173,1881,2413,372612,4481,9829,1025561
2016,October,10,04,Cattaraugus,6342,12214,1403163,1910,2449,371800,4432,9765,1031363
2016,September,9,04,Cattaraugus,6317,12185,1414442,1894,2424,369577,4423,9761,1044865
2016,August,8,04,Cattaraugus,6299,12130,1411395,1894,2410,367578,4405,9720,1043817
2016,July,7,04,Cattaraugus,6326,12105,1421627,1884,2388,362015,4442,9717,1059612
2015,December,12,04,Cattaraugus,6487,12446,1475320,1835,2336,356458,4652,10110,1118862
2015,November,11,04,Cattaraugus,6405,12311,1464195,1832,2328,355626,4573,9983,1108569
2018,December,12,05,Cayuga,5214,9662,1174328,1516,2035,316425,3698,7627,857903
2018,November,11,05,Cayuga,5171,9570,1163819,1519,2068,320434,3652,7502,843385
2018,October,10,05,Cayuga,5143,9514,1163066,1508,2048,318585,3635,7466,844481
2018,September,9,05,Cayuga,5105,9428,1143383,1527,2068,318144,3578,7360,825239
2018,August,8,05,Cayuga,5161,9528,1151986,1538,2128,323133,3623,7400,828853
2018,July,7,05,Cayuga,5231,9677,1161071,1571,2176,326568,3660,7501,834503
2018,June,6,05,Cayuga,5252,9735,1161563,1565,2167,324131,3687,7568,837432
2018,May,5,05,Cayuga,5307,9848,1184943,1586,2188,330297,3721,7660,854646
2018,April,4,05,Cayuga,5294,9926,1188798,1540,2131,318740,3754,7795,870058
2018,March,3,05,Cayuga,5342,10021,1200713,1527,2107,313539,3815,7914,887174
2018,February,2,05,Cayuga,5322,10012,1187855,1531,2115,314880,3791,7897,872975
2018,January,1,05,Cayuga,5331,10038,1195585,1536,2136,319955,3795,7902,875630
2017,December,12,05,Cayuga,5273,9977,1189336,1539,2145,320726,3734,7832,868610
2017,November,11,05,Cayuga,5227,9908,1183058,1551,2182,323754,3676,7726,859304
2017,October,10,05,Cayuga,5225,9918,1190565,1564,2209,329222,3661,7709,861343
2017,September,9,05,Cayuga,5244,9953,1196687,1563,2177,327140,3681,7776,869547
2017,August,8,05,Cayuga,5281,10041,1205011,1566,2166,326537,3715,7875,878474
2017,July,7,05,Cayuga,5319,10156,1213084,1571,2210,328970,3748,7946,884114
2017,June,6,05,Cayuga,5351,10192,1225087,1586,2216,331734,3765,7976,893353
2017,May,5,05,Cayuga,5385,10229,1238562,1572,2220,332156,3813,8009,906406
2017,April,4,05,Cayuga,5411,10323,1237702,1590,2257,338578,3821,8066,899124
2017,March,3,05,Cayuga,5469,10403,1259193,1599,2287,342439,3870,8116,916754
2017,February,2,05,Cayuga,5476,10426,1252907,1596,2305,343025,3880,8121,909882
2017,January,1,05,Cayuga,5507,10462,1263193,1624,2362,351083,3883,8100,912110
2016,December,12,05,Cayuga,5474,10364,1253267,1635,2370,354982,3839,7994,898285
2016,November,11,05,Cayuga,5442,10287,1251044,1620,2344,354230,3822,7943,896814
2016,October,10,05,Cayuga,5383,10153,1240171,1618,2345,352074,3765,7808,888097
2016,September,9,05,Cayuga,5367,10146,1249477,1599,2333,351020,3768,7813,898457
2016,August,8,05,Cayuga,5332,10059,1240200,1605,2344,353872,3727,7715,886328
2016,July,7,05,Cayuga,5312,10025,1235785,1587,2311,345978,3725,7714,889807
2015,December,12,05,Cayuga,5536,10514,1310235,1651,2483,370666,3885,8031,939569
2015,November,11,05,Cayuga,5521,10539,1304844,1647,2478,368647,3874,8061,936197
2018,December,12,06,Chautauqua,12847,23792,2979490,3980,5865,880468,8867,17927,2099022
2018,November,11,06,Chautauqua,12731,23691,2980718,3954,5826,879109,8777,17865,2101609
2018,October,10,06,Chautauqua,12761,23752,3003663,3993,5920,894508,8768,17832,2109155
2018,September,9,06,Chautauqua,12705,23805,2974218,3946,5853,874464,8759,17952,2099754
2018,August,8,06,Chautauqua,12662,23808,2977082,3934,5867,871641,8728,17941,2105441
2018,July,7,06,Chautauqua,12739,23998,2990006,3958,5949,880366,8781,18049,2109640
2018,June,6,06,Chautauqua,12852,24187,3010435,4051,6135,907673,8801,18052,2102762
2018,May,5,06,Chautauqua,12928,24349,3031698,4089,6198,916693,8839,18151,2115005
2018,April,4,06,Chautauqua,12971,24499,3035351,4127,6300,930264,8844,18199,2105087
2018,March,3,06,Chautauqua,13075,24786,3071236,4176,6422,948685,8899,18364,2122551
2018,February,2,06,Chautauqua,12921,24584,3013976,4163,6432,945732,8758,18152,2068244
2018,January,1,06,Chautauqua,12944,24681,3050115,4195,6487,964201,8749,18194,2085914
2017,December,12,06,Chautauqua,12845,24475,3028411,4170,6443,956813,8675,18032,2071598
2017,November,11,06,Chautauqua,12747,24216,3003589,4128,6328,944184,8619,17888,2059405
2017,October,10,06,Chautauqua,12647,24106,3006138,4124,6313,945141,8523,17793,2060997
2017,September,9,06,Chautauqua,12739,24256,3034930,4122,6345,944097,8617,17911,2090833
2017,August,8,06,Chautauqua,12866,24489,3088867,4175,6403,960030,8691,18086,2128837
2017,July,7,06,Chautauqua,12933,24626,3082019,4200,6487,963816,8733,18139,2118203
2017,June,6,06,Chautauqua,13058,24888,3110530,4288,6627,985763,8770,18261,2124767
2017,May,5,06,Chautauqua,13147,25023,3129880,4279,6614,981661,8868,18409,2148219
2017,April,4,06,Chautauqua,13166,25070,3120407,4292,6678,986701,8874,18392,2133706
2017,March,3,06,Chautauqua,13329,25383,3151987,4329,6747,996782,9000,18636,2155205
2017,February,2,06,Chautauqua,13385,25567,3180344,4356,6797,1004385,9029,18770,2175959
2017,January,1,06,Chautauqua,13316,25391,3164954,4348,6816,1003507,8968,18575,2161447
2016,December,12,06,Chautauqua,13360,25498,3205705,4368,6828,1011238,8992,18670,2194467
2016,November,11,06,Chautauqua,13219,25183,3190590,4320,6755,1004290,8899,18428,2186300
2016,October,10,06,Chautauqua,13157,25121,3186201,4350,6871,1018926,8807,18250,2167275
2016,September,9,06,Chautauqua,13278,25315,3210083,4381,6931,1026572,8897,18384,2183511
2016,August,8,06,Chautauqua,13250,25308,3219064,4392,7041,1037681,8858,18267,2181383
2016,July,7,06,Chautauqua,13206,25199,3208843,4389,7070,1033212,8817,18129,2175631
2015,December,12,06,Chautauqua,13944,26548,3432773,4514,7420,1083257,9430,19128,2349516
2015,November,11,06,Chautauqua,13836,26360,3403690,4517,7431,1086773,9319,18929,2316917
2018,December,12,07,Chemung,7171,13210,1679468,2136,2622,405818,5035,10588,1273650
2018,November,11,07,Chemung,7156,13211,1692799,2108,2581,400878,5048,10630,1291921
2018,October,10,07,Chemung,7209,13369,1728041,2116,2611,408086,5093,10758,1319955
2018,September,9,07,Chemung,7211,13388,1713679,2120,2583,399542,5091,10805,1314137
2018,August,8,07,Chemung,7230,13518,1737301,2115,2600,399453,5115,10918,1337848
2018,July,7,07,Chemung,7268,13570,1725475,2126,2608,397384,5142,10962,1328091
2018,June,6,07,Chemung,7318,13811,1740625,2141,2625,398536,5177,11186,1342089
2018,May,5,07,Chemung,7327,13752,1745522,2174,2690,405941,5153,11062,1339581
2018,April,4,07,Chemung,7383,13873,1745931,2172,2676,404509,5211,11197,1341422
2018,March,3,07,Chemung,7455,14047,1752972,2180,2682,405435,5275,11365,1347537
2018,February,2,07,Chemung,7408,14022,1741193,2170,2679,407032,5238,11343,1334161
2018,January,1,07,Chemung,7482,14179,1773648,2178,2697,408027,5304,11482,1365621
2017,December,12,07,Chemung,7439,14116,1771350,2174,2686,411118,5265,11430,1360232
2017,November,11,07,Chemung,7464,14179,1785072,2181,2688,412957,5283,11491,1372115
2017,October,10,07,Chemung,7492,14245,1796861,2183,2690,414056,5309,11555,1382805
2017,September,9,07,Chemung,7497,14379,1819978,2179,2674,411624,5318,11705,1408354
2017,August,8,07,Chemung,7493,14343,1836321,2164,2661,411169,5329,11682,1425152
2017,July,7,07,Chemung,7559,14486,1836261,2153,2652,405061,5406,11834,1431200
2017,June,6,07,Chemung,7615,14669,1846846,2166,2658,405773,5449,12011,1441073
2017,May,5,07,Chemung,7688,14714,1867544,2147,2609,398951,5541,12105,1468593
2017,April,4,07,Chemung,7679,14764,1871090,2162,2655,403466,5517,12109,1467624
2017,March,3,07,Chemung,7796,14991,1893120,2174,2675,407978,5622,12316,1485142
2017,February,2,07,Chemung,7751,15031,1890831,2163,2686,411286,5588,12345,1479545
2017,January,1,07,Chemung,7788,15171,1904451,2152,2680,409119,5636,12491,1495332
2016,December,12,07,Chemung,7837,15332,1929279,2156,2689,410392,5681,12643,1518887
2016,November,11,07,Chemung,7724,15007,1904620,2139,2655,411635,5585,12352,1492985
2016,October,10,07,Chemung,7761,15106,1923612,2163,2702,416584,5598,12404,1507028
2016,September,9,07,Chemung,7811,15202,1958887,2164,2704,419656,5647,12498,1539231
2016,August,8,07,Chemung,7858,15286,1980427,2199,2739,426093,5659,12547,1554334
2016,July,7,07,Chemung,7855,15230,1963813,2209,2774,429298,5646,12456,1534515
2015,December,12,07,Chemung,8066,15706,2041158,2234,2827,435528,5832,12879,1605630
2015,November,11,07,Chemung,8046,15665,2038433,2234,2836,438354,5812,12829,1600079
2018,December,12,08,Chenango,3388,6245,708120,1027,1240,180455,2361,5005,527665
2018,November,11,08,Chenango,3324,6136,693003,1013,1234,177506,2311,4902,515497
2018,October,10,08,Chenango,3334,6134,692739,1023,1249,177289,2311,4885,515450
2018,September,9,08,Chenango,3335,6162,693426,1024,1255,177650,2311,4907,515776
2018,August,8,08,Chenango,3344,6221,692618,1027,1272,181695,2317,4949,510923
2018,July,7,08,Chenango,3385,6352,703196,1044,1291,183126,2341,5061,520070
2018,June,6,08,Chenango,3426,6424,708137,1045,1292,182331,2381,5132,525806
2018,May,5,08,Chenango,3472,6553,732859,1065,1316,193049,2407,5237,539810
2018,April,4,08,Chenango,3514,6678,748029,1073,1328,195146,2441,5350,552883
2018,March,3,08,Chenango,3535,6731,755458,1085,1336,197223,2450,5395,558235
2018,February,2,08,Chenango,3517,6773,754335,1075,1333,195317,2442,5440,559018
2018,January,1,08,Chenango,3507,6726,748535,1070,1327,193468,2437,5399,555067
2017,December,12,08,Chenango,3443,6610,744245,1068,1329,194270,2375,5281,549975
2017,November,11,08,Chenango,3412,6509,737622,1061,1328,194571,2351,5181,543051
2017,October,10,08,Chenango,3378,6460,734591,1049,1308,192102,2329,5152,542489
2017,September,9,08,Chenango,3390,6502,732880,1076,1346,196099,2314,5156,536781
2017,August,8,08,Chenango,3411,6503,733761,1072,1339,194509,2339,5164,539252
2017,July,7,08,Chenango,3399,6536,737531,1063,1322,195164,2336,5214,542367
2017,June,6,08,Chenango,3456,6695,747130,1065,1344,195883,2391,5351,551247
2017,May,5,08,Chenango,3473,6737,753836,1080,1366,199070,2393,5371,554766
2017,April,4,08,Chenango,3522,6862,761849,1078,1366,196830,2444,5496,565019
2017,March,3,08,Chenango,3549,6959,774329,1071,1351,196779,2478,5608,577550
2017,February,2,08,Chenango,3581,7010,782227,1089,1376,199122,2492,5634,583105
2017,January,1,08,Chenango,3598,7003,780197,1109,1418,201624,2489,5585,578573
2016,December,12,08,Chenango,3541,6858,766425,1086,1389,199611,2455,5469,566814
2016,November,11,08,Chenango,3479,6707,762535,1060,1373,204544,2419,5334,557991
2016,October,10,08,Chenango,3474,6736,756785,1062,1370,196639,2412,5366,560146
2016,September,9,08,Chenango,3500,6797,773698,1065,1386,197899,2435,5411,575799
2016,August,8,08,Chenango,3504,6791,781319,1084,1411,202933,2420,5380,578386
2016,July,7,08,Chenango,3527,6788,783557,1088,1419,204141,2439,5369,579416
2015,December,12,08,Chenango,3798,7409,874442,1098,1400,208110,2700,6009,666332
2015,November,11,08,Chenango,3769,7286,866048,1112,1421,213695,2657,5865,652353
2018,December,12,09,Clinton,6368,10523,1242163,2272,2747,422033,4096,7776,820130
2018,November,11,09,Clinton,6344,10457,1235976,2281,2762,422024,4063,7695,813952
2018,October,10,09,Clinton,6314,10416,1239914,2299,2793,425437,4015,7623,814477
2018,September,9,09,Clinton,6333,10445,1235119,2304,2787,423354,4029,7658,811765
2018,August,8,09,Clinton,6367,10534,1243231,2305,2796,424345,4062,7738,818886
2018,July,7,09,Clinton,6383,10560,1253450,2325,2811,424865,4058,7749,828585
2018,June,6,09,Clinton,6411,10628,1257494,2328,2818,422363,4083,7810,835131
2018,May,5,09,Clinton,6424,10664,1266606,2322,2813,427891,4102,7851,838715
2018,April,4,09,Clinton,6461,10766,1264894,2294,2771,418070,4167,7995,846824
2018,March,3,09,Clinton,6518,10907,1275295,2313,2796,423029,4205,8111,852266
2018,February,2,09,Clinton,6445,10872,1272535,2270,2764,415513,4175,8108,857022
2018,January,1,09,Clinton,6475,10902,1284842,2299,2785,424887,4176,8117,859955
2017,December,12,09,Clinton,6428,10854,1277890,2263,2756,416719,4165,8098,861171
2017,November,11,09,Clinton,6399,10767,1272019,2282,2786,421830,4117,7981,850189
2017,October,10,09,Clinton,6404,10781,1277822,2266,2772,418401,4138,8009,859421
2017,September,9,09,Clinton,6450,10878,1286718,2288,2821,425393,4162,8057,861325
2017,August,8,09,Clinton,6460,10921,1298819,2290,2827,426052,4170,8094,872767
2017,July,7,09,Clinton,6513,11016,1320829,2308,2853,432568,4205,8163,888261
2017,June,6,09,Clinton,6566,11127,1339985,2324,2888,437539,4242,8239,902446
2017,May,5,09,Clinton,6594,11175,1328380,2349,2910,437562,4245,8265,890818
2017,April,4,09,Clinton,6609,11223,1338662,2330,2879,434025,4279,8344,904637
2017,March,3,09,Clinton,6688,11379,1356422,2350,2893,436753,4338,8486,919669
2017,February,2,09,Clinton,6720,11478,1366535,2337,2871,430693,4383,8607,935842
2017,January,1,09,Clinton,6728,11469,1356545,2338,2905,433872,4390,8564,922673
2016,December,12,09,Clinton,6704,11466,1362805,2337,2918,438510,4367,8548,924295
2016,November,11,09,Clinton,6631,11262,1354867,2362,2934,448017,4269,8328,906850
2016,October,10,09,Clinton,6604,11208,1348510,2371,2938,439019,4233,8270,909491
2016,September,9,09,Clinton,6583,11167,1357836,2391,2993,450574,4192,8174,907262
2016,August,8,09,Clinton,6570,11150,1361413,2402,2999,452048,4168,8151,909365
2016,July,7,09,Clinton,6596,11216,1376277,2392,2982,448430,4204,8234,927847
2015,December,12,09,Clinton,6749,11526,1421030,2427,3073,466465,4322,8453,954565
2015,November,11,09,Clinton,6705,11494,1408155,2418,3068,463718,4287,8426,944437
2016,June,6,1,Albany,19035,35402,4440606,6580,9880,1451461,12455,25522,2989145
2016,May,5,1,Albany,19461,35989,4556144,6553,9830,1436910,12908,26159,3119234
2016,April,4,1,Albany,19473,36017,4558894,6516,9740,1427564,12957,26277,3131330
2016,March,3,1,Albany,19637,36402,4623716,6568,9860,1447343,13069,26542,3176373
2016,February,2,1,Albany,19534,36262,4610922,6594,9906,1461395,12940,26356,3149527
2016,January,1,1,Albany,19566,36295,4605704,6619,10014,1469229,12947,26281,3136475
2015,October,10,1,Albany,19815,36940,4753193,6691,10268,1518349,13124,26672,3234844
2015,September,9,1,Albany,19787,36865,4749436,6602,10113,1505125,13185,26752,3244311
2015,August,8,1,Albany,19788,36899,4776925,6607,10092,1511073,13181,26807,3265852
2015,July,7,1,Albany,19657,36757,4706482,6488,9972,1461095,13169,26785,3245387
2015,June,6,1,Albany,19676,36745,4700249,6515,9965,1466767,13161,26780,3233482
2015,May,5,1,Albany,19642,36840,4710928,6414,9865,1447170,13228,26975,3263758
2015,April,4,1,Albany,19481,36531,4673964,6365,9766,1433766,13116,26765,3240198
2015,March,3,1,Albany,19581,36721,4741024,6410,9898,1456992,13171,26823,3284032
2015,February,2,1,Albany,19477,36462,4731280,6361,9779,1446819,13116,26683,3284461
2015,January,1,1,Albany,19699,36833,4786479,6432,9913,1477893,13267,26920,3308586
2014,December,12,1,Albany,19701,36790,4833343,6057,8762,1346107,13644,28028,3487236
2014,November,11,1,Albany,19634,36704,4844606,6054,8828,1359097,13580,27876,3485509
2014,October,10,1,Albany,19880,37118,4944279,6102,8901,1385899,13778,28217,3558380
2014,September,9,1,Albany,19837,37057,4727254,6142,8925,1344389,13695,28132,3382865
2014,August,8,1,Albany,19895,37236,4779057,6129,8939,1347214,13766,28297,3431843
2014,July,7,1,Albany,19827,37019,4744135,6119,8896,1342013,13708,28123,3402122
2014,June,6,1,Albany,19760,36907,4730659,6080,8820,1330922,13680,28087,3399737
2014,May,5,1,Albany,19820,37003,4757879,6102,8808,1331037,13718,28195,3426842
2014,April,4,1,Albany,19781,37092,4747312,6117,8890,1338508,13664,28202,3408804
2014,March,3,1,Albany,19797,37075,4770626,6191,9013,1367994,13606,28062,3402632
2014,February,2,1,Albany,19558,36821,4695774,6144,9006,1351193,13414,27815,3344581
2014,January,1,1,Albany,19711,37062,4748973,6201,9108,1368206,13510,27954,3380767
2013,December,12,1,Albany,19844,37288,4806647,6296,9319,1413680,13548,27969,3392967
2013,November,11,1,Albany,20712,38261,5573677,6779,9866,1746311,13933,28395,3827366
2013,October,10,1,Albany,19943,37502,5187940,6281,9352,1501256,13662,28150,3686684
2013,September,9,1,Albany,19782,37366,5100732,6259,9359,1482034,13523,28007,3618698
2013,August,8,1,Albany,19715,37291,5075819,6248,9264,1471060,13467,28027,3604759
2013,July,7,1,Albany,19675,37275,5060993,6174,9128,1448901,13501,28147,3612092
2013,June,6,1,Albany,19579,36984,5025008,6184,9096,1444522,13395,27888,3580486
2013,May,5,1,Albany,19563,36972,5039940,6217,9184,1464803,13346,27788,3575137
2013,April,4,1,Albany,19429,36744,5000624,6196,9129,1450037,13233,27615,3550587
2013,March,3,1,Albany,19425,36779,5024461,6132,9068,1446745,13293,27711,3577716
2013,February,2,1,Albany,19124,36316,4944691,6078,9080,1441145,13046,27236,3503546
2013,January,1,1,Albany,19125,36297,4959622,6079,9011,1440854,13046,27286,3518768
2012,December,12,1,Albany,19043,36152,4960243,6051,8971,1440060,12992,27181,3520183
2012,November,11,1,Albany,19002,36046,4936487,6023,8893,1422642,12979,27153,3513845
2012,October,10,1,Albany,18992,36102,4959456,6001,8927,1435556,12991,27175,3523900
2012,September,9,1,Albany,18942,36050,4940831,5983,8842,1419519,12959,27208,3521312
2012,August,8,1,Albany,19025,36273,4969724,6006,8837,1423465,13019,27436,3546259
2012,July,7,1,Albany,18894,36116,4917019,5995,8810,1421846,12899,27306,3495173
2012,June,6,1,Albany,18982,36313,4957490,6010,8826,1432797,12972,27487,3524693
2012,May,5,1,Albany,18897,36165,4939234,5967,8770,1423495,12930,27395,3515739
2012,April,4,1,Albany,18850,36009,4917232,6034,8848,1432418,12816,27161,3484814
2012,March,3,1,Albany,18821,35960,5017407,6122,9015,1536436,12699,26945,3480971
2012,February,2,1,Albany,18577,35615,4859562,6064,8978,1454089,12513,26637,3405473
2012,January,1,1,Albany,18505,35545,4856679,6130,9113,1476419,12375,26432,3380260
2011,December,12,1,Albany,18518,35647,4951847,6164,9180,1505567,12354,26467,3446280
2011,November,11,1,Albany,18142,34910,4854844,6148,9114,1494008,11994,25796,3360836
2011,October,10,1,Albany,18104,34909,4868438,6121,9069,1489842,11983,25840,3378596
2011,September,9,1,Albany,17932,34500,4799929,6098,9044,1481815,11834,25456,3318114
2011,August,8,1,Albany,17830,34357,4769820,6088,9022,1483954,11742,25335,3285866
2011,July,7,1,Albany,17721,34131,4727642,6003,8868,1449771,11718,25263,3277871
2011,June,6,1,Albany,17576,33896,4709179,6007,8907,1460320,11569,24989,3248859
2011,May,5,1,Albany,17391,33554,4651758,5952,8845,1450468,11439,24709,3201290
2011,April,4,1,Albany,17320,33485,4653435,5923,8868,1454775,11397,24617,3198660
2011,March,3,1,Albany,17289,33450,4737492,5976,8938,1492630,11313,24512,3244862
2011,February,2,1,Albany,17096,33133,4673809,5951,8919,1484406,11145,24214,3189403
2011,January,1,1,Albany,17114,33112,4673774,5951,8955,1490423,11163,24157,3183351
2010,December,12,1,Albany,16988,32760,4650069,5955,8895,1487720,11033,23865,3162349
2010,November,11,1,Albany,16743,32316,4572264,5914,8832,1478973,10829,23484,3093291
2010,October,10,1,Albany,16686,32233,4575290,5972,8990,1495742,10714,23243,3079548
2010,September,9,1,Albany,16613,32089,4551510,5932,8934,1487594,10681,23155,3063916
2010,August,8,1,Albany,16424,31751,4533473,5895,8775,1466082,10529,22976,3067391
2010,July,7,1,Albany,16266,31409,4496629,5863,8642,1452840,10403,22767,3043789
2010,June,6,1,Albany,16054,30964,4420509,5832,8505,1453815,10222,22459,2966694
2010,May,5,1,Albany,15913,30836,4387753,5802,8515,1439239,10111,22321,2948514
2010,April,4,1,Albany,15877,30778,4400924,5787,8475,1437083,10090,22303,2963841
2010,March,3,1,Albany,15800,30641,4436515,5821,8574,1462306,9979,22067,2974209
2010,February,2,1,Albany,15520,30208,4441170,5813,8527,1447378,9707,21681,2993792
2010,January,1,1,Albany,15175,29480,4338844,5846,8551,1449108,9329,20929,2889736
2009,December,12,1,Albany,15203,29440,4317238,5861,8493,1458453,9342,20947,2858785
2009,November,11,1,Albany,14718,28602,4166196,5701,8304,1410174,9017,20298,2756022
2009,October,10,1,Albany,14695,28337,4175203,5642,8153,1391631,9053,20184,2783572
2009,September,9,1,Albany,14454,27763,4063489,5559,8019,1369661,8895,19744,2693828
2009,August,8,1,Albany,14244,27361,3992326,5586,8044,1371464,8658,19317,2620862
2009,July,7,1,Albany,14053,26938,3938581,5543,7911,1354151,8510,19027,2584430
2009,June,6,1,Albany,13758,26384,3872170,5463,7765,1328736,8295,18619,2543434
2009,May,5,1,Albany,13539,25993,3816296,5477,7849,1339062,8062,18144,2477234
2009,April,4,1,Albany,13433,25648,3771836,5509,7946,1351179,7924,17702,2420657
2009,March,3,1,Albany,13158,25167,3187768,5474,7936,1174033,7684,17231,2013735
2009,February,2,1,Albany,12881,24660,3132420,5481,7999,1182928,7400,16661,1949492
2009,January,1,1,Albany,12717,24351,2872828,5423,7937,1092599,7294,16414,1780229
2008,December,12,1,Albany,12468,23971,2903256,5349,7840,1087438,7119,16131,1815818
2008,November,11,1,Albany,12123,23425,2832117,5330,7855,1086319,6793,15570,1745798
2008,October,10,1,Albany,11992,23212,2809779,5251,7698,1060531,6741,15514,1749248
2008,September,9,1,Albany,11758,22714,2298757,5100,7437,815481,6658,15277,1483276
2008,August,8,1,Albany,11651,22477,2273417,5113,7428,813668,6538,15049,1459749
2008,July,7,1,Albany,11534,22241,2235534,5090,7368,803292,6444,14873,1432242
2008,June,6,1,Albany,11352,21841,2197914,5052,7251,796273,6300,14590,1401641
2008,May,5,1,Albany,11194,21473,2161007,5073,7313,802251,6121,14160,1358756
2008,April,4,1,Albany,11111,21296,2150193,5110,7323,814449,6001,13973,1335744
2008,March,3,1,Albany,11062,21223,2129879,5142,7398,819297,5920,13825,1310582
2008,February,2,1,Albany,10847,20870,2092719,5071,7372,813302,5776,13498,1279417
2008,January,1,1,Albany,10864,20899,2107815,5098,7470,827106,5766,13429,1280709
2007,December,12,1,Albany,10757,20837,2113478,5053,7434,827434,5704,13403,1286044
2007,November,11,1,Albany,10657,20640,2102428,5059,7463,833620,5598,13177,1268808
2007,October,10,1,Albany,10698,20635,2119455,5085,7519,841423,5613,13116,1278032
2007,September,9,1,Albany,10625,20499,1981255,4958,7334,773823,5667,13165,1207432
2007,August,8,1,Albany,10611,20452,1990133,4979,7363,782333,5632,13089,1207800
2007,July,7,1,Albany,10506,20150,1950215,4965,7303,770234,5541,12847,1179981
2007,June,6,1,Albany,10488,20167,1941337,4960,7272,767842,5528,12895,1173495
2007,May,5,1,Albany,10433,20131,1938678,4908,7192,758927,5525,12939,1179751
2007,April,4,1,Albany,10383,20027,1919717,4917,7249,756709,5466,12778,1163008
2007,March,3,1,Albany,10575,20418,1973987,4963,7330,771628,5612,13088,1202359
2007,February,2,1,Albany,10462,20172,1922797,4958,7312,755447,5504,12860,1167350
2007,January,1,1,Albany,10598,20543,1979208,4980,7431,775037,5618,13112,1204171
2006,December,12,1,Albany,10509,20425,1994443,4978,7455,786037,5531,12970,1208406
2006,November,11,1,Albany,10506,20488,2016797,4981,7441,802971,5525,13047,1213826
2006,October,10,1,Albany,10447,20410,1995100,4985,7500,788534,5462,12910,1206566
2006,September,9,1,Albany,10450,20489,1952391,4982,7492,778974,5468,12997,1173417
2006,August,8,1,Albany,10444,20531,1944318,4963,7449,774194,5481,13082,1170124
2006,July,7,1,Albany,10369,20361,1912201,4946,7378,755165,5423,12983,1157036
2006,June,6,1,Albany,10437,20495,1921758,4900,7292,743084,5537,13203,1178674
2006,May,5,1,Albany,10433,20530,1931308,4875,7190,733069,5558,13340,1198239
2006,April,4,1,Albany,10360,20385,1925927,4905,7316,754394,5455,13069,1171533
2006,March,3,1,Albany,10368,20397,1929888,4941,7380,768976,5427,13017,1160912
2006,February,2,1,Albany,10128,20010,1864673,4895,7417,759601,5233,12593,1105072
2006,January,1,1,Albany,10294,20431,1875420,4959,7597,759554,5335,12834,1115866
2005,December,12,1,Albany,10326,20704,1936211,5010,7826,804397,5316,12878,1131814
2005,November,11,1,Albany,10235,20445,1924024,5019,7870,804204,5216,12575,1119820
2005,October,10,1,Albany,10164,20354,1915258,5017,7901,813713,5147,12453,1101545
2005,September,9,1,Albany,10185,20389,1878658,5051,8012,803344,5134,12377,1075314
2005,August,8,1,Albany,10162,20356,1871158,5049,7994,806310,5113,12362,1064848
2005,July,7,1,Albany,10089,20374,1867348,5042,7984,801617,5047,12390,1065731
2005,June,6,1,Albany,10172,20407,1872117,5098,8044,802558,5074,12363,1069559
2005,May,5,1,Albany,10215,20371,1874057,5244,8251,814475,4971,12120,1059582
2005,April,4,1,Albany,10315,20459,1876791,5435,8515,836385,4880,11944,1040406
2005,March,3,1,Albany,10228,20274,1864530,5487,8662,849342,4741,11612,1015188
2005,February,2,1,Albany,10189,20246,1841494,5567,8833,856131,4622,11413,985363
2005,January,1,1,Albany,10154,20206,1823256,5577,8880,857911,4577,11326,965345
2004,December,12,1,Albany,10182,20157,1841101,5617,8977,874447,4565,11180,966654
2004,November,11,1,Albany,10008,20032,1826073,5521,8964,876667,4487,11068,949406
2004,October,10,1,Albany,9979,20102,1845198,5481,9018,894359,4498,11084,950839
2004,September,9,1,Albany,9817,19898,1701893,5306,8833,823802,4511,11065,878091
2004,August,8,1,Albany,9631,19773,1696950,5115,8649,812916,4516,11124,884034
2004,July,7,1,Albany,9579,19774,1703512,5000,8508,803317,4579,11266,900195
2004,June,6,1,Albany,9374,19509,1679369,4858,8413,801742,4516,11096,877627
2004,May,5,1,Albany,9315,19372,1682908,4866,8407,802658,4449,10965,880250
2004,April,4,1,Albany,9263,19199,1666057,4834,8402,802571,4429,10797,863486
2004,March,3,1,Albany,9136,19053,1655239,4820,8415,805590,4316,10638,849649
2004,February,2,1,Albany,9051,18981,1641939,4796,8469,813153,4255,10512,828786
2004,January,1,1,Albany,9136,19240,1664273,4838,8545,823823,4298,10695,840450
2003,December,12,1,Albany,8978,19090,1650489,4760,8486,812655,4218,10604,837834
2003,November,11,1,Albany,8940,18992,1650806,4765,8460,815584,4175,10532,835222
2003,October,10,1,Albany,9029,19151,1676303,4748,8385,818325,4281,10766,857978
2003,September,9,1,Albany,9014,18993,1623524,4764,8409,802743,4250,10584,820781
2003,August,8,1,Albany,9030,18955,1621773,4845,8513,812467,4185,10442,809306
2003,July,7,1,Albany,9106,19017,1627012,4819,8394,808263,4287,10623,818749
2003,June,6,1,Albany,9011,18769,1596829,4927,8571,823480,4084,10198,773349
2003,May,5,1,Albany,9050,18889,1618581,4958,8684,844998,4092,10205,773583
2003,April,4,1,Albany,8927,18674,1591692,4906,8528,824266,4021,10146,767426
2003,March,3,1,Albany,8890,18498,1584599,4959,8606,840207,3931,9892,744392
2003,February,2,1,Albany,8826,18310,1570873,4938,8553,833799,3888,9757,737074
2003,January,1,1,Albany,8831,18407,1576531,4937,8585,835719,3894,9822,740812
2002,December,12,1,Albany,8746,18137,1545494,4879,8494,821825,3867,9643,723669
2002,November,11,1,Albany,8700,18026,1549789,4913,8545,832378,3787,9481,717411
2002,October,10,1,Albany,8769,18065,1557204,4900,8446,821409,3869,9619,735795
2002,September,9,1,Albany,8738,17819,1468805,4817,8176,762963,3921,9643,705842
2002,August,8,1,Albany,8890,18033,1493967,5023,8511,793516,3867,9522,700451
2002,July,7,1,Albany,8750,17762,1470533,4943,8348,778601,3807,9414,691932
2002,June,6,1,Albany,8740,17702,1456657,4899,8205,759358,3841,9497,697299
2002,May,5,1,Albany,8659,17500,1448692,4878,8183,763500,3781,9317,685192
2002,April,4,1,Albany,8603,17363,1438730,4891,8209,767340,3712,9154,671390
2002,March,3,1,Albany,8707,17646,1472088,4942,8305,782555,3765,9341,689533
2002,February,2,1,Albany,8479,17306,1420320,4822,8194,766088,3657,9112,654232
2002,January,1,1,Albany,8598,17533,1451349,4885,8301,782692,3713,9232,668657
2018,December,12,10,Columbia,3286,5422,669894,1181,1527,230650,2105,3895,439244
2018,November,11,10,Columbia,3255,5378,667138,1187,1554,234751,2068,3824,432387
2018,October,10,10,Columbia,3255,5434,675631,1182,1552,239650,2073,3882,435981
2018,September,9,10,Columbia,3314,5483,679137,1207,1571,238499,2107,3912,440638
2018,August,8,10,Columbia,3320,5477,686989,1203,1560,239525,2117,3917,447464
2018,July,7,10,Columbia,3347,5531,683084,1199,1548,235110,2148,3983,447974
2018,June,6,10,Columbia,3371,5605,684983,1193,1543,232258,2178,4062,452725
2018,May,5,10,Columbia,3411,5671,693422,1194,1533,231889,2217,4138,461533
2018,April,4,10,Columbia,3425,5689,697606,1201,1536,233004,2224,4153,464602
2018,March,3,10,Columbia,3462,5762,715355,1213,1551,234021,2249,4211,481334
2018,February,2,10,Columbia,3466,5804,708242,1219,1565,235499,2247,4239,472743
2018,January,1,10,Columbia,3501,5862,717834,1226,1582,239733,2275,4280,478101
2017,December,12,10,Columbia,3482,5823,716496,1229,1572,238505,2253,4251,477991
2017,November,11,10,Columbia,3471,5806,724800,1240,1601,244579,2231,4205,480221
2017,October,10,10,Columbia,3447,5722,714574,1239,1586,241768,2208,4136,472806
2017,September,9,10,Columbia,3472,5776,731493,1250,1616,247958,2222,4160,483535
2017,August,8,10,Columbia,3474,5800,731656,1255,1628,246266,2219,4172,485390
2017,July,7,10,Columbia,3490,5855,730228,1263,1654,248026,2227,4201,482202
2017,June,6,10,Columbia,3553,5981,749428,1289,1702,257653,2264,4279,491775
2017,May,5,10,Columbia,3572,6021,754636,1290,1700,262312,2282,4321,492324
2017,April,4,10,Columbia,3593,6060,749966,1312,1766,263708,2281,4294,486258
2017,March,3,10,Columbia,3640,6182,775605,1328,1792,270445,2312,4390,505160
2017,February,2,10,Columbia,3668,6234,772533,1331,1798,268387,2337,4436,504146
2017,January,1,10,Columbia,3682,6269,777173,1322,1803,269565,2360,4466,507608
2016,December,12,10,Columbia,3693,6300,792249,1318,1786,269593,2375,4514,522656
2016,November,11,10,Columbia,3616,6150,784420,1299,1751,269416,2317,4399,515004
2016,October,10,10,Columbia,3602,6137,780122,1294,1744,265174,2308,4393,514948
2016,September,9,10,Columbia,3578,6063,776141,1280,1706,258889,2298,4357,517252
2016,August,8,10,Columbia,3586,6111,783093,1307,1777,270701,2279,4334,512392
2016,July,7,10,Columbia,3601,6077,779468,1299,1754,263846,2302,4323,515622
2016,June,6,10,Columbia,3631,6139,791114,1316,1754,263048,2315,4385,528066
2016,May,5,10,Columbia,3669,6223,803483,1327,1769,267394,2342,4454,536089
2016,April,4,10,Columbia,3716,6309,813142,1338,1796,270521,2378,4513,542621
2016,March,3,10,Columbia,3749,6408,818803,1326,1777,270450,2423,4631,548353
2016,February,2,10,Columbia,3780,6470,837401,1332,1823,277613,2448,4647,559788
2016,January,1,10,Columbia,3740,6420,818324,1335,1842,278401,2405,4578,539923
2015,December,12,10,Columbia,3755,6379,817452,1335,1830,277244,2420,4549,540208
2015,November,11,10,Columbia,3694,6286,805312,1305,1771,272469,2389,4515,532843
2015,October,10,10,Columbia,3732,6342,820338,1317,1783,273803,2415,4559,546535
2015,September,9,10,Columbia,3728,6332,818986,1331,1774,270678,2397,4558,548308
2015,August,8,10,Columbia,3770,6385,826438,1337,1790,273994,2433,4595,552444
2015,July,7,10,Columbia,3757,6388,806289,1330,1778,267494,2427,4610,538795
2015,June,6,10,Columbia,3784,6490,819257,1339,1819,271021,2445,4671,548236
2015,May,5,10,Columbia,3791,6503,832344,1354,1824,274461,2437,4679,557883
2015,April,4,10,Columbia,3780,6497,830819,1354,1837,275275,2426,4660,555544
2015,March,3,10,Columbia,3809,6575,841553,1362,1867,279999,2447,4708,561554
2015,February,2,10,Columbia,3786,6509,826263,1386,1900,285587,2400,4609,540676
2015,January,1,10,Columbia,3801,6613,839134,1377,1905,284670,2424,4708,554464
2014,December,12,10,Columbia,3776,6543,848120,1270,1676,261412,2506,4867,586708
2014,November,11,10,Columbia,3765,6543,847253,1246,1637,257163,2519,4906,590090
2014,October,10,10,Columbia,3762,6535,860064,1240,1634,258126,2522,4901,601938
2014,September,9,10,Columbia,3757,6521,831565,1230,1619,251800,2527,4902,579765
2014,August,8,10,Columbia,3770,6586,844329,1233,1643,256460,2537,4943,587869
2014,July,7,10,Columbia,3807,6639,851815,1234,1650,258045,2573,4989,593770
2014,June,6,10,Columbia,3819,6656,854736,1241,1637,256633,2578,5019,598103
2014,May,5,10,Columbia,3843,6729,875063,1248,1657,260708,2595,5072,614355
2014,April,4,10,Columbia,3856,6721,877765,1273,1688,265950,2583,5033,611815
2014,March,3,10,Columbia,3805,6676,883643,1279,1708,270677,2526,4968,612966
2014,February,2,10,Columbia,3735,6551,855026,1258,1669,262520,2477,4882,592506
2014,January,1,10,Columbia,3677,6478,863765,1255,1665,266243,2422,4813,597522
2013,December,12,10,Columbia,3605,6314,823626,1218,1601,253602,2387,4713,570024
2013,November,11,10,Columbia,3621,6340,876618,1229,1623,269725,2392,4717,606893
2013,October,10,10,Columbia,3584,6298,872779,1212,1619,271752,2372,4679,601027
2013,September,9,10,Columbia,3576,6270,866961,1224,1647,271038,2352,4623,595923
2013,August,8,10,Columbia,3601,6321,871590,1212,1629,271597,2389,4692,599993
2013,July,7,10,Columbia,3584,6275,855597,1200,1598,262837,2384,4677,592760
2013,June,6,10,Columbia,3621,6324,860377,1210,1594,264211,2411,4730,596166
2013,May,5,10,Columbia,3664,6367,871808,1226,1612,268554,2438,4755,603254
2013,April,4,10,Columbia,3713,6468,901743,1241,1639,278073,2472,4829,623670
2013,March,3,10,Columbia,3677,6433,918045,1261,1659,282794,2416,4774,635251
2013,February,2,10,Columbia,3576,6262,868350,1230,1621,274798,2346,4641,593552
2013,January,1,10,Columbia,3546,6237,859227,1216,1611,272777,2330,4626,586450
2012,December,12,10,Columbia,3547,6200,862459,1208,1587,268906,2339,4613,593553
2012,November,11,10,Columbia,3497,6113,845895,1207,1580,266359,2290,4533,579536
2012,October,10,10,Columbia,3490,6126,852652,1201,1548,259000,2289,4578,593652
2012,September,9,10,Columbia,3456,6089,841296,1184,1546,257474,2272,4543,583822
2012,August,8,10,Columbia,3499,6175,860368,1181,1547,260988,2318,4628,599380
2012,July,7,10,Columbia,3463,6126,855361,1173,1518,257569,2290,4608,597792
2012,June,6,10,Columbia,3472,6162,861491,1184,1561,260660,2288,4601,600831
2012,May,5,10,Columbia,3445,6116,852792,1194,1591,265982,2251,4525,586810
2012,April,4,10,Columbia,3432,6111,849311,1183,1580,265475,2249,4531,583836
2012,March,3,10,Columbia,3388,6058,878617,1186,1582,281580,2202,4476,597037
2012,February,2,10,Columbia,3345,6018,849512,1165,1546,261417,2180,4472,588095
2012,January,1,10,Columbia,3282,5838,827384,1175,1566,270027,2107,4272,557357
2011,December,12,10,Columbia,3239,5839,836543,1165,1558,263373,2074,4281,573170
2011,November,11,10,Columbia,3213,5763,846538,1165,1558,264395,2048,4205,582143
2011,October,10,10,Columbia,3169,5684,818190,1168,1574,264673,2001,4110,553517
2011,September,9,10,Columbia,3179,5688,811384,1181,1609,268233,1998,4079,543151
2011,August,8,10,Columbia,3185,5668,816387,1203,1612,276078,1982,4056,540309
2011,July,7,10,Columbia,3159,5647,819012,1206,1629,276733,1953,4018,542279
2011,June,6,10,Columbia,3144,5619,836547,1191,1615,279543,1953,4004,557004
2011,May,5,10,Columbia,3102,5539,822290,1200,1616,280865,1902,3923,541425
2011,April,4,10,Columbia,3049,5477,866346,1187,1599,292381,1862,3878,573965
2011,March,3,10,Columbia,2980,5323,855825,1183,1583,291266,1797,3740,564559
2011,February,2,10,Columbia,2901,5153,800686,1164,1532,277341,1737,3621,523345
2011,January,1,10,Columbia,2869,5123,776533,1150,1519,270042,1719,3604,506491
2010,December,12,10,Columbia,2804,4970,738744,1143,1508,262478,1661,3462,476266
2010,November,11,10,Columbia,2831,5029,790505,1150,1528,282919,1681,3501,507586
2010,October,10,10,Columbia,2742,4870,749759,1135,1506,270183,1607,3364,479576
2010,September,9,10,Columbia,2712,4868,715358,1094,1454,248143,1618,3414,467215
2010,August,8,10,Columbia,2711,4869,726214,1094,1462,257546,1617,3407,468668
2010,July,7,10,Columbia,2711,4843,719344,1102,1449,255156,1609,3394,464188
2010,June,6,10,Columbia,2637,4726,710664,1084,1429,255558,1553,3297,455106
2010,May,5,10,Columbia,2560,4600,684729,1035,1368,241059,1525,3232,443670
2010,April,4,10,Columbia,2540,4572,690316,1043,1398,249063,1497,3174,441253
2010,March,3,10,Columbia,2517,4550,680270,1022,1373,239025,1495,3177,441245
2010,February,2,10,Columbia,2468,4465,663802,1028,1363,245241,1440,3102,418561
2010,January,1,10,Columbia,2434,4363,630227,989,1291,221803,1445,3072,408424
2009,December,12,10,Columbia,2436,4371,624252,988,1287,218290,1448,3084,405962
2009,November,11,10,Columbia,2424,4303,629565,1008,1310,221684,1416,2993,407881
2009,October,10,10,Columbia,2428,4308,625502,993,1281,220258,1435,3027,405244
2009,September,9,10,Columbia,2392,4234,606633,984,1277,217596,1408,2957,389037
2009,August,8,10,Columbia,2402,4256,627980,993,1293,221622,1409,2963,406358
2009,July,7,10,Columbia,2384,4220,622258,978,1257,213963,1406,2963,408295
2009,June,6,10,Columbia,2317,4084,597730,954,1230,207875,1363,2854,389855
2009,May,5,10,Columbia,2312,4061,594112,968,1257,213711,1344,2804,380401
2009,April,4,10,Columbia,2264,4014,585296,942,1231,210280,1322,2783,375016
2009,March,3,10,Columbia,2186,3881,490619,901,1164,174845,1285,2717,315774
2009,February,2,10,Columbia,2099,3737,472248,868,1120,168665,1231,2617,303583
2009,January,1,10,Columbia,2005,3583,413012,838,1094,148756,1167,2489,264256
2008,December,12,10,Columbia,1941,3446,402078,820,1064,145959,1121,2382,256119
2008,November,11,10,Columbia,1912,3384,404700,823,1053,142423,1089,2331,262277
2008,October,10,10,Columbia,1897,3346,401694,827,1076,143774,1070,2270,257920
2008,September,9,10,Columbia,1833,3222,321152,799,1024,113310,1034,2198,207842
2008,August,8,10,Columbia,1817,3185,313145,799,1019,110646,1018,2166,202499
2008,July,7,10,Columbia,1828,3219,312484,798,1034,110912,1030,2185,201572
2008,June,6,10,Columbia,1827,3212,309778,790,1012,108674,1037,2200,201104
2008,May,5,10,Columbia,1853,3257,318008,787,1016,110115,1066,2241,207893
2008,April,4,10,Columbia,1816,3164,313639,784,1009,109138,1032,2155,204501
2008,March,3,10,Columbia,1826,3171,317041,801,1034,112532,1025,2137,204509
2008,February,2,10,Columbia,1751,3036,291351,792,1046,109874,959,1990,181477
2008,January,1,10,Columbia,1765,3049,302369,795,1040,112060,970,2009,190309
2007,December,12,10,Columbia,1726,2970,294006,792,1030,112314,934,1940,181692
2007,November,11,10,Columbia,1734,3019,295671,798,1037,111626,936,1982,184045
2007,October,10,10,Columbia,1735,2964,286841,798,1021,107648,937,1943,179193
2007,September,9,10,Columbia,1751,3017,278314,796,1016,101444,955,2001,176870
2007,August,8,10,Columbia,1734,2949,268148,776,968,94647,958,1981,173501
2007,July,7,10,Columbia,1761,3024,270841,797,987,95670,964,2037,175171
2007,June,6,10,Columbia,1774,3027,271265,812,1011,96760,962,2016,174505
2007,May,5,10,Columbia,1766,3074,277945,797,1029,100784,969,2045,177161
2007,April,4,10,Columbia,1773,3076,273952,808,1030,102824,965,2046,171128
2007,March,3,10,Columbia,1796,3154,276043,814,1029,98488,982,2125,177555
2007,February,2,10,Columbia,1773,3124,275309,818,1049,98250,955,2075,177059
2007,January,1,10,Columbia,1755,3094,282518,808,1024,99888,947,2070,182630
2006,December,12,10,Columbia,1737,3015,274637,805,1007,98964,932,2008,175673
2006,November,11,10,Columbia,1704,2950,268389,795,1010,99851,909,1940,168538
2006,October,10,10,Columbia,1729,2976,269208,800,1032,101375,929,1944,167833
2006,September,9,10,Columbia,1749,2987,259640,807,1045,98492,942,1942,161148
2006,August,8,10,Columbia,1756,2968,262514,816,1052,100439,940,1916,162075
2006,July,7,10,Columbia,1742,2950,257642,805,1031,97082,937,1919,160560
2006,June,6,10,Columbia,1783,3075,273869,812,1037,98531,971,2038,175338
2006,May,5,10,Columbia,1793,3107,278445,822,1071,103665,971,2036,174780
2006,April,4,10,Columbia,1746,3046,270956,791,1015,99335,955,2031,171621
2006,March,3,10,Columbia,1777,3132,285519,797,1028,102510,980,2104,183009
2006,February,2,10,Columbia,1735,3072,278646,800,1038,101733,935,2034,176913
2006,January,1,10,Columbia,1735,3114,276961,807,1050,100864,928,2064,176097
2005,December,12,10,Columbia,1723,3078,285114,813,1061,107969,910,2017,177145
2005,November,11,10,Columbia,1688,3016,279422,804,1045,105076,884,1971,174346
2005,October,10,10,Columbia,1691,3013,277344,805,1064,105960,886,1949,171384
2005,September,9,10,Columbia,1698,3026,266703,802,1070,101866,896,1956,164837
2005,August,8,10,Columbia,1719,3038,279193,814,1102,110361,905,1936,168832
2005,July,7,10,Columbia,1722,3039,273384,796,1066,103678,926,1973,169706
2005,June,6,10,Columbia,1769,3112,278810,822,1094,106589,947,2018,172221
2005,May,5,10,Columbia,1801,3182,283890,837,1110,107156,964,2072,176734
2005,April,4,10,Columbia,1839,3259,287749,862,1127,104343,977,2132,183406
2005,March,3,10,Columbia,1843,3268,289145,851,1091,99071,992,2177,190074
2005,February,2,10,Columbia,1823,3248,280738,882,1150,106515,941,2098,174223
2005,January,1,10,Columbia,1795,3167,275284,882,1136,103692,913,2031,171592
2004,December,12,10,Columbia,1787,3149,273126,883,1146,105531,904,2003,167595
2004,November,11,10,Columbia,1732,3045,269827,854,1105,102388,878,1940,167439
2004,October,10,10,Columbia,1681,2980,265761,825,1103,104746,856,1877,161015
2004,September,9,10,Columbia,1626,2932,241789,773,1050,93030,853,1882,148759
2004,August,8,10,Columbia,1603,2901,240578,747,1007,92145,856,1894,148433
2004,July,7,10,Columbia,1603,2956,244076,728,1009,93898,875,1947,150178
2004,June,6,10,Columbia,1592,2976,252920,690,991,96868,902,1985,156052
2004,May,5,10,Columbia,1615,3041,256024,696,1008,98764,919,2033,157260
2004,April,4,10,Columbia,1608,3016,261734,701,1000,101951,907,2016,159783
2004,March,3,10,Columbia,1594,2998,257801,674,936,94060,920,2062,163741
2004,February,2,10,Columbia,1541,2851,234905,644,883,84957,897,1968,149948
2004,January,1,10,Columbia,1565,2936,246566,668,940,90977,897,1996,155589
2003,December,12,10,Columbia,1520,2815,238083,659,933,91208,861,1882,146875
2003,November,11,10,Columbia,1515,2825,237878,662,939,91946,853,1886,145932
2003,October,10,10,Columbia,1527,2813,241467,684,934,94143,843,1879,147324
2003,September,9,10,Columbia,1508,2793,237968,659,916,90464,849,1877,147504
2003,August,8,10,Columbia,1470,2714,225933,633,885,85205,837,1829,140728
2003,July,7,10,Columbia,1472,2689,225932,628,881,84350,844,1808,141582
2003,June,6,10,Columbia,1482,2699,234159,625,868,84575,857,1831,149584
2003,May,5,10,Columbia,1492,2689,229706,640,886,85905,852,1803,143801
2003,April,4,10,Columbia,1476,2678,226510,630,875,86452,846,1803,140058
2003,March,3,10,Columbia,1503,2714,233794,645,867,85790,858,1847,148004
2003,February,2,10,Columbia,1446,2597,222572,610,807,77778,836,1790,144794
2003,January,1,10,Columbia,1446,2625,227792,620,848,83971,826,1777,143821
2002,December,12,10,Columbia,1446,2589,221824,638,858,84561,808,1731,137263
2002,November,11,10,Columbia,1395,2489,210169,606,817,78147,789,1672,132022
2002,October,10,10,Columbia,1413,2528,217732,614,833,79676,799,1695,138056
2002,September,9,10,Columbia,1382,2478,192581,606,843,71521,776,1635,121060
2002,August,8,10,Columbia,1375,2477,189076,609,855,73710,766,1622,115366
2002,July,7,10,Columbia,1395,2549,193660,609,873,75369,786,1676,118291
2002,June,6,10,Columbia,1408,2566,194243,611,868,75837,797,1698,118406
2002,May,5,10,Columbia,1396,2534,192465,598,847,73135,798,1687,119330
2002,April,4,10,Columbia,1410,2546,196462,622,886,80436,788,1660,116026
2002,March,3,10,Columbia,1411,2526,200019,622,856,78868,789,1670,121151
2002,February,2,10,Columbia,1357,2466,193194,586,808,72455,771,1658,120739
2002,January,1,10,Columbia,1365,2521,196052,584,815,72726,781,1706,123326
2018,December,12,11,Cortland,3223,5832,696325,1027,1349,215503,2196,4483,480822
2018,November,11,11,Cortland,3198,5767,687518,1023,1333,210820,2175,4434,476698
2018,October,10,11,Cortland,3195,5756,693496,1036,1353,213323,2159,4403,480173
2018,September,9,11,Cortland,3222,5797,696853,1044,1370,213852,2178,4427,483001
2018,August,8,11,Cortland,3229,5821,702923,1057,1399,220192,2172,4422,482731
2018,July,7,11,Cortland,3264,5828,697050,1072,1423,221445,2192,4405,475605
2018,June,6,11,Cortland,3318,5976,713822,1090,1458,226890,2228,4518,486932
2018,May,5,11,Cortland,3327,5996,717267,1093,1466,228463,2234,4530,488804
2018,April,4,11,Cortland,3383,6162,726196,1095,1485,227403,2288,4677,498793
2018,March,3,11,Cortland,3420,6261,735179,1114,1526,234143,2306,4735,501036
2018,February,2,11,Cortland,3382,6212,721790,1108,1519,232506,2274,4693,489284
2018,January,1,11,Cortland,3438,6314,738075,1099,1525,233880,2339,4789,504195
2017,December,12,11,Cortland,3411,6256,737183,1090,1489,232520,2321,4767,504663
2017,November,11,11,Cortland,3382,6228,734010,1078,1461,228526,2304,4767,505484
2017,October,10,11,Cortland,3386,6238,740692,1075,1447,227340,2311,4791,513352
2017,September,9,11,Cortland,3399,6250,746571,1074,1443,225709,2325,4807,520862
2017,August,8,11,Cortland,3382,6200,737207,1058,1417,223142,2324,4783,514065
2017,July,7,11,Cortland,3361,6153,726333,1062,1440,222917,2299,4713,503416
2017,June,6,11,Cortland,3423,6292,744155,1078,1460,223607,2345,4832,520548
2017,May,5,11,Cortland,3461,6351,753902,1090,1499,230934,2371,4852,522968
2017,April,4,11,Cortland,3467,6369,755474,1121,1551,240433,2346,4818,515041
2017,March,3,11,Cortland,3533,6497,764966,1119,1534,236658,2414,4963,528308
2017,February,2,11,Cortland,3509,6462,761879,1112,1537,235156,2397,4925,526723
2017,January,1,11,Cortland,3516,6462,765575,1118,1535,237547,2398,4927,528028
2016,December,12,11,Cortland,3490,6368,759233,1108,1522,233910,2382,4846,525323
2016,November,11,11,Cortland,3493,6360,763499,1104,1531,236768,2389,4829,526731
2016,October,10,11,Cortland,3478,6355,766337,1107,1538,237094,2371,4817,529243
2016,September,9,11,Cortland,3511,6421,774385,1115,1545,237856,2396,4876,536529
2016,August,8,11,Cortland,3512,6431,782069,1128,1562,241174,2384,4869,540895
2016,July,7,11,Cortland,3502,6359,771596,1122,1559,238095,2380,4800,533501
2016,June,6,11,Cortland,3517,6378,772479,1124,1545,236142,2393,4833,536337
2016,May,5,11,Cortland,3564,6444,786507,1143,1578,242405,2421,4866,544102
2016,April,4,11,Cortland,3675,6625,812233,1165,1620,247083,2510,5005,565150
2016,March,3,11,Cortland,3728,6706,826243,1164,1631,247969,2564,5075,578274
2016,February,2,11,Cortland,3717,6743,834666,1178,1667,255229,2539,5076,579437
2016,January,1,11,Cortland,3718,6715,828377,1186,1663,255398,2532,5052,572979
2015,December,12,11,Cortland,3724,6694,826932,1172,1655,252086,2552,5039,574846
2015,November,11,11,Cortland,3693,6648,826446,1163,1643,250482,2530,5005,575964
2015,October,10,11,Cortland,3749,6692,838470,1196,1686,258091,2553,5006,580379
2015,September,9,11,Cortland,3716,6661,826432,1169,1645,251890,2547,5016,574542
2015,August,8,11,Cortland,3705,6678,832113,1158,1628,252901,2547,5050,579212
2015,July,7,11,Cortland,3750,6804,839431,1165,1662,256377,2585,5142,583054
2015,June,6,11,Cortland,3765,6874,848453,1146,1618,248925,2619,5256,599528
2015,May,5,11,Cortland,3791,6940,857677,1151,1609,247230,2640,5331,610447
2015,April,4,11,Cortland,3821,7020,867886,1153,1604,246436,2668,5416,621450
2015,March,3,11,Cortland,3847,7040,874342,1190,1662,256485,2657,5378,617857
2015,February,2,11,Cortland,3832,7010,867998,1201,1687,261399,2631,5323,606599
2015,January,1,11,Cortland,3868,7090,873326,1202,1695,259215,2666,5395,614111
2014,December,12,11,Cortland,3820,7006,878426,1077,1408,224193,2743,5598,654233
2014,November,11,11,Cortland,3820,7004,877510,1090,1433,226490,2730,5571,651020
2014,October,10,11,Cortland,3773,6960,874087,1102,1461,232618,2671,5499,641469
2014,September,9,11,Cortland,3777,6994,836033,1063,1392,212092,2714,5602,623941
2014,August,8,11,Cortland,3787,7054,840065,1077,1415,217868,2710,5639,622197
2014,July,7,11,Cortland,3795,7111,851354,1081,1437,223491,2714,5674,627863
2014,June,6,11,Cortland,3812,7142,855435,1085,1481,226326,2727,5661,629109
2014,May,5,11,Cortland,3868,7273,876412,1115,1538,236290,2753,5735,640122
2014,April,4,11,Cortland,3896,7312,881169,1137,1552,240251,2759,5760,640918
2014,March,3,11,Cortland,3942,7386,898131,1121,1526,236845,2821,5860,661286
2014,February,2,11,Cortland,3939,7415,894171,1114,1512,234345,2825,5903,659826
2014,January,1,11,Cortland,3985,7509,902156,1118,1508,233441,2867,6001,668715
2013,December,12,11,Cortland,3931,7422,892504,1099,1482,228652,2832,5940,663852
2013,November,11,11,Cortland,4126,7637,1124378,1140,1530,282408,2986,6107,841970
2013,October,10,11,Cortland,3922,7465,966946,1077,1472,238017,2845,5993,728929
2013,September,9,11,Cortland,3892,7372,937680,1071,1466,234402,2821,5906,703278
2013,August,8,11,Cortland,3842,7304,931750,1047,1410,226917,2795,5894,704833
2013,July,7,11,Cortland,3810,7254,920315,1029,1374,220900,2781,5880,699415
2013,June,6,11,Cortland,3845,7350,931842,1027,1372,222754,2818,5978,709088
2013,May,5,11,Cortland,3840,7340,935808,1021,1372,222282,2819,5968,713526
2013,April,4,11,Cortland,3859,7391,929629,1035,1395,227103,2824,5996,702526
2013,March,3,11,Cortland,3872,7442,944548,1073,1461,238973,2799,5981,705575
2013,February,2,11,Cortland,3857,7447,940054,1083,1487,239317,2774,5960,700737
2013,January,1,11,Cortland,3851,7417,933758,1067,1452,234310,2784,5965,699448
2012,December,12,11,Cortland,3814,7334,925723,1066,1444,233708,2748,5890,692015
2012,November,11,11,Cortland,3783,7260,923907,1072,1443,235947,2711,5817,687960
2012,October,10,11,Cortland,3740,7156,919043,1058,1417,232162,2682,5739,686881
2012,September,9,11,Cortland,3753,7224,926461,1042,1420,231576,2711,5804,694885
2012,August,8,11,Cortland,3767,7280,935841,1025,1405,229325,2742,5875,706516
2012,July,7,11,Cortland,3702,7167,914462,1036,1437,232631,2666,5730,681831
2012,June,6,11,Cortland,3680,7144,913466,1013,1408,228642,2667,5736,684824
2012,May,5,11,Cortland,3685,7161,912255,1010,1391,225674,2675,5770,686581
2012,April,4,11,Cortland,3682,7187,910157,1060,1483,240850,2622,5704,669307
2012,March,3,11,Cortland,3685,7154,921880,1064,1483,244827,2621,5671,677053
2012,February,2,11,Cortland,3666,7138,908559,1082,1508,245417,2584,5630,663142
2012,January,1,11,Cortland,3679,7146,909759,1081,1513,245472,2598,5633,664287
2011,December,12,11,Cortland,3637,7033,913583,1075,1512,249274,2562,5521,664309
2011,November,11,11,Cortland,3569,6946,901271,1061,1465,243982,2508,5481,657289
2011,October,10,11,Cortland,3585,6936,901180,1061,1446,241226,2524,5490,659954
2011,September,9,11,Cortland,3572,6950,893368,1054,1451,239819,2518,5499,653549
2011,August,8,11,Cortland,3585,6976,900050,1042,1436,234788,2543,5540,665262
2011,July,7,11,Cortland,3573,6976,892491,1043,1448,235979,2530,5528,656512
2011,June,6,11,Cortland,3581,6998,891360,1026,1421,232027,2555,5577,659333
2011,May,5,11,Cortland,3545,6955,882704,1041,1454,235518,2504,5501,647186
2011,April,4,11,Cortland,3513,6904,874820,1047,1454,238448,2466,5450,636372
2011,March,3,11,Cortland,3523,6953,902428,1036,1450,241819,2487,5503,660609
2011,February,2,11,Cortland,3484,6905,896273,1019,1410,234460,2465,5495,661813
2011,January,1,11,Cortland,3464,6848,889129,1023,1396,233181,2441,5452,655948
2010,December,12,11,Cortland,3478,6875,898607,1023,1399,234859,2455,5476,663748
2010,November,11,11,Cortland,3423,6799,885346,1002,1374,231152,2421,5425,654194
2010,October,10,11,Cortland,3379,6746,880381,1004,1378,231157,2375,5368,649224
2010,September,9,11,Cortland,3379,6794,888756,999,1375,231035,2380,5419,657721
2010,August,8,11,Cortland,3362,6779,893375,1012,1420,234648,2350,5359,658727
2010,July,7,11,Cortland,3336,6734,889684,980,1356,225540,2356,5378,664144
2010,June,6,11,Cortland,3268,6641,871968,973,1342,223973,2295,5299,647995
2010,May,5,11,Cortland,3216,6547,859172,976,1357,228700,2240,5190,630472
2010,April,4,11,Cortland,3245,6575,870812,1014,1436,241447,2231,5139,629365
2010,March,3,11,Cortland,3256,6663,881559,1038,1475,247703,2218,5188,633856
2010,February,2,11,Cortland,3224,6543,874021,1030,1468,246562,2194,5075,627459
2010,January,1,11,Cortland,3217,6537,874684,1020,1442,243354,2197,5095,631330
2009,December,12,11,Cortland,3187,6447,847704,1037,1492,248778,2150,4955,598926
2009,November,11,11,Cortland,3135,6368,846324,1029,1458,244854,2106,4910,601470
2009,October,10,11,Cortland,3094,6312,845426,1013,1429,240517,2081,4883,604909
2009,September,9,11,Cortland,3050,6161,823374,1007,1400,233379,2043,4761,589995
2009,August,8,11,Cortland,3004,6059,816664,991,1356,230604,2013,4703,586060
2009,July,7,11,Cortland,2990,5979,811502,977,1351,229116,2013,4628,582386
2009,June,6,11,Cortland,2906,5790,793813,985,1362,232852,1921,4428,560961
2009,May,5,11,Cortland,2874,5785,796731,957,1312,225933,1917,4473,570798
2009,April,4,11,Cortland,2826,5694,783949,959,1324,223750,1867,4370,560199
2009,March,3,11,Cortland,2783,5526,664139,954,1308,194155,1829,4218,469984
2009,February,2,11,Cortland,2725,5458,649820,958,1301,192827,1767,4157,456993
2009,January,1,11,Cortland,2663,5354,585382,936,1263,166435,1727,4091,418947
2008,December,12,11,Cortland,2582,5158,573998,909,1216,163819,1673,3942,410179
2008,November,11,11,Cortland,2535,5074,567659,905,1197,161607,1630,3877,406052
2008,October,10,11,Cortland,2449,4901,545501,880,1161,155115,1569,3740,390386
2008,September,9,11,Cortland,2397,4775,454673,861,1148,124340,1536,3627,330333
2008,August,8,11,Cortland,2372,4734,449656,868,1174,127120,1504,3560,322536
2008,July,7,11,Cortland,2360,4688,448959,875,1199,131609,1485,3489,317350
2008,June,6,11,Cortland,2316,4604,434225,876,1190,129883,1440,3414,304342
2008,May,5,11,Cortland,2313,4573,435246,898,1216,133137,1415,3357,302109
2008,April,4,11,Cortland,2294,4552,434668,889,1211,132421,1405,3341,302247
2008,March,3,11,Cortland,2293,4580,435205,893,1224,133825,1400,3356,301380
2008,February,2,11,Cortland,2268,4528,431445,902,1234,136574,1366,3294,294871
2008,January,1,11,Cortland,2271,4577,433106,888,1220,134523,1383,3357,298583
2007,December,12,11,Cortland,2251,4515,435755,892,1212,135607,1359,3303,300148
2007,November,11,11,Cortland,2216,4431,427336,888,1200,132122,1328,3231,295214
2007,October,10,11,Cortland,2226,4437,423514,880,1188,130094,1346,3249,293420
2007,September,9,11,Cortland,2202,4377,394258,875,1184,121399,1327,3193,272859
2007,August,8,11,Cortland,2181,4323,396587,877,1195,121660,1304,3128,274927
2007,July,7,11,Cortland,2191,4306,391757,905,1222,125091,1286,3084,266666
2007,June,6,11,Cortland,2189,4288,389173,926,1258,130225,1263,3030,258948
2007,May,5,11,Cortland,2190,4316,392892,927,1264,130008,1263,3052,262884
2007,April,4,11,Cortland,2194,4344,390924,917,1256,128138,1277,3088,262786
2007,March,3,11,Cortland,2229,4432,407437,932,1299,135352,1297,3133,272085
2007,February,2,11,Cortland,2199,4381,399236,922,1290,133079,1277,3091,266157
2007,January,1,11,Cortland,2201,4386,399218,928,1319,135640,1273,3067,263578
2006,December,12,11,Cortland,2205,4392,406053,934,1317,138852,1271,3075,267201
2006,November,11,11,Cortland,2214,4387,412236,915,1257,135087,1299,3130,277149
2006,October,10,11,Cortland,2169,4283,400990,923,1284,137233,1246,2999,263757
2006,September,9,11,Cortland,2176,4311,391305,916,1284,132283,1260,3027,259022
2006,August,8,11,Cortland,2201,4418,403674,928,1313,136064,1273,3105,267610
2006,July,7,11,Cortland,2194,4459,405309,917,1295,131849,1277,3164,273460
2006,June,6,11,Cortland,2206,4438,405704,903,1251,128741,1303,3187,276963
2006,May,5,11,Cortland,2175,4404,399915,895,1241,125960,1280,3163,273955
2006,April,4,11,Cortland,2176,4413,402155,905,1264,129350,1271,3149,272805
2006,March,3,11,Cortland,2182,4405,400314,909,1288,133383,1273,3117,266931
2006,February,2,11,Cortland,2154,4371,400318,912,1313,139676,1242,3058,260642
2006,January,1,11,Cortland,2142,4377,388019,899,1299,131658,1243,3078,256361
2005,December,12,11,Cortland,2118,4287,390968,887,1265,132065,1231,3022,258903
2005,November,11,11,Cortland,2061,4119,375044,883,1250,130098,1178,2869,244946
2005,October,10,11,Cortland,2027,4044,371086,881,1242,128632,1146,2802,242454
2005,September,9,11,Cortland,2025,4042,361713,875,1219,121336,1150,2823,240377
2005,August,8,11,Cortland,2055,4134,368251,870,1226,119994,1185,2908,248257
2005,July,7,11,Cortland,2022,4071,363807,865,1213,119682,1157,2858,244125
2005,June,6,11,Cortland,2027,4056,362979,869,1228,119174,1158,2828,243805
2005,May,5,11,Cortland,2035,4140,366379,859,1198,116296,1176,2942,250083
2005,April,4,11,Cortland,2064,4185,368167,891,1233,118307,1173,2952,249860
2005,March,3,11,Cortland,2087,4220,373396,910,1270,121695,1177,2950,251701
2005,February,2,11,Cortland,2083,4189,367327,930,1310,123608,1153,2879,243719
2005,January,1,11,Cortland,2076,4186,366758,938,1362,129502,1138,2824,237256
2004,December,12,11,Cortland,2059,4152,361975,936,1367,130101,1123,2785,231874
2004,November,11,11,Cortland,2023,4067,359052,915,1332,127111,1108,2735,231941
2004,October,10,11,Cortland,1991,4030,360945,904,1330,127389,1087,2700,233556
2004,September,9,11,Cortland,1951,3976,329798,848,1253,111911,1103,2723,217887
2004,August,8,11,Cortland,1880,3883,318459,795,1166,103675,1085,2717,214784
2004,July,7,11,Cortland,1864,3911,319673,780,1158,105453,1084,2753,214220
2004,June,6,11,Cortland,1846,3903,317674,754,1148,103462,1092,2755,214212
2004,May,5,11,Cortland,1845,3858,316395,762,1147,104024,1083,2711,212371
2004,April,4,11,Cortland,1830,3853,315935,754,1133,104398,1076,2720,211537
2004,March,3,11,Cortland,1824,3811,311354,763,1145,105655,1061,2666,205699
2004,February,2,11,Cortland,1834,3851,316710,770,1165,107380,1064,2686,209330
2004,January,1,11,Cortland,1849,3855,317099,767,1153,108778,1082,2702,208321
2003,December,12,11,Cortland,1806,3758,309726,748,1128,102539,1058,2630,207187
2003,November,11,11,Cortland,1760,3719,306526,723,1093,98768,1037,2626,207758
2003,October,10,11,Cortland,1771,3681,310860,736,1092,102239,1035,2589,208621
2003,September,9,11,Cortland,1750,3644,296013,727,1104,99411,1023,2540,196602
2003,August,8,11,Cortland,1758,3676,301516,724,1068,97125,1034,2608,204391
2003,July,7,11,Cortland,1763,3717,305182,717,1046,96013,1046,2671,209169
2003,June,6,11,Cortland,1768,3716,306000,721,1058,97959,1047,2658,208041
2003,May,5,11,Cortland,1787,3787,315582,731,1065,98525,1056,2722,217057
2003,April,4,11,Cortland,1744,3667,310583,727,1080,101243,1017,2587,209340
2003,March,3,11,Cortland,1727,3625,301030,731,1088,102754,996,2537,198276
2003,February,2,11,Cortland,1735,3666,304214,731,1097,103614,1004,2569,200600
2003,January,1,11,Cortland,1730,3665,300466,725,1111,102735,1005,2554,197731
2002,December,12,11,Cortland,1696,3570,296852,727,1103,103088,969,2467,193764
2002,November,11,11,Cortland,1669,3502,289015,734,1111,104209,935,2391,184806
2002,October,10,11,Cortland,1658,3447,290522,713,1066,101872,945,2381,188650
2002,September,9,11,Cortland,1640,3376,260612,706,1044,89441,934,2332,171171
2002,August,8,11,Cortland,1652,3415,262165,713,1051,89784,939,2364,172381
2002,July,7,11,Cortland,1681,3498,270329,736,1086,93190,945,2412,177139
2002,June,6,11,Cortland,1660,3444,268118,717,1037,90087,943,2407,178031
2002,May,5,11,Cortland,1667,3452,272610,700,1034,90119,967,2418,182491
2002,April,4,11,Cortland,1614,3345,262304,723,1081,95803,891,2264,166501
2002,March,3,11,Cortland,1646,3422,277430,713,1055,94888,933,2367,182542
2002,February,2,11,Cortland,1567,3267,256308,700,1051,93913,867,2216,162395
2002,January,1,11,Cortland,1577,3324,261077,704,1066,94950,873,2258,166127
2018,December,12,12,Delaware,2600,4663,517780,755,897,128378,1845,3766,389402
2018,November,11,12,Delaware,2596,4681,519113,747,883,126727,1849,3798,392386
2018,October,10,12,Delaware,2583,4656,518070,739,856,121497,1844,3800,396573
2018,September,9,12,Delaware,2597,4654,515349,755,872,123691,1842,3782,391658
2018,August,8,12,Delaware,2637,4742,537779,749,870,124972,1888,3872,412807
2018,July,7,12,Delaware,2668,4838,536480,749,874,123620,1919,3964,412860
2018,June,6,12,Delaware,2717,4920,549291,761,877,126026,1956,4043,423265
2018,May,5,12,Delaware,2756,5043,567887,778,910,129880,1978,4133,438007
2018,April,4,12,Delaware,2809,5191,583058,785,918,131067,2024,4273,451991
2018,March,3,12,Delaware,2868,5398,606902,793,932,132755,2075,4466,474147
2018,February,2,12,Delaware,2851,5403,605690,779,911,129318,2072,4492,476372
2018,January,1,12,Delaware,2866,5452,612903,774,911,129571,2092,4541,483332
2017,December,12,12,Delaware,2866,5436,612663,771,895,129294,2095,4541,483369
2017,November,11,12,Delaware,2841,5387,613230,774,901,130451,2067,4486,482779
2017,October,10,12,Delaware,2838,5369,619826,753,873,126368,2085,4496,493458
2017,September,9,12,Delaware,2856,5387,616493,756,878,126703,2100,4509,489790
2017,August,8,12,Delaware,2881,5470,631231,758,881,126334,2123,4589,504897
2017,July,7,12,Delaware,2929,5606,633502,765,886,125052,2164,4720,508450
2017,June,6,12,Delaware,2974,5705,647135,775,909,127289,2199,4796,519846
2017,May,5,12,Delaware,3005,5771,660270,788,924,131577,2217,4847,528693
2017,April,4,12,Delaware,3050,5906,679863,785,918,129277,2265,4988,550586
2017,March,3,12,Delaware,3094,5992,688476,800,942,132056,2294,5050,556420
2017,February,2,12,Delaware,3098,6069,696533,803,953,133953,2295,5116,562580
2017,January,1,12,Delaware,3126,6078,689705,814,963,134629,2312,5115,555076
2016,December,12,12,Delaware,3099,6003,678045,819,981,136783,2280,5022,541262
2016,November,11,12,Delaware,3045,5879,677824,815,976,143171,2230,4903,534653
2016,October,10,12,Delaware,3040,5887,683104,816,985,138488,2224,4902,544616
2016,September,9,12,Delaware,3040,5875,680599,827,991,138265,2213,4884,542334
2016,August,8,12,Delaware,3016,5793,674519,817,970,136300,2199,4823,538219
2016,July,7,12,Delaware,3048,5858,684071,834,990,140024,2214,4868,544047
2016,June,6,12,Delaware,3067,5917,691051,831,983,139998,2236,4934,551053
2016,May,5,12,Delaware,3111,6045,706962,840,1002,142813,2271,5043,564149
2016,April,4,12,Delaware,3120,6076,709262,843,1007,143423,2277,5069,565839
2016,March,3,12,Delaware,3141,6157,722881,835,992,143301,2306,5165,579580
2016,February,2,12,Delaware,3136,6142,721204,840,994,143010,2296,5148,578194
2016,January,1,12,Delaware,3155,6151,725671,854,1015,147353,2301,5136,578318
2015,December,12,12,Delaware,3157,6182,730851,855,1023,150793,2302,5159,580058
2015,November,11,12,Delaware,3116,6104,719879,850,1021,151474,2266,5083,568405
2015,October,10,12,Delaware,3171,6199,738613,851,1023,150057,2320,5176,588556
2015,September,9,12,Delaware,3218,6297,754072,860,1056,157227,2358,5241,596845
2015,August,8,12,Delaware,3234,6327,760141,868,1070,159047,2366,5257,601094
2015,July,7,12,Delaware,3281,6471,772121,884,1097,160812,2397,5374,611309
2015,June,6,12,Delaware,3281,6466,770100,897,1100,162191,2384,5366,607909
2015,May,5,12,Delaware,3319,6572,790751,888,1076,158657,2431,5496,632094
2015,April,4,12,Delaware,3334,6642,801856,908,1131,166383,2426,5511,635473
2015,March,3,12,Delaware,3344,6699,812222,899,1137,167461,2445,5562,644761
2015,February,2,12,Delaware,3344,6676,806415,908,1136,167199,2436,5540,639216
2015,January,1,12,Delaware,3353,6730,814703,906,1151,169021,2447,5579,645682
2014,December,12,12,Delaware,3360,6687,816775,830,971,142985,2530,5716,673790
2014,November,11,12,Delaware,3329,6616,804261,825,961,142785,2504,5655,661476
2014,October,10,12,Delaware,3378,6663,822747,832,952,142032,2546,5711,680715
2014,September,9,12,Delaware,3389,6704,799827,853,995,145301,2536,5709,654526
2014,August,8,12,Delaware,3339,6610,790226,844,996,148492,2495,5614,641734
2014,July,7,12,Delaware,3367,6665,806393,849,1014,152673,2518,5651,653720
2014,June,6,12,Delaware,3371,6665,806860,864,1029,156108,2507,5636,650752
2014,May,5,12,Delaware,3380,6701,806096,859,1028,153739,2521,5673,652357
2014,April,4,12,Delaware,3391,6760,817126,870,1037,156731,2521,5723,660395
2014,March,3,12,Delaware,3383,6744,817365,870,1024,155972,2513,5720,661393
2014,February,2,12,Delaware,3330,6665,804386,842,999,150771,2488,5666,653615
2014,January,1,12,Delaware,3377,6737,808280,848,1000,152948,2529,5737,655332
2013,December,12,12,Delaware,3325,6652,800170,828,967,148348,2497,5685,651822
2013,November,11,12,Delaware,3517,6789,1035489,881,1015,195730,2636,5774,839759
2013,October,10,12,Delaware,3274,6541,850303,842,976,159501,2432,5565,690802
2013,September,9,12,Delaware,3227,6413,821560,851,1001,158666,2376,5412,662894
2013,August,8,12,Delaware,3215,6441,824198,831,967,155746,2384,5474,668452
2013,July,7,12,Delaware,3171,6348,806466,811,929,149056,2360,5419,657410
2013,June,6,12,Delaware,3145,6315,808085,825,967,153664,2320,5348,654421
2013,May,5,12,Delaware,3188,6432,819131,836,971,154614,2352,5461,664517
2013,April,4,12,Delaware,3175,6375,814834,838,969,154888,2337,5406,659946
2013,March,3,12,Delaware,3186,6352,814383,863,1009,160841,2323,5343,653542
2013,February,2,12,Delaware,3129,6201,798241,848,975,157301,2281,5226,640940
2013,January,1,12,Delaware,3123,6160,789310,859,992,160289,2264,5168,629021
2012,December,12,12,Delaware,3058,6019,770206,867,1022,164972,2191,4997,605234
2012,November,11,12,Delaware,3011,5940,757050,831,983,156074,2180,4957,600976
2012,October,10,12,Delaware,2988,5900,752475,813,932,150360,2175,4968,602115
2012,September,9,12,Delaware,2942,5806,735978,787,908,147612,2155,4898,588366
2012,August,8,12,Delaware,2947,5838,748218,765,897,144979,2182,4941,603239
2012,July,7,12,Delaware,2925,5817,743610,777,931,151377,2148,4886,592233
2012,June,6,12,Delaware,2933,5848,750489,765,910,148534,2168,4938,601955
2012,May,5,12,Delaware,2941,5873,749550,774,944,151716,2167,4929,597834
2012,April,4,12,Delaware,2947,5895,750602,765,926,148760,2182,4969,601842
2012,March,3,12,Delaware,2976,5936,814912,777,947,172324,2199,4989,642588
2012,February,2,12,Delaware,2955,5920,761571,807,984,160555,2148,4936,601016
2012,January,1,12,Delaware,2946,5870,755098,815,969,158589,2131,4901,596509
2011,December,12,12,Delaware,2952,5900,764736,823,968,161780,2129,4932,602956
2011,November,11,12,Delaware,2947,5849,761437,827,975,162439,2120,4874,598998
2011,October,10,12,Delaware,2931,5829,763770,820,970,161488,2111,4859,602282
2011,September,9,12,Delaware,2919,5824,775859,791,932,156453,2128,4892,619406
2011,August,8,12,Delaware,2872,5743,733880,790,923,151249,2082,4820,582631
2011,July,7,12,Delaware,2873,5765,738613,783,925,151547,2090,4840,587066
2011,June,6,12,Delaware,2849,5723,725120,791,937,152352,2058,4786,572768
2011,May,5,12,Delaware,2875,5802,735490,799,927,153232,2076,4875,582258
2011,April,4,12,Delaware,2872,5831,737293,792,923,152426,2080,4908,584867
2011,March,3,12,Delaware,2895,5883,763125,789,930,157299,2106,4953,605826
2011,February,2,12,Delaware,2822,5727,743912,767,910,153766,2055,4817,590146
2011,January,1,12,Delaware,2830,5763,750211,782,924,155843,2048,4839,594368
2010,December,12,12,Delaware,2834,5742,753585,787,926,158452,2047,4816,595133
2010,November,11,12,Delaware,2727,5507,719580,767,891,151651,1960,4616,567929
2010,October,10,12,Delaware,2758,5570,741295,778,922,157549,1980,4648,583746
2010,September,9,12,Delaware,2690,5423,713911,760,875,148528,1930,4548,565383
2010,August,8,12,Delaware,2690,5402,712229,758,870,148401,1932,4532,563828
2010,July,7,12,Delaware,2700,5415,713682,773,889,150965,1927,4526,562717
2010,June,6,12,Delaware,2677,5324,709860,772,878,149869,1905,4446,559991
2010,May,5,12,Delaware,2654,5319,706402,778,890,150694,1876,4429,555708
2010,April,4,12,Delaware,2643,5277,699563,784,888,150846,1859,4389,548717
2010,March,3,12,Delaware,2640,5296,703212,766,884,149140,1874,4412,554072
2010,February,2,12,Delaware,2586,5202,681260,759,877,149017,1827,4325,532243
2010,January,1,12,Delaware,2599,5216,697106,769,884,151081,1830,4332,546025
2009,December,12,12,Delaware,2527,5063,673739,758,880,151119,1769,4183,522620
2009,November,11,12,Delaware,2437,4861,640180,760,881,149011,1677,3980,491169
2009,October,10,12,Delaware,2400,4762,630169,760,877,147913,1640,3885,482256
2009,September,9,12,Delaware,2361,4649,616991,750,858,145835,1611,3791,471156
2009,August,8,12,Delaware,2323,4564,611423,744,863,145456,1579,3701,465967
2009,July,7,12,Delaware,2306,4517,604250,743,854,143856,1563,3663,460394
2009,June,6,12,Delaware,2292,4501,604610,739,847,143115,1553,3654,461495
2009,May,5,12,Delaware,2261,4408,595154,739,833,140447,1522,3575,454707
2009,April,4,12,Delaware,2244,4387,592745,739,847,141079,1505,3540,451666
2009,March,3,12,Delaware,2204,4311,497663,741,848,122481,1463,3463,375182
2009,February,2,12,Delaware,2153,4219,485939,741,851,122898,1412,3368,363041
2009,January,1,12,Delaware,2157,4220,444046,750,859,108986,1407,3361,335060
2008,December,12,12,Delaware,2061,3977,435123,725,824,107892,1336,3153,327231
2008,November,11,12,Delaware,1959,3722,417830,710,791,103718,1249,2931,314112
2008,October,10,12,Delaware,1877,3510,387822,695,787,100930,1182,2723,286892
2008,September,9,12,Delaware,1839,3455,305428,685,770,73499,1154,2685,231929
2008,August,8,12,Delaware,1845,3431,304161,695,775,73887,1150,2656,230274
2008,July,7,12,Delaware,1824,3401,309316,685,776,76445,1139,2625,232871
2008,June,6,12,Delaware,1801,3361,297886,687,771,71826,1114,2590,226060
2008,May,5,12,Delaware,1795,3295,297075,701,793,75954,1094,2502,221121
2008,April,4,12,Delaware,1804,3336,300704,720,809,78184,1084,2527,222520
2008,March,3,12,Delaware,1796,3310,298545,717,799,77439,1079,2511,221106
2008,February,2,12,Delaware,1743,3212,286135,710,795,77142,1033,2417,208993
2008,January,1,12,Delaware,1769,3288,294569,707,795,77885,1062,2493,216684
2007,December,12,12,Delaware,1743,3211,288799,693,774,75175,1050,2437,213624
2007,November,11,12,Delaware,1668,3020,272153,675,758,73359,993,2262,198794
2007,October,10,12,Delaware,1653,2990,268259,666,742,70598,987,2248,197661
2007,September,9,12,Delaware,1634,2901,242842,653,711,62105,981,2190,180737
2007,August,8,12,Delaware,1645,2897,243931,656,710,62689,989,2187,181242
2007,July,7,12,Delaware,1615,2849,240848,666,730,65415,949,2119,175433
2007,June,6,12,Delaware,1643,2898,247720,680,750,67909,963,2148,179811
2007,May,5,12,Delaware,1630,2875,243350,677,744,65712,953,2131,177638
2007,April,4,12,Delaware,1620,2838,239143,690,775,71662,930,2063,167481
2007,March,3,12,Delaware,1640,2917,251648,675,779,72622,965,2138,179026
2007,February,2,12,Delaware,1603,2848,237962,657,752,68589,946,2096,169373
2007,January,1,12,Delaware,1628,2909,246348,655,746,68691,973,2163,177657
2006,December,12,12,Delaware,1604,2860,251008,660,747,70118,944,2113,180890
2006,November,11,12,Delaware,1592,2813,247225,663,748,71290,929,2065,175935
2006,October,10,12,Delaware,1582,2802,245332,667,759,70354,915,2043,174978
2006,September,9,12,Delaware,1573,2822,233866,653,743,68010,920,2079,165856
2006,August,8,12,Delaware,1606,2895,240171,653,738,65957,953,2157,174214
2006,July,7,12,Delaware,1802,3381,316896,665,761,73711,1137,2620,243185
2006,June,6,12,Delaware,1591,2848,232582,645,733,66128,946,2115,166454
2006,May,5,12,Delaware,1605,2891,239327,633,721,64853,972,2170,174474
2006,April,4,12,Delaware,1612,2924,242067,636,733,66212,976,2191,175855
2006,March,3,12,Delaware,1626,2964,249243,631,726,66874,995,2238,182369
2006,February,2,12,Delaware,1607,2962,243940,643,756,69326,964,2206,174614
2006,January,1,12,Delaware,1603,2972,243043,632,740,67186,971,2232,175857
2005,December,12,12,Delaware,1580,2906,247227,629,733,70306,951,2173,176921
2005,November,11,12,Delaware,1525,2766,234119,606,691,63427,919,2075,170692
2005,October,10,12,Delaware,1514,2698,226004,617,709,66220,897,1989,159784
2005,September,9,12,Delaware,1534,2764,221473,602,692,61494,932,2072,159979
2005,August,8,12,Delaware,1522,2739,222672,596,699,63007,926,2040,159665
2005,July,7,12,Delaware,1534,2807,230271,599,704,63054,935,2103,167217
2005,June,6,12,Delaware,1541,2795,230080,593,702,62397,948,2093,167683
2005,May,5,12,Delaware,1542,2778,231599,617,719,63928,925,2059,167671
2005,April,4,12,Delaware,1586,2886,238689,626,728,65143,960,2158,173546
2005,March,3,12,Delaware,1602,2907,241395,636,755,66735,966,2152,174660
2005,February,2,12,Delaware,1596,2909,236702,650,770,67625,946,2139,169077
2005,January,1,12,Delaware,1599,2931,241947,655,784,69346,944,2147,172601
2004,December,12,12,Delaware,1569,2842,235571,637,730,64555,932,2112,171016
2004,November,11,12,Delaware,1551,2758,233547,648,757,70086,903,2001,163461
2004,October,10,12,Delaware,1539,2751,237440,633,742,70312,906,2009,167128
2004,September,9,12,Delaware,1490,2663,210458,616,728,64690,874,1935,145768
2004,August,8,12,Delaware,1461,2642,211128,579,663,58997,882,1979,152131
2004,July,7,12,Delaware,1461,2646,213051,574,674,60837,887,1972,152214
2004,June,6,12,Delaware,1448,2615,211074,560,663,60175,888,1952,150899
2004,May,5,12,Delaware,1452,2618,210406,572,674,61444,880,1944,148962
2004,April,4,12,Delaware,1450,2609,208877,573,694,62645,877,1915,146232
2004,March,3,12,Delaware,1461,2641,211725,588,712,66691,873,1929,145034
2004,February,2,12,Delaware,1424,2592,211125,568,683,64891,856,1909,146234
2004,January,1,12,Delaware,1426,2619,213483,554,658,62017,872,1961,151466
2003,December,12,12,Delaware,1410,2597,209166,552,662,60562,858,1935,148604
2003,November,11,12,Delaware,1389,2559,202648,533,644,56783,856,1915,145865
2003,October,10,12,Delaware,1373,2517,200626,532,633,56220,841,1884,144406
2003,September,9,12,Delaware,1350,2501,194050,516,621,54487,834,1880,139563
2003,August,8,12,Delaware,1353,2500,195068,503,601,50098,850,1899,144970
2003,July,7,12,Delaware,1343,2506,193292,500,608,51318,843,1898,141974
2003,June,6,12,Delaware,1351,2531,191551,507,604,50619,844,1927,140932
2003,May,5,12,Delaware,1346,2525,196490,500,593,49319,846,1932,147171
2003,April,4,12,Delaware,1354,2560,201482,496,593,50693,858,1967,150789
2003,March,3,12,Delaware,1340,2543,195486,487,578,45983,853,1965,149503
2003,February,2,12,Delaware,1297,2470,185740,477,570,44548,820,1900,141192
2003,January,1,12,Delaware,1312,2466,187860,491,599,47926,821,1867,139934
2002,December,12,12,Delaware,1302,2465,185363,471,564,45985,831,1901,139378
2002,November,11,12,Delaware,1277,2407,180667,465,547,43811,812,1860,136856
2002,October,10,12,Delaware,1281,2401,177889,464,537,42419,817,1864,135470
2002,September,9,12,Delaware,1280,2397,169063,468,543,41330,812,1854,127733
2002,August,8,12,Delaware,1262,2377,167986,468,546,41481,794,1831,126505
2002,July,7,12,Delaware,1262,2393,166610,469,546,40601,793,1847,126009
2002,June,6,12,Delaware,1286,2453,170215,474,552,41166,812,1901,129049
2002,May,5,12,Delaware,1282,2425,166854,461,537,39605,821,1888,127249
2002,April,4,12,Delaware,1271,2404,168056,467,565,41533,804,1839,126523
2002,March,3,12,Delaware,1282,2422,174452,480,591,44871,802,1831,129581
2002,February,2,12,Delaware,1275,2425,170210,483,604,45875,792,1821,124335
2002,January,1,12,Delaware,1287,2446,172917,482,600,45155,805,1846,127762
2018,December,12,13,Dutchess,10647,17863,2279221,3603,4410,692340,7044,13453,1586881
2018,November,11,13,Dutchess,10560,17730,2245973,3550,4351,680515,7010,13379,1565458
2018,October,10,13,Dutchess,10738,18069,2306869,3593,4391,693593,7145,13678,1613276
2018,September,9,13,Dutchess,10710,18039,2277047,3573,4367,682780,7137,13672,1594267
2018,August,8,13,Dutchess,10832,18233,2315638,3609,4384,686899,7223,13849,1628739
2018,July,7,13,Dutchess,10862,18318,2291750,3628,4385,673005,7234,13933,1618745
2018,June,6,13,Dutchess,10839,18248,2281564,3625,4384,671190,7214,13864,1610374
2018,May,5,13,Dutchess,10804,18223,2284605,3609,4371,670172,7195,13852,1614433
2018,April,4,13,Dutchess,10623,17884,2262125,3558,4274,654028,7065,13610,1608097
2018,March,3,13,Dutchess,10663,17958,2285567,3575,4298,658773,7088,13660,1626794
2018,February,2,13,Dutchess,10542,17821,2240180,3526,4264,650321,7016,13557,1589859
2018,January,1,13,Dutchess,10666,18013,2263939,3566,4305,654624,7100,13708,1609315
2017,December,12,13,Dutchess,10672,18073,2279565,3528,4257,658935,7144,13816,1620630
2017,November,11,13,Dutchess,10693,18108,2309645,3506,4234,653875,7187,13874,1655770
2017,October,10,13,Dutchess,10791,18314,2346069,3540,4267,664463,7251,14047,1681606
2017,September,9,13,Dutchess,10804,18321,2342989,3529,4245,661247,7275,14076,1681742
2017,August,8,13,Dutchess,10961,18708,2412783,3533,4267,658013,7428,14441,1754770
2017,July,7,13,Dutchess,11031,18912,2387537,3533,4260,642249,7498,14652,1745288
2017,June,6,13,Dutchess,11173,19239,2428965,3548,4289,648745,7625,14950,1780220
2017,May,5,13,Dutchess,11233,19372,2461753,3554,4290,653723,7679,15082,1808030
2017,April,4,13,Dutchess,11156,19230,2424848,3534,4287,648289,7622,14943,1776559
2017,March,3,13,Dutchess,11307,19514,2473945,3598,4369,667889,7709,15145,1806056
2017,February,2,13,Dutchess,11329,19545,2492757,3573,4326,661551,7756,15219,1831206
2017,January,1,13,Dutchess,11346,19509,2480521,3597,4354,662217,7749,15155,1818304
2016,December,12,13,Dutchess,11374,19719,2499160,3614,4414,667873,7760,15305,1831287
2016,November,11,13,Dutchess,11397,19732,2521943,3624,4436,682957,7773,15296,1838986
2016,October,10,13,Dutchess,11430,19834,2515234,3630,4483,676881,7800,15351,1838353
2016,September,9,13,Dutchess,11576,20245,2581979,3637,4499,682199,7939,15746,1899780
2016,August,8,13,Dutchess,11645,20337,2618619,3657,4525,688113,7988,15812,1930506
2016,July,7,13,Dutchess,11597,20355,2605836,3620,4481,679318,7977,15874,1926518
2016,June,6,13,Dutchess,11806,20694,2670819,3646,4535,688465,8160,16159,1982354
2016,May,5,13,Dutchess,11824,20753,2666603,3649,4564,692627,8175,16189,1973976
2016,April,4,13,Dutchess,12170,21298,2764302,3663,4581,697804,8507,16717,2066498
2016,March,3,13,Dutchess,12478,21881,2862913,3683,4595,702310,8795,17286,2160603
2016,February,2,13,Dutchess,12456,21901,2872657,3702,4624,707340,8754,17277,2165317
2016,January,1,13,Dutchess,12602,22135,2892641,3721,4664,716070,8881,17471,2176571
2015,December,12,13,Dutchess,12762,22356,2927968,3736,4711,724033,9026,17645,2203935
2015,November,11,13,Dutchess,12772,22526,2946264,3736,4694,726764,9036,17832,2219500
2015,October,10,13,Dutchess,12955,22779,3000442,3745,4721,730413,9210,18058,2270029
2015,September,9,13,Dutchess,13239,23373,3114466,3764,4768,736875,9475,18605,2377591
2015,August,8,13,Dutchess,13274,23514,3136577,3774,4796,744170,9500,18718,2392407
2015,July,7,13,Dutchess,13406,23803,3126793,3811,4885,732458,9595,18918,2394335
2015,June,6,13,Dutchess,13489,23983,3154295,3820,4905,735451,9669,19078,2418844
2015,May,5,13,Dutchess,13518,24100,3180239,3841,4948,741918,9677,19152,2438321
2015,April,4,13,Dutchess,13515,24095,3199215,3831,4898,739477,9684,19197,2459738
2015,March,3,13,Dutchess,13463,24053,3201452,3845,4943,748450,9618,19110,2453002
2015,February,2,13,Dutchess,13341,23982,3181781,3830,4932,745939,9511,19050,2435842
2015,January,1,13,Dutchess,13451,24128,3197186,3861,4997,755259,9590,19131,2441927
2014,December,12,13,Dutchess,13400,24095,3207214,3562,4428,684373,9838,19667,2522841
2014,November,11,13,Dutchess,13401,24045,3225290,3580,4437,690145,9821,19608,2535145
2014,October,10,13,Dutchess,13588,24446,3293780,3589,4443,695508,9999,20003,2598272
2014,September,9,13,Dutchess,13567,24566,3200218,3582,4410,679498,9985,20156,2520720
2014,August,8,13,Dutchess,13641,24667,3258346,3573,4402,684589,10068,20265,2573757
2014,July,7,13,Dutchess,13730,24838,3296389,3598,4461,699742,10132,20377,2596647
2014,June,6,13,Dutchess,13744,24761,3299925,3598,4437,700186,10146,20324,2599739
2014,May,5,13,Dutchess,13773,24847,3331509,3628,4500,714224,10145,20347,2617285
2014,April,4,13,Dutchess,13689,24740,3310601,3611,4476,710645,10078,20264,2599956
2014,March,3,13,Dutchess,13635,24716,3308400,3604,4449,708599,10031,20267,2599801
2014,February,2,13,Dutchess,13468,24494,3243680,3539,4348,693978,9929,20146,2549702
2014,January,1,13,Dutchess,13567,24705,3230129,3550,4382,697046,10017,20323,2533083
2013,December,12,13,Dutchess,13552,24677,3238600,3534,4389,697327,10018,20288,2541273
2013,November,11,13,Dutchess,14476,25708,4090204,3968,4860,1011968,10508,20848,3078236
2013,October,10,13,Dutchess,13745,25061,3550055,3555,4457,754974,10190,20604,2795081
2013,September,9,13,Dutchess,13684,25002,3497973,3569,4464,741833,10115,20538,2756140
2013,August,8,13,Dutchess,13709,25003,3499437,3585,4493,749720,10124,20510,2749717
2013,July,7,13,Dutchess,13707,25038,3497928,3577,4467,748138,10130,20571,2749790
2013,June,6,13,Dutchess,13661,24916,3493447,3597,4537,756632,10064,20379,2736815
2013,May,5,13,Dutchess,13648,24943,3513921,3634,4581,768438,10014,20362,2745483
2013,April,4,13,Dutchess,13618,24858,3520098,3664,4652,778741,9954,20206,2741357
2013,March,3,13,Dutchess,13489,24656,3490293,3655,4686,784860,9834,19970,2705433
2013,February,2,13,Dutchess,13300,24365,3420057,3623,4666,775385,9677,19699,2644672
2013,January,1,13,Dutchess,13375,24563,3455995,3613,4663,780241,9762,19900,2675754
2012,December,12,13,Dutchess,13159,24216,3408679,3568,4667,782502,9591,19549,2626177
2012,November,11,13,Dutchess,13165,24234,3429953,3586,4677,785796,9579,19557,2644157
2012,October,10,13,Dutchess,13272,24403,3444799,3616,4701,789437,9656,19702,2655362
2012,September,9,13,Dutchess,13252,24371,3427127,3614,4689,785544,9638,19682,2641583
2012,August,8,13,Dutchess,13219,24263,3412684,3633,4705,789965,9586,19558,2622719
2012,July,7,13,Dutchess,13110,24114,3396524,3607,4707,790283,9503,19407,2606241
2012,June,6,13,Dutchess,13044,23932,3364529,3652,4778,800952,9392,19154,2563577
2012,May,5,13,Dutchess,12984,23931,3388725,3613,4716,798722,9371,19215,2590003
2012,April,4,13,Dutchess,12846,23708,3374208,3586,4680,785722,9260,19028,2588486
2012,March,3,13,Dutchess,12742,23528,3449237,3582,4710,814444,9160,18818,2634793
2012,February,2,13,Dutchess,12372,22920,3250906,3481,4576,763726,8891,18344,2487180
2012,January,1,13,Dutchess,12444,23159,3268452,3517,4650,773519,8927,18509,2494933
2011,December,12,13,Dutchess,12354,23010,3303765,3494,4609,780882,8860,18401,2522883
2011,November,11,13,Dutchess,12142,22637,3246671,3468,4565,769504,8674,18072,2477167
2011,October,10,13,Dutchess,12109,22550,3218105,3460,4553,766606,8649,17997,2451499
2011,September,9,13,Dutchess,12154,22708,3228347,3442,4550,758252,8712,18158,2470095
2011,August,8,13,Dutchess,12156,22785,3224442,3425,4517,752072,8731,18268,2472370
2011,July,7,13,Dutchess,12064,22675,3193240,3399,4455,736154,8665,18220,2457086
2011,June,6,13,Dutchess,12085,22728,3194140,3421,4521,752901,8664,18207,2441239
2011,May,5,13,Dutchess,11977,22612,3161673,3372,4450,737737,8605,18162,2423936
2011,April,4,13,Dutchess,11897,22566,3148469,3399,4515,749348,8498,18051,2399121
2011,March,3,13,Dutchess,11773,22373,3202424,3388,4509,759368,8385,17864,2443056
2011,February,2,13,Dutchess,11423,21794,3101526,3385,4482,750027,8038,17312,2351499
2011,January,1,13,Dutchess,11304,21490,3044051,3390,4548,760599,7914,16942,2283452
2010,December,12,13,Dutchess,11297,21466,3119675,3412,4553,772480,7885,16913,2347195
2010,November,11,13,Dutchess,10939,20861,2972956,3369,4528,760253,7570,16333,2212703
2010,October,10,13,Dutchess,11067,21097,3042652,3405,4579,771631,7662,16518,2271021
2010,September,9,13,Dutchess,10863,20750,2972073,3339,4490,754179,7524,16260,2217894
2010,August,8,13,Dutchess,10830,20766,3008555,3329,4471,755355,7501,16295,2253200
2010,July,7,13,Dutchess,10655,20470,2943481,3316,4499,758364,7339,15971,2185117
2010,June,6,13,Dutchess,10532,20244,2906204,3292,4465,748096,7240,15779,2158108
2010,May,5,13,Dutchess,10383,19954,2884567,3289,4452,750581,7094,15502,2133986
2010,April,4,13,Dutchess,10312,19757,2913225,3283,4444,763312,7029,15313,2149913
2010,March,3,13,Dutchess,10025,19251,2792552,3232,4337,740444,6793,14914,2052108
2010,February,2,13,Dutchess,9892,18956,2745821,3227,4335,731104,6665,14621,2014717
2010,January,1,13,Dutchess,9831,18880,2727015,3207,4290,718552,6624,14590,2008463
2009,December,12,13,Dutchess,9738,18574,2679034,3120,4126,704416,6618,14448,1974618
2009,November,11,13,Dutchess,9424,17975,2606273,3083,4147,705754,6341,13828,1900519
2009,October,10,13,Dutchess,9304,17724,2578787,3076,4094,696764,6228,13630,1882023
2009,September,9,13,Dutchess,9077,17217,2495788,3008,4010,680169,6069,13207,1815619
2009,August,8,13,Dutchess,8892,16870,2461972,2950,3937,669907,5942,12933,1792065
2009,July,7,13,Dutchess,8743,16583,2440146,2925,3835,658112,5818,12748,1782034
2009,June,6,13,Dutchess,8552,16219,2404719,2907,3798,656920,5645,12421,1747799
2009,May,5,13,Dutchess,8308,15899,2331335,2818,3707,629730,5490,12192,1701605
2009,April,4,13,Dutchess,8081,15347,2261969,2797,3670,626862,5284,11677,1635107
2009,March,3,13,Dutchess,7880,15051,1911669,2727,3631,530403,5153,11420,1381266
2009,February,2,13,Dutchess,7697,14646,1872095,2697,3565,530869,5000,11081,1341226
2009,January,1,13,Dutchess,7442,14154,1689106,2640,3497,475421,4802,10657,1213685
2008,December,12,13,Dutchess,7292,13863,1694866,2607,3473,483195,4685,10390,1211671
2008,November,11,13,Dutchess,7086,13392,1629504,2614,3454,476900,4472,9938,1152604
2008,October,10,13,Dutchess,7117,13330,1635391,2632,3472,478074,4485,9858,1157317
2008,September,9,13,Dutchess,6948,12913,1324100,2609,3419,380482,4339,9494,943618
2008,August,8,13,Dutchess,6908,12747,1309521,2641,3414,382780,4267,9333,926741
2008,July,7,13,Dutchess,6766,12501,1283411,2615,3352,376220,4151,9149,907191
2008,June,6,13,Dutchess,6715,12321,1268376,2616,3323,369736,4099,8998,898640
2008,May,5,13,Dutchess,6676,12283,1269161,2602,3312,364412,4074,8971,904749
2008,April,4,13,Dutchess,6573,12032,1250476,2577,3246,365419,3996,8786,885057
2008,March,3,13,Dutchess,6511,11953,1245169,2553,3208,361294,3958,8745,883875
2008,February,2,13,Dutchess,6352,11686,1213790,2532,3224,358957,3820,8462,854833
2008,January,1,13,Dutchess,6310,11600,1205129,2514,3175,355300,3796,8425,849829
2007,December,12,13,Dutchess,6218,11382,1187670,2539,3224,361759,3679,8158,825911
2007,November,11,13,Dutchess,6169,11260,1177605,2534,3239,363080,3635,8021,814525
2007,October,10,13,Dutchess,6201,11322,1188577,2564,3272,366419,3637,8050,822158
2007,September,9,13,Dutchess,6128,11188,1101041,2558,3249,341813,3570,7939,759228
2007,August,8,13,Dutchess,6139,11185,1098913,2596,3319,347719,3543,7866,751194
2007,July,7,13,Dutchess,6159,11198,1109170,2623,3336,352708,3536,7862,756462
2007,June,6,13,Dutchess,6141,11184,1092585,2618,3314,352613,3523,7870,739972
2007,May,5,13,Dutchess,6118,11158,1088953,2646,3378,360733,3472,7780,728220
2007,April,4,13,Dutchess,6052,11068,1075700,2619,3364,357916,3433,7704,717784
2007,March,3,13,Dutchess,6069,11118,1094451,2584,3335,362195,3485,7783,732256
2007,February,2,13,Dutchess,5868,10790,1041339,2510,3267,347773,3358,7523,693566
2007,January,1,13,Dutchess,5956,10981,1055977,2510,3263,344200,3446,7718,711777
2006,December,12,13,Dutchess,5874,10829,1052695,2474,3213,342478,3400,7616,710217
2006,November,11,13,Dutchess,5791,10644,1037984,2469,3212,344219,3322,7432,693765
2006,October,10,13,Dutchess,5797,10659,1040622,2478,3241,341792,3319,7418,698830
2006,September,9,13,Dutchess,5761,10584,1000448,2482,3278,334986,3279,7306,665462
2006,August,8,13,Dutchess,5771,10534,1004652,2506,3360,344636,3265,7174,660016
2006,July,7,13,Dutchess,5731,10503,988615,2494,3338,338226,3237,7165,650389
2006,June,6,13,Dutchess,5741,10498,983323,2509,3373,342635,3232,7125,640688
2006,May,5,13,Dutchess,5747,10581,1003485,2509,3416,351915,3238,7165,651570
2006,April,4,13,Dutchess,5719,10523,996176,2493,3398,348906,3226,7125,647270
2006,March,3,13,Dutchess,5786,10683,1014680,2490,3394,348653,3296,7289,666027
2006,February,2,13,Dutchess,5635,10451,985956,2460,3388,347674,3175,7063,638282
2006,January,1,13,Dutchess,5656,10500,961407,2474,3389,335747,3182,7111,625660
2005,December,12,13,Dutchess,5600,10373,967658,2448,3383,346900,3152,6990,620758
2005,November,11,13,Dutchess,5553,10252,962936,2469,3406,348368,3084,6846,614568
2005,October,10,13,Dutchess,5541,10183,958147,2462,3390,344090,3079,6793,614057
2005,September,9,13,Dutchess,5578,10262,944070,2454,3359,334093,3124,6903,609977
2005,August,8,13,Dutchess,5579,10236,952606,2432,3323,333505,3147,6913,619101
2005,July,7,13,Dutchess,5537,10157,923480,2423,3306,324278,3114,6851,599202
2005,June,6,13,Dutchess,5517,10036,911143,2442,3291,321237,3075,6745,589906
2005,May,5,13,Dutchess,5555,10070,911271,2505,3331,324015,3050,6739,587256
2005,April,4,13,Dutchess,5611,10038,894986,2602,3405,324792,3009,6633,570194
2005,March,3,13,Dutchess,5624,10044,899584,2620,3459,326595,3004,6585,572989
2005,February,2,13,Dutchess,5512,9844,866400,2621,3498,321668,2891,6346,544732
2005,January,1,13,Dutchess,5505,9839,866353,2632,3546,326884,2873,6293,539469
2004,December,12,13,Dutchess,5452,9748,872237,2608,3511,324851,2844,6237,547386
2004,November,11,13,Dutchess,5279,9555,848318,2522,3459,318093,2757,6096,530225
2004,October,10,13,Dutchess,5112,9341,846447,2419,3370,323213,2693,5971,523234
2004,September,9,13,Dutchess,4954,9183,782101,2222,3116,288134,2732,6067,493967
2004,August,8,13,Dutchess,4699,8832,758301,2050,2966,282324,2649,5866,475977
2004,July,7,13,Dutchess,4639,8800,759848,1983,2866,278102,2656,5934,481746
2004,June,6,13,Dutchess,4487,8616,750370,1855,2697,271504,2632,5919,478866
2004,May,5,13,Dutchess,4452,8540,745240,1849,2714,275847,2603,5826,469393
2004,April,4,13,Dutchess,4376,8335,728703,1826,2670,267130,2550,5665,461573
2004,March,3,13,Dutchess,4352,8293,732020,1847,2711,274659,2505,5582,457361
2004,February,2,13,Dutchess,4220,8075,698127,1773,2601,263472,2447,5474,434655
2004,January,1,13,Dutchess,4160,7949,676779,1740,2548,255037,2420,5401,421742
2003,December,12,13,Dutchess,4077,7791,669018,1714,2516,250656,2363,5275,418362
2003,November,11,13,Dutchess,4032,7666,656281,1726,2515,250107,2306,5151,406174
2003,October,10,13,Dutchess,4044,7701,665677,1703,2490,248502,2341,5211,417175
2003,September,9,13,Dutchess,4054,7682,653341,1721,2491,245052,2333,5191,408289
2003,August,8,13,Dutchess,3951,7462,626469,1658,2380,232518,2293,5082,393951
2003,July,7,13,Dutchess,3960,7431,629412,1675,2357,234670,2285,5074,394742
2003,June,6,13,Dutchess,3908,7292,612597,1654,2328,233426,2254,4964,379171
2003,May,5,13,Dutchess,3885,7241,607489,1678,2373,235616,2207,4868,371873
2003,April,4,13,Dutchess,3786,7060,588095,1653,2357,231517,2133,4703,356578
2003,March,3,13,Dutchess,3768,7108,595107,1642,2350,232576,2126,4758,362531
2003,February,2,13,Dutchess,3701,6945,576604,1610,2332,230324,2091,4613,346280
2003,January,1,13,Dutchess,3673,6852,564064,1593,2272,221037,2080,4580,343027
2002,December,12,13,Dutchess,3651,6733,564920,1601,2288,229969,2050,4445,334951
2002,November,11,13,Dutchess,3619,6663,551938,1615,2336,229108,2004,4327,322830
2002,October,10,13,Dutchess,3641,6689,555229,1648,2374,235749,1993,4315,319480
2002,September,9,13,Dutchess,3588,6551,503169,1641,2354,216564,1947,4197,286605
2002,August,8,13,Dutchess,3571,6508,505325,1636,2338,215417,1935,4170,289908
2002,July,7,13,Dutchess,3538,6388,497683,1611,2290,210168,1927,4098,287515
2002,June,6,13,Dutchess,3514,6361,496590,1624,2308,212802,1890,4053,283788
2002,May,5,13,Dutchess,3492,6306,492799,1595,2237,206013,1897,4069,286786
2002,April,4,13,Dutchess,3532,6397,500480,1611,2296,210622,1921,4101,289858
2002,March,3,13,Dutchess,3541,6462,509607,1621,2347,218856,1920,4115,290751
2002,February,2,13,Dutchess,3435,6328,490918,1558,2256,205882,1877,4072,285036
2002,January,1,13,Dutchess,3450,6343,494759,1546,2249,204561,1904,4094,290198
2018,December,12,14,Erie,77520,142813,18486998,26621,40696,6143360,50899,102117,12343638
2018,November,11,14,Erie,77465,142978,18545437,26641,40930,6160148,50824,102048,12385289
2018,October,10,14,Erie,78034,144438,18738126,26871,41413,6253875,51163,103025,12484251
2018,September,9,14,Erie,78052,144619,18570101,26911,41670,6230437,51141,102949,12339664
2018,August,8,14,Erie,78151,144699,18616473,27052,42138,6282432,51099,102561,12334041
2018,July,7,14,Erie,78685,145758,18559488,27132,42360,6281311,51553,103398,12278177
2018,June,6,14,Erie,78962,146102,18601190,27202,42424,6301556,51760,103678,12299634
2018,May,5,14,Erie,78547,144892,18555051,27361,42625,6362679,51186,102267,12192372
2018,April,4,14,Erie,78668,145110,18537968,27466,42878,6396391,51202,102232,12141577
2018,March,3,14,Erie,79728,147408,18884596,27759,43447,6487576,51969,103961,12397020
2018,February,2,14,Erie,79471,147048,18834779,27631,43368,6464143,51840,103680,12370636
2018,January,1,14,Erie,80424,148808,19117713,27808,43817,6542294,52616,104991,12575419
2017,December,12,14,Erie,81244,150599,19473563,27988,44334,6635617,53256,106265,12837946
2017,November,11,14,Erie,81348,150713,19538322,27952,44363,6648991,53396,106350,12889331
2017,October,10,14,Erie,81682,151280,19654743,28066,44520,6674733,53616,106760,12980010
2017,September,9,14,Erie,81435,150850,19547196,28092,44678,6687461,53343,106172,12859735
2017,August,8,14,Erie,81430,150950,19591001,28300,45046,6742701,53130,105904,12848300
2017,July,7,14,Erie,81037,150322,19309728,28417,45335,6735864,52620,104987,12573864
2017,June,6,14,Erie,80792,149707,19211190,28546,45590,6789735,52246,104117,12421455
2017,May,5,14,Erie,80545,149260,19081134,28531,45551,6788101,52014,103709,12293033
2017,April,4,14,Erie,80798,149690,19110879,28624,45650,6807780,52174,104040,12303099
2017,March,3,14,Erie,81565,151266,19390121,28875,46036,6886472,52690,105230,12503649
2017,February,2,14,Erie,81316,151074,19313787,28834,46077,6881774,52482,104997,12432013
2017,January,1,14,Erie,81552,151397,19355773,28606,45610,6800483,52946,105787,12555290
2016,December,12,14,Erie,81551,151711,19446205,28740,45954,6864072,52811,105757,12582133
2016,November,11,14,Erie,81241,150840,19388415,28546,45767,6870886,52695,105073,12517529
2016,October,10,14,Erie,81633,151905,19528870,28784,46288,6898938,52849,105617,12629932
2016,September,9,14,Erie,81646,151897,19585667,28665,46091,6875251,52981,105806,12710416
2016,August,8,14,Erie,81548,151509,19643537,28720,46011,6876896,52828,105498,12766641
2016,July,7,14,Erie,81639,151463,19601882,28679,45951,6843495,52960,105512,12758387
2016,June,6,14,Erie,81847,151554,19662794,28686,45892,6844962,53161,105662,12817832
2016,May,5,14,Erie,82627,152762,19891083,28721,46199,6877351,53906,106563,13013732
2016,April,4,14,Erie,83148,153789,20014872,28757,46299,6890604,54391,107490,13124268
2016,March,3,14,Erie,83320,154159,20130136,28909,46557,6945102,54411,107602,13185034
2016,February,2,14,Erie,83236,154083,20098891,28913,46674,6961758,54323,107409,13137133
2016,January,1,14,Erie,83436,154642,20170939,29004,46964,6994222,54432,107678,13176717
2015,December,12,14,Erie,83707,155285,20343294,29158,47332,7059017,54549,107953,13284277
2015,November,11,14,Erie,83438,155036,20332115,29040,47131,7038865,54398,107905,13293250
2015,October,10,14,Erie,83885,156079,20482477,29254,47613,7103568,54631,108466,13378909
2015,September,9,14,Erie,84082,156498,20629991,29369,47926,7192032,54713,108572,13437959
2015,August,8,14,Erie,84026,156574,20639743,29301,47836,7152094,54725,108738,13487649
2015,July,7,14,Erie,84701,157829,20772014,29344,47959,7149260,55357,109870,13622754
2015,June,6,14,Erie,84584,157430,20676426,29392,48022,7152137,55192,109408,13524289
2015,May,5,14,Erie,84656,157645,20684137,29561,48231,7187637,55095,109414,13496500
2015,April,4,14,Erie,84977,158163,20769028,29594,48302,7206075,55383,109861,13562953
2015,March,3,14,Erie,85214,158745,20933429,29681,48627,7277136,55533,110118,13656293
2015,February,2,14,Erie,84720,158171,20828794,29596,48533,7251210,55124,109638,13577584
2015,January,1,14,Erie,85107,158732,20942182,29751,48952,7320611,55356,109780,13621571
2014,December,12,14,Erie,85172,158942,21133856,27341,42980,6661019,57831,115962,14472837
2014,November,11,14,Erie,84403,157891,20941973,27100,42466,6566832,57303,115425,14375141
2014,October,10,14,Erie,85186,159479,21308945,27118,42574,6593444,58068,116905,14715501
2014,September,9,14,Erie,84925,158994,20329852,27275,42703,6371971,57650,116291,13957881
2014,August,8,14,Erie,84835,158860,20323630,27060,42280,6315590,57775,116580,14008040
2014,July,7,14,Erie,85368,160068,20448095,26959,41948,6276405,58409,118120,14171690
2014,June,6,14,Erie,85419,159931,20439032,26876,41746,6257677,58543,118185,14181355
2014,May,5,14,Erie,85393,159698,20430941,26956,41857,6275379,58437,117841,14155562
2014,April,4,14,Erie,84981,159078,20321231,26740,41416,6208602,58241,117662,14112629
2014,March,3,14,Erie,85159,159527,20423308,26776,41610,6238850,58383,117917,14184458
2014,February,2,14,Erie,84275,158127,20173546,26558,41187,6170818,57717,116940,14002728
2014,January,1,14,Erie,84280,158002,20107068,26544,41117,6163727,57736,116885,13943341
2013,December,12,14,Erie,83811,157387,20077302,26445,40932,6165423,57366,116455,13911879
2013,November,11,14,Erie,84947,158981,22273385,26798,41311,7123592,58149,117670,15149793
2013,October,10,14,Erie,83774,157904,21592225,26227,40488,6494231,57547,117416,15097994
2013,September,9,14,Erie,83177,156844,21196607,26044,40193,6371350,57133,116651,14825257
2013,August,8,14,Erie,83088,156731,21169579,25864,39815,6309604,57224,116916,14859975
2013,July,7,14,Erie,82960,156413,21128396,25741,39601,6279718,57219,116812,14848678
2013,June,6,14,Erie,82731,155941,21024272,25715,39359,6237966,57016,116582,14786306
2013,May,5,14,Erie,82701,155799,20974138,25577,39016,6194003,57124,116783,14780135
2013,April,4,14,Erie,82518,155506,20890203,25550,38992,6171679,56968,116514,14718524
2013,March,3,14,Erie,82678,156007,20941826,25598,39095,6180599,57080,116912,14761227
2013,February,2,14,Erie,81971,154998,20742226,25528,39004,6148786,56443,115994,14593440
2013,January,1,14,Erie,81984,155119,20758810,25509,38879,6135275,56475,116240,14623535
2012,December,12,14,Erie,81286,154189,20769577,25379,38587,6123364,55907,115602,14646213
2012,November,11,14,Erie,80469,152714,20596462,25118,38003,6038298,55351,114711,14558164
2012,October,10,14,Erie,80266,152356,20673313,24972,37673,5998589,55294,114683,14674724
2012,September,9,14,Erie,79601,151167,20543316,24672,37172,5938343,54929,113995,14604973
2012,August,8,14,Erie,79174,150467,20395320,24530,36889,5879200,54644,113578,14516120
2012,July,7,14,Erie,78854,150098,20298274,24463,36856,5878000,54391,113242,14420274
2012,June,6,14,Erie,78867,150113,20281694,24417,36856,5893020,54450,113257,14388674
2012,May,5,14,Erie,78666,149742,20277437,24451,36948,5920224,54215,112794,14357213
2012,April,4,14,Erie,78169,148748,20070978,24421,36861,5874832,53748,111887,14196146
2012,March,3,14,Erie,78570,149594,20603180,24627,37239,6212871,53943,112355,14390309
2012,February,2,14,Erie,77690,148314,20056384,24465,37236,5913749,53225,111078,14142635
2012,January,1,14,Erie,77166,147339,19978300,24371,37049,5898949,52795,110290,14079351
2011,December,12,14,Erie,76866,147044,20224079,24316,36955,5952609,52550,110089,14271470
2011,November,11,14,Erie,76085,145938,20093472,24353,37043,5969968,51732,108895,14123504
2011,October,10,14,Erie,75947,145876,20110193,24307,36905,5952607,51640,108971,14157586
2011,September,9,14,Erie,75543,145250,19852002,24019,36462,5831859,51524,108788,14020143
2011,August,8,14,Erie,75224,144537,19756179,23869,36076,5773713,51355,108461,13982466
2011,July,7,14,Erie,74861,143960,19600179,23831,35889,5737645,51030,108071,13862534
2011,June,6,14,Erie,74678,143722,19534929,23713,35731,5708587,50965,107991,13826342
2011,May,5,14,Erie,75063,144678,19661441,23710,35829,5711092,51353,108849,13950349
2011,April,4,14,Erie,74864,144455,19622520,23899,36179,5787625,50965,108276,13834895
2011,March,3,14,Erie,74682,144270,20007955,23900,36178,5905929,50782,108092,14102026
2011,February,2,14,Erie,73623,142699,19760611,23856,36229,5893828,49767,106470,13866783
2011,January,1,14,Erie,73505,142591,19719670,23877,36346,5904132,49628,106245,13815538
2010,December,12,14,Erie,73218,142477,19814073,23649,35856,5852476,49569,106621,13961597
2010,November,11,14,Erie,71111,138509,19213334,23494,35553,5798739,47617,102956,13414595
2010,October,10,14,Erie,70643,137794,19122041,23442,35454,5773184,47201,102340,13348857
2010,September,9,14,Erie,70147,137082,19029396,23136,34896,5683377,47011,102186,13346019
2010,August,8,14,Erie,69634,136211,18979470,22980,34502,5639141,46654,101709,13340329
2010,July,7,14,Erie,69576,135994,18884811,22898,34249,5603117,46678,101745,13281694
2010,June,6,14,Erie,68766,134647,18682243,22718,33874,5577449,46048,100773,13104794
2010,May,5,14,Erie,68221,133764,18570026,22735,33894,5587058,45486,99870,12982968
2010,April,4,14,Erie,67763,132772,18413799,22732,33904,5595015,45031,98868,12818784
2010,March,3,14,Erie,67292,132030,18342934,22579,33573,5544140,44713,98457,12798794
2010,February,2,14,Erie,66469,130624,18173940,22554,33605,5546111,43915,97019,12627829
2010,January,1,14,Erie,66043,129999,18257452,22588,33727,5550015,43455,96272,12707437
2009,December,12,14,Erie,65208,128390,17817063,22570,33662,5541387,42638,94728,12275676
2009,November,11,14,Erie,64170,126428,17597815,22467,33492,5501801,41703,92936,12096014
2009,October,10,14,Erie,63547,125114,17528336,22424,33395,5519681,41123,91719,12008655
2009,September,9,14,Erie,62573,123266,17277230,22015,32775,5394778,40558,90491,11882452
2009,August,8,14,Erie,61666,121328,17048949,21863,32390,5330418,39803,88938,11718531
2009,July,7,14,Erie,61184,120144,16987553,21713,32049,5284683,39471,88095,11702870
2009,June,6,14,Erie,60453,118512,16836985,21522,31456,5222064,38931,87056,11614921
2009,May,5,14,Erie,59681,116915,16645722,21518,31489,5223436,38163,85426,11422286
2009,April,4,14,Erie,58804,115140,16416899,21459,31489,5198136,37345,83651,11218763
2009,March,3,14,Erie,58234,114111,14125653,21420,31543,4563912,36814,82568,9561741
2009,February,2,14,Erie,57016,111754,13804683,21302,31403,4522437,35714,80351,9282246
2009,January,1,14,Erie,56577,110964,12751646,21302,31456,4150512,35275,79508,8601134
2008,December,12,14,Erie,55479,109185,12820390,21100,31164,4173571,34379,78021,8646819
2008,November,11,14,Erie,54860,108063,12753560,21141,31119,4172806,33719,76944,8580754
2008,October,10,14,Erie,54402,107231,12670146,21081,31108,4149011,33321,76123,8521135
2008,September,9,14,Erie,53755,106139,10688403,20867,30834,3353178,32888,75305,7335225
2008,August,8,14,Erie,53536,105900,10675568,20856,30751,3337236,32680,75149,7338332
2008,July,7,14,Erie,53287,105406,10601653,20861,30661,3325767,32426,74745,7275886
2008,June,6,14,Erie,52903,104693,10522834,21142,31271,3396692,31761,73422,7126142
2008,May,5,14,Erie,52747,104336,10486943,21074,31140,3378049,31673,73196,7108894
2008,April,4,14,Erie,52193,103147,10423456,21073,31034,3384557,31120,72113,7038899
2008,March,3,14,Erie,51591,102107,10318721,21146,31251,3417737,30445,70856,6900984
2008,February,2,14,Erie,50891,100752,10202656,21133,31327,3428966,29758,69425,6773690
2008,January,1,14,Erie,50576,100401,10225406,21109,31310,3439554,29467,69091,6785852
2007,December,12,14,Erie,50062,99409,10235615,21079,31181,3462252,28983,68228,6773363
2007,November,11,14,Erie,49859,99188,10222472,21069,31284,3478089,28790,67904,6744383
2007,October,10,14,Erie,49556,98415,10186943,21173,31413,3498038,28383,67002,6688905
2007,September,9,14,Erie,49376,97885,9555899,21098,31307,3297688,28278,66578,6258211
2007,August,8,14,Erie,49155,97270,9486974,21064,31137,3280675,28091,66133,6206299
2007,July,7,14,Erie,49167,97357,9490668,21101,31231,3285240,28066,66126,6205428
2007,June,6,14,Erie,49198,97222,9476726,21194,31363,3303072,28004,65859,6173654
2007,May,5,14,Erie,49118,97083,9493516,21173,31398,3326198,27945,65685,6167318
2007,April,4,14,Erie,48942,96615,9426282,21349,31773,3361081,27593,64842,6065201
2007,March,3,14,Erie,49411,97504,9549667,21692,32446,3441741,27719,65058,6107926
2007,February,2,14,Erie,48961,96722,9414779,21632,32486,3433501,27329,64236,5981278
2007,January,1,14,Erie,49071,97042,9482582,21736,32625,3464007,27335,64417,6018575
2006,December,12,14,Erie,49005,97006,9594342,21876,33058,3553513,27129,63948,6040829
2006,November,11,14,Erie,48396,95914,9545230,21754,32770,3589594,26642,63144,5955636
2006,October,10,14,Erie,48811,95547,16202993,22245,32484,6143674,26566,63063,10059319
2006,September,9,14,Erie,48333,95871,9206155,21506,32344,3394586,26827,63527,5811569
2006,August,8,14,Erie,48297,95734,9222331,21572,32417,3413740,26725,63317,5808591
2006,July,7,14,Erie,47989,95087,9113853,21491,32368,3383700,26498,62719,5730153
2006,June,6,14,Erie,48054,95174,9136376,21469,32245,3379874,26585,62929,5756502
2006,May,5,14,Erie,47883,94758,9147023,21505,32278,3402073,26378,62480,5744950
2006,April,4,14,Erie,47795,94609,9103553,21430,32194,3383714,26365,62415,5719839
2006,March,3,14,Erie,48017,95080,9203205,21476,32260,3403776,26541,62820,5799429
2006,February,2,14,Erie,47531,94242,9123877,21376,32210,3398311,26155,62032,5725566
2006,January,1,14,Erie,47365,94041,8922250,21525,32600,3373930,25840,61441,5548320
2005,December,12,14,Erie,47275,94157,9134809,21540,32758,3483204,25735,61399,5651605
2005,November,11,14,Erie,46724,93138,8998085,21353,32359,3429958,25371,60779,5568127
2005,October,10,14,Erie,46485,92827,8954105,21284,32337,3426387,25201,60490,5527718
2005,September,9,14,Erie,46144,92206,8670542,20877,31817,3270485,25267,60389,5400057
2005,August,8,14,Erie,46227,92265,8684782,20965,31944,3296106,25262,60321,5388676
2005,July,7,14,Erie,46090,92075,8616563,20828,31839,3256377,25262,60236,5360186
2005,June,6,14,Erie,46415,92544,8669657,21026,32020,3280217,25389,60524,5389440
2005,May,5,14,Erie,46403,92427,8641738,21150,32147,3276360,25253,60280,5365378
2005,April,4,14,Erie,46768,92875,8651731,21630,32698,3308418,25138,60177,5343313
2005,March,3,14,Erie,46839,93017,8682574,21834,33093,3355950,25005,59924,5326624
2005,February,2,14,Erie,46569,92657,8604468,21925,33290,3355860,24644,59367,5248608
2005,January,1,14,Erie,46447,92422,8569943,22051,33497,3375629,24396,58925,5194314
2004,December,12,14,Erie,46339,92235,8687170,22025,33404,3405069,24314,58831,5282101
2004,November,11,14,Erie,45388,90909,8580068,21619,33045,3400075,23769,57864,5179993
2004,October,10,14,Erie,44716,89996,8550114,21178,32566,3403238,23538,57430,5146876
2004,September,9,14,Erie,43900,88893,7868213,20207,31348,3076616,23693,57545,4791597
2004,August,8,14,Erie,43122,88058,7825937,19544,30553,3037715,23578,57505,4788222
2004,July,7,14,Erie,42995,88092,7855565,19277,30256,3031330,23718,57836,4824235
2004,June,6,14,Erie,42374,87063,7746038,18730,29478,2969398,23644,57585,4776640
2004,May,5,14,Erie,42120,86575,7688606,18619,29216,2936345,23501,57359,4752261
2004,April,4,14,Erie,41725,85956,7675094,18487,29017,2925108,23238,56939,4749986
2004,March,3,14,Erie,41326,85118,7597055,18489,29025,2924004,22837,56093,4673051
2004,February,2,14,Erie,40831,84397,7493721,18363,28930,2893107,22468,55467,4600614
2004,January,1,14,Erie,40550,83972,7421902,18211,28625,2861279,22339,55347,4560623
2003,December,12,14,Erie,39979,83001,7333049,17915,28184,2794763,22064,54817,4538286
2003,November,11,14,Erie,39512,82088,7255327,17937,28173,2799948,21575,53915,4455379
2003,October,10,14,Erie,39338,81620,7301124,17859,28052,2838790,21479,53568,4462334
2003,September,9,14,Erie,39055,80997,7107473,17425,27402,2715644,21630,53595,4391829
2003,August,8,14,Erie,38674,80035,7007190,17448,27479,2711199,21226,52556,4295991
2003,July,7,14,Erie,38552,79705,6957061,17354,27196,2680614,21198,52509,4276447
2003,June,6,14,Erie,38446,79173,6899298,17389,27162,2667140,21057,52011,4232158
2003,May,5,14,Erie,38406,79081,6916435,17511,27578,2711172,20895,51503,4205263
2003,April,4,14,Erie,38162,78527,6849453,17640,27913,2741080,20522,50614,4108373
2003,March,3,14,Erie,38046,78321,6850599,17856,28572,2817571,20190,49749,4033028
2003,February,2,14,Erie,37683,77585,6746668,17841,28496,2803740,19842,49089,3942928
2003,January,1,14,Erie,37480,77316,6728937,17873,28700,2838293,19607,48616,3890644
2002,December,12,14,Erie,37213,76626,6676686,17961,28858,2852585,19252,47768,3824101
2002,November,11,14,Erie,36906,75925,6598685,18026,29028,2852485,18880,46897,3746200
2002,October,10,14,Erie,36856,75500,6575686,18210,29292,2883929,18646,46208,3691757
2002,September,9,14,Erie,36374,74447,6077988,17934,29024,2673092,18440,45423,3404896
2002,August,8,14,Erie,36457,74363,6100388,18088,29229,2707762,18369,45134,3392626
2002,July,7,14,Erie,36414,74426,6105834,18139,29438,2724127,18275,44988,3381707
2002,June,6,14,Erie,36561,74683,6137954,18250,29663,2747815,18311,45020,3390139
2002,May,5,14,Erie,36517,74607,6096987,18361,29926,2771622,18156,44681,3325365
2002,April,4,14,Erie,36426,74409,6072063,18430,30075,2800851,17996,44334,3271212
2002,March,3,14,Erie,36511,74663,6116642,18609,30450,2853056,17902,44213,3263586
2002,February,2,14,Erie,36161,74026,6062005,18400,30150,2820094,17761,43876,3241911
2002,January,1,14,Erie,36226,74130,6110598,18566,30568,2881777,17660,43562,3228821
2018,December,12,15,Essex,1895,3287,393966,680,775,121072,1215,2512,272894
2018,November,11,15,Essex,1874,3233,385879,680,778,121396,1194,2455,264483
2018,October,10,15,Essex,1866,3190,380283,678,771,120231,1188,2419,260052
2018,September,9,15,Essex,1859,3168,382352,679,768,119463,1180,2400,262889
2018,August,8,15,Essex,1882,3203,385841,690,785,122558,1192,2418,263283
2018,July,7,15,Essex,1898,3263,393799,686,780,120829,1212,2483,272970
2018,June,6,15,Essex,1939,3382,402280,684,781,121044,1255,2601,281236
2018,May,5,15,Essex,1969,3458,416803,677,764,118908,1292,2694,297895
2018,April,4,15,Essex,1955,3459,412277,678,793,122188,1277,2666,290089
2018,March,3,15,Essex,1983,3492,418945,683,803,124362,1300,2689,294583
2018,February,2,15,Essex,1952,3476,415474,677,790,123734,1275,2686,291740
2018,January,1,15,Essex,1958,3462,414162,687,785,123549,1271,2677,290613
2017,December,12,15,Essex,1933,3396,408588,688,786,124303,1245,2610,284285
2017,November,11,15,Essex,1898,3314,400826,683,787,124171,1215,2527,276655
2017,October,10,15,Essex,1884,3281,391811,685,790,124751,1199,2491,267060
2017,September,9,15,Essex,1896,3287,395408,683,780,122613,1213,2507,272795
2017,August,8,15,Essex,1909,3339,403811,692,792,125330,1217,2547,278481
2017,July,7,15,Essex,1916,3346,404595,677,776,119082,1239,2570,285513
2017,June,6,15,Essex,1935,3388,412627,674,768,118815,1261,2620,293812
2017,May,5,15,Essex,1949,3388,405576,683,784,118870,1266,2604,286706
2017,April,4,15,Essex,1965,3409,410194,688,785,119253,1277,2624,290941
2017,March,3,15,Essex,1994,3472,412725,683,769,117297,1311,2703,295428
2017,February,2,15,Essex,1991,3498,418021,686,770,118988,1305,2728,299033
2017,January,1,15,Essex,2000,3494,418470,687,765,118313,1313,2729,300157
2016,December,12,15,Essex,1991,3448,416603,693,778,120392,1298,2670,296211
2016,November,11,15,Essex,1946,3338,409510,694,772,128484,1252,2566,281026
2016,October,10,15,Essex,1942,3336,397847,680,756,117019,1262,2580,280828
2016,September,9,15,Essex,1953,3378,405729,677,751,117199,1276,2627,288530
2016,August,8,15,Essex,1964,3396,412812,685,752,116180,1279,2644,296632
2016,July,7,15,Essex,1961,3415,408631,686,752,115393,1275,2663,293238
2016,June,6,15,Essex,1964,3432,406427,672,733,112199,1292,2699,294228
2016,May,5,15,Essex,1995,3483,418287,678,740,114393,1317,2743,303894
2016,April,4,15,Essex,2009,3502,421596,679,734,113225,1330,2768,308371
2016,March,3,15,Essex,2013,3506,422259,681,739,112673,1332,2767,309586
2016,February,2,15,Essex,2007,3522,423198,681,743,112893,1326,2779,310305
2016,January,1,15,Essex,2015,3532,427670,690,755,115109,1325,2777,312561
2015,December,12,15,Essex,2032,3578,440237,702,774,117983,1330,2804,322254
2015,November,11,15,Essex,1992,3519,435206,692,767,118350,1300,2752,316856
2015,October,10,15,Essex,2003,3576,440140,686,765,118455,1317,2811,321685
2015,September,9,15,Essex,2033,3635,449066,699,777,120753,1334,2858,328313
2015,August,8,15,Essex,2039,3589,450470,698,775,119684,1341,2814,330786
2015,July,7,15,Essex,2076,3668,453420,712,796,121533,1364,2872,331887
2015,June,6,15,Essex,2094,3718,465801,707,783,119960,1387,2935,345841
2015,May,5,15,Essex,2115,3760,463089,718,798,122306,1397,2962,340783
2015,April,4,15,Essex,2139,3805,465596,726,812,124132,1413,2993,341464
2015,March,3,15,Essex,2139,3792,467696,727,822,127394,1412,2970,340302
2015,February,2,15,Essex,2138,3813,466572,734,838,128700,1404,2975,337872
2015,January,1,15,Essex,2146,3841,475424,745,864,133716,1401,2977,341708
2014,December,12,15,Essex,2115,3795,472644,690,774,122954,1425,3021,349690
2014,November,11,15,Essex,2103,3772,470962,687,764,120643,1416,3008,350319
2014,October,10,15,Essex,2066,3658,456400,686,751,119743,1380,2907,336657
2014,September,9,15,Essex,2051,3620,434058,676,739,111713,1375,2881,322345
2014,August,8,15,Essex,2080,3691,450699,689,755,115761,1391,2936,334938
2014,July,7,15,Essex,2079,3691,452291,693,770,119537,1386,2921,332754
2014,June,6,15,Essex,2143,3847,471864,691,768,118826,1452,3079,353038
2014,May,5,15,Essex,2158,3924,479529,690,772,119951,1468,3152,359578
2014,April,4,15,Essex,2181,3946,480986,686,765,119607,1495,3181,361379
2014,March,3,15,Essex,2183,3962,483628,683,758,118838,1500,3204,364790
2014,February,2,15,Essex,2158,3912,477116,671,746,115753,1487,3166,361363
2014,January,1,15,Essex,2158,3933,480684,676,746,117620,1482,3187,363064
2013,December,12,15,Essex,2112,3843,471585,688,764,120432,1424,3079,351153
2013,November,11,15,Essex,2119,3790,522718,693,763,131348,1426,3027,391370
2013,October,10,15,Essex,2066,3765,501191,691,768,128794,1375,2997,372397
2013,September,9,15,Essex,2058,3728,481501,707,790,128635,1351,2938,352866
2013,August,8,15,Essex,2079,3754,486696,691,765,124267,1388,2989,362429
2013,July,7,15,Essex,2111,3822,500585,700,778,126316,1411,3044,374269
2013,June,6,15,Essex,2130,3910,509744,693,767,123606,1437,3143,386138
2013,May,5,15,Essex,2145,3930,512151,688,764,124009,1457,3166,388142
2013,April,4,15,Essex,2140,3950,515429,680,753,122319,1460,3197,393110
2013,March,3,15,Essex,2155,4006,516236,685,760,124521,1470,3246,391715
2013,February,2,15,Essex,2139,3984,521173,689,762,124787,1450,3222,396386
2013,January,1,15,Essex,2130,3966,512797,686,760,124294,1444,3206,388503
2012,December,12,15,Essex,2098,3895,513770,676,746,121603,1422,3149,392167
2012,November,11,15,Essex,2039,3750,488599,684,755,124386,1355,2995,364213
2012,October,10,15,Essex,2031,3737,481861,684,766,125743,1347,2971,356118
2012,September,9,15,Essex,2002,3685,474098,670,745,122854,1332,2940,351244
2012,August,8,15,Essex,2031,3754,481705,662,722,119060,1369,3032,362645
2012,July,7,15,Essex,2031,3780,482645,655,711,117334,1376,3069,365311
2012,June,6,15,Essex,2064,3875,492766,658,722,118071,1406,3153,374695
2012,May,5,15,Essex,2061,3872,494414,665,753,122299,1396,3119,372115
2012,April,4,15,Essex,2073,3932,501656,664,740,120385,1409,3192,381271
2012,March,3,15,Essex,2104,4007,567198,664,747,156893,1440,3260,410305
2012,February,2,15,Essex,2057,3936,498258,662,742,122691,1395,3194,375567
2012,January,1,15,Essex,2066,3961,502643,654,745,122270,1412,3216,380373
2011,December,12,15,Essex,2025,3817,494734,649,729,123324,1376,3088,371410
2011,November,11,15,Essex,1959,3726,483488,639,722,120079,1320,3004,363409
2011,October,10,15,Essex,1938,3630,474003,638,707,119289,1300,2923,354714
2011,September,9,15,Essex,1971,3702,485701,645,716,120793,1326,2986,364908
2011,August,8,15,Essex,1939,3605,465973,643,709,118027,1296,2896,347946
2011,July,7,15,Essex,1977,3694,483494,653,728,121431,1324,2966,362063
2011,June,6,15,Essex,1993,3726,487830,660,743,123155,1333,2983,364675
2011,May,5,15,Essex,1999,3732,487748,652,739,122325,1347,2993,365423
2011,April,4,15,Essex,2013,3778,490453,648,730,119730,1365,3048,370723
2011,March,3,15,Essex,2009,3786,506653,642,736,124426,1367,3050,382227
2011,February,2,15,Essex,1969,3727,488143,638,721,122535,1331,3006,365608
2011,January,1,15,Essex,1945,3703,484251,638,732,124108,1307,2971,360143
2010,December,12,15,Essex,1922,3622,476213,629,706,120122,1293,2916,356091
2010,November,11,15,Essex,1874,3532,467501,637,712,120719,1237,2820,346782
2010,October,10,15,Essex,1837,3434,454541,640,725,122906,1197,2709,331635
2010,September,9,15,Essex,1793,3354,439397,628,719,121243,1165,2635,318154
2010,August,8,15,Essex,1781,3357,446482,626,710,120316,1155,2647,326166
2010,July,7,15,Essex,1814,3440,461265,639,732,123526,1175,2708,337739
2010,June,6,15,Essex,1781,3369,447535,633,722,122079,1148,2647,325456
2010,May,5,15,Essex,1804,3436,455600,636,724,123558,1168,2712,332042
2010,April,4,15,Essex,1817,3482,457996,636,728,122822,1181,2754,335174
2010,March,3,15,Essex,1820,3484,459616,644,758,126067,1176,2726,333549
2010,February,2,15,Essex,1781,3438,452231,632,730,124257,1149,2708,327974
2010,January,1,15,Essex,1737,3343,440653,614,702,118755,1123,2641,321898
2009,December,12,15,Essex,1715,3296,431330,619,700,118202,1096,2596,313128
2009,November,11,15,Essex,1672,3180,422501,616,705,118576,1056,2475,303925
2009,October,10,15,Essex,1628,3049,402997,609,701,118515,1019,2348,284482
2009,September,9,15,Essex,1580,2930,388433,599,681,115356,981,2249,273077
2009,August,8,15,Essex,1538,2814,377841,599,669,112637,939,2145,265204
2009,July,7,15,Essex,1533,2802,377472,591,659,111581,942,2143,265891
2009,June,6,15,Essex,1507,2744,377092,587,653,110270,920,2091,266822
2009,May,5,15,Essex,1508,2774,381970,580,663,111359,928,2111,270611
2009,April,4,15,Essex,1480,2697,374574,571,661,110087,909,2036,264487
2009,March,3,15,Essex,1467,2683,321991,565,649,94186,902,2034,227805
2009,February,2,15,Essex,1449,2653,321100,563,643,92312,886,2010,228788
2009,January,1,15,Essex,1418,2562,275929,557,634,78039,861,1928,197890
2008,December,12,15,Essex,1381,2456,273769,550,616,78225,831,1840,195544
2008,November,11,15,Essex,1300,2264,251587,549,616,78671,751,1648,172916
2008,October,10,15,Essex,1278,2241,248518,553,629,80530,725,1612,167988
2008,September,9,15,Essex,1239,2138,179887,536,603,47820,703,1535,132067
2008,August,8,15,Essex,1218,2077,173854,547,614,47492,671,1463,126362
2008,July,7,15,Essex,1220,2066,170655,549,618,47308,671,1448,123347
2008,June,6,15,Essex,1236,2094,179199,551,630,49616,685,1464,129583
2008,May,5,15,Essex,1244,2110,179776,544,622,49014,700,1488,130762
2008,April,4,15,Essex,1243,2144,181533,536,616,49049,707,1528,132484
2008,March,3,15,Essex,1245,2161,184503,536,622,50372,709,1539,134131
2008,February,2,15,Essex,1229,2108,179132,544,632,52028,685,1476,127104
2008,January,1,15,Essex,1203,2079,173068,527,604,48276,676,1475,124792
2007,December,12,15,Essex,1221,2091,183748,546,640,54936,675,1451,128812
2007,November,11,15,Essex,1182,1993,175984,531,611,50972,651,1382,125012
2007,October,10,15,Essex,1156,1927,169917,542,640,54021,614,1287,115896
2007,September,9,15,Essex,1162,1946,159633,544,638,48902,618,1308,110731
2007,August,8,15,Essex,1153,1941,159174,538,623,47780,615,1318,111394
2007,July,7,15,Essex,1179,1981,163480,554,654,51443,625,1327,112037
2007,June,6,15,Essex,1187,2013,169531,554,659,54938,633,1354,114593
2007,May,5,15,Essex,1198,2038,167911,555,671,53647,643,1367,114264
2007,April,4,15,Essex,1204,2068,169600,561,685,55805,643,1383,113795
2007,March,3,15,Essex,1237,2133,176458,564,685,55800,673,1448,120658
2007,February,2,15,Essex,1239,2145,173449,558,681,55550,681,1464,117899
2007,January,1,15,Essex,1244,2187,181769,560,693,57349,684,1494,124420
2006,December,12,15,Essex,1223,2149,180867,561,680,58788,662,1469,122079
2006,November,11,15,Essex,1202,2081,175672,561,686,60523,641,1395,115149
2006,October,10,15,Essex,1180,2051,167779,565,702,59183,615,1349,108596
2006,September,9,15,Essex,1185,2035,164039,574,704,57296,611,1331,106743
2006,August,8,15,Essex,1212,2069,166500,591,730,58145,621,1339,108355
2006,July,7,15,Essex,1232,2133,174010,601,765,62525,631,1368,111485
2006,June,6,15,Essex,1253,2164,177171,606,767,63593,647,1397,113578
2006,May,5,15,Essex,1258,2161,179321,614,784,66894,644,1377,112427
2006,April,4,15,Essex,1268,2207,181784,619,809,68653,649,1398,113131
2006,March,3,15,Essex,1295,2272,187635,618,787,67032,677,1485,120603
2006,February,2,15,Essex,1304,2331,191148,610,784,66989,694,1547,124159
2006,January,1,15,Essex,1294,2308,176260,601,759,59961,693,1549,116299
2005,December,12,15,Essex,1307,2359,187445,609,769,64516,698,1590,122929
2005,November,11,15,Essex,1284,2324,184561,593,731,60286,691,1593,124275
2005,October,10,15,Essex,1245,2241,175212,577,716,58152,668,1525,117060
2005,September,9,15,Essex,1245,2213,166205,559,688,51767,686,1525,114438
2005,August,8,15,Essex,1256,2258,169230,561,694,53073,695,1564,116157
2005,July,7,15,Essex,1249,2253,172065,554,683,52013,695,1570,120052
2005,June,6,15,Essex,1258,2278,176059,569,721,56545,689,1557,119514
2005,May,5,15,Essex,1280,2301,179037,580,741,57745,700,1560,121292
2005,April,4,15,Essex,1306,2349,178809,595,752,56378,711,1597,122431
2005,March,3,15,Essex,1312,2332,176977,605,764,56938,707,1568,120039
2005,February,2,15,Essex,1333,2394,182856,626,804,60030,707,1590,122826
2005,January,1,15,Essex,1331,2387,181913,627,817,61206,704,1570,120707
2004,December,12,15,Essex,1328,2354,186434,633,813,62935,695,1541,123499
2004,November,11,15,Essex,1284,2239,176318,615,801,63673,669,1438,112645
2004,October,10,15,Essex,1289,2290,183619,610,796,64498,679,1494,119121
2004,September,9,15,Essex,1255,2270,166283,564,738,54252,691,1532,112031
2004,August,8,15,Essex,1220,2214,162201,544,714,52055,676,1500,110146
2004,July,7,15,Essex,1233,2269,166504,548,742,53738,685,1527,112766
2004,June,6,15,Essex,1225,2271,170458,523,696,52893,702,1575,117565
2004,May,5,15,Essex,1227,2254,170037,542,725,56044,685,1529,113993
2004,April,4,15,Essex,1218,2249,168535,555,757,59055,663,1492,109480
2004,March,3,15,Essex,1221,2292,170315,550,749,57200,671,1543,113115
2004,February,2,15,Essex,1200,2278,167007,535,731,54766,665,1547,112241
2004,January,1,15,Essex,1188,2259,166011,533,720,55323,655,1539,110688
2003,December,12,15,Essex,1163,2197,160774,522,696,51907,641,1501,108867
2003,November,11,15,Essex,1155,2181,162667,511,683,51197,644,1498,111470
2003,October,10,15,Essex,1151,2140,159669,526,701,54631,625,1439,105038
2003,September,9,15,Essex,1153,2142,154168,503,649,46386,650,1493,107782
2003,August,8,15,Essex,1162,2185,156155,503,664,47427,659,1521,108728
2003,July,7,15,Essex,1182,2232,158527,520,687,50935,662,1545,107592
2003,June,6,15,Essex,1204,2276,163770,530,707,53305,674,1569,110465
2003,May,5,15,Essex,1202,2290,164751,536,729,57258,666,1561,107493
2003,April,4,15,Essex,1174,2218,160444,514,673,51550,660,1545,108894
2003,March,3,15,Essex,1194,2273,166012,519,687,53143,675,1586,112869
2003,February,2,15,Essex,1191,2265,165020,507,661,50124,684,1604,114896
2003,January,1,15,Essex,1190,2244,161175,490,639,46667,700,1605,114508
2002,December,12,15,Essex,1201,2246,163821,489,640,49002,712,1606,114819
2002,November,11,15,Essex,1179,2189,162032,503,639,49629,676,1550,112403
2002,October,10,15,Essex,1147,2087,151406,490,613,46597,657,1474,104809
2002,September,9,15,Essex,1125,2037,139500,482,601,42762,643,1436,96738
2002,August,8,15,Essex,1133,2071,141081,494,634,45737,639,1437,95344
2002,July,7,15,Essex,1150,2148,147735,483,611,42516,667,1537,105219
2002,June,6,15,Essex,1168,2197,152284,486,630,44396,682,1567,107888
2002,May,5,15,Essex,1171,2211,157374,490,653,47561,681,1558,109813
2002,April,4,15,Essex,1173,2225,157592,504,671,49733,669,1554,107859
2002,March,3,15,Essex,1184,2230,159349,513,691,52592,671,1539,106757
2002,February,2,15,Essex,1151,2142,153140,499,653,47457,652,1489,105683
2002,January,1,15,Essex,1153,2167,155747,508,662,48456,645,1505,107291
2018,December,12,16,Franklin,3974,6874,867758,1520,1871,297040,2454,5003,570718
2018,November,11,16,Franklin,3929,6801,853788,1508,1881,297473,2421,4920,556315
2018,October,10,16,Franklin,3935,6799,866646,1511,1897,300859,2424,4902,565787
2018,September,9,16,Franklin,3868,6711,841393,1485,1869,296305,2383,4842,545088
2018,August,8,16,Franklin,3921,6742,852459,1514,1876,299030,2407,4866,553429
2018,July,7,16,Franklin,3918,6759,844321,1495,1860,290439,2423,4899,553882
2018,June,6,16,Franklin,3980,6856,850093,1519,1884,293093,2461,4972,557000
2018,May,5,16,Franklin,4004,6949,863313,1522,1902,296457,2482,5047,566856
2018,April,4,16,Franklin,4057,7027,879570,1526,1912,297441,2531,5115,582129
2018,March,3,16,Franklin,4070,7049,891642,1525,1916,296962,2545,5133,594680
2018,February,2,16,Franklin,4035,7019,877916,1521,1930,298264,2514,5089,579652
2018,January,1,16,Franklin,4055,7054,886490,1541,1960,305555,2514,5094,580935
2017,December,12,16,Franklin,3996,6966,880258,1502,1908,300865,2494,5058,579393
2017,November,11,16,Franklin,3927,6914,867435,1481,1884,292096,2446,5030,575339
2017,October,10,16,Franklin,3944,6971,879398,1486,1882,292827,2458,5089,586571
2017,September,9,16,Franklin,3962,7033,880039,1483,1862,289529,2479,5171,590510
2017,August,8,16,Franklin,3939,6972,874197,1477,1863,288953,2462,5109,585244
2017,July,7,16,Franklin,3963,7031,874573,1482,1888,290602,2481,5143,583971
2017,June,6,16,Franklin,4007,7137,885052,1499,1911,292295,2508,5226,592757
2017,May,5,16,Franklin,3996,7103,881631,1477,1869,287240,2519,5234,594391
2017,April,4,16,Franklin,4049,7161,897604,1482,1874,288649,2567,5287,608955
2017,March,3,16,Franklin,4102,7300,923319,1508,1931,298973,2594,5369,624346
2017,February,2,16,Franklin,4060,7226,904211,1516,1952,303081,2544,5274,601130
2017,January,1,16,Franklin,4086,7291,916794,1528,1961,304141,2558,5330,612653
2016,December,12,16,Franklin,4039,7223,900193,1505,1952,301961,2534,5271,598232
2016,November,11,16,Franklin,4020,7155,904924,1508,1955,308384,2512,5200,596540
2016,October,10,16,Franklin,4042,7207,900407,1510,1963,302532,2532,5244,597875
2016,September,9,16,Franklin,4063,7254,912583,1519,1984,306297,2544,5270,606286
2016,August,8,16,Franklin,4068,7233,922964,1520,1968,304064,2548,5265,618900
2016,July,7,16,Franklin,4072,7279,921506,1506,1950,298541,2566,5329,622965
2016,June,6,16,Franklin,4077,7299,925996,1498,1946,298663,2579,5353,627333
2016,May,5,16,Franklin,4100,7349,927714,1507,1945,297956,2593,5404,629758
2016,April,4,16,Franklin,4147,7421,940631,1515,1978,300662,2632,5443,639969
2016,March,3,16,Franklin,4150,7466,939350,1537,2021,307560,2613,5445,631790
2016,February,2,16,Franklin,4164,7493,949421,1545,2043,315380,2619,5450,634041
2016,January,1,16,Franklin,4166,7528,957080,1553,2075,316956,2613,5453,640124
2015,December,12,16,Franklin,4130,7460,954073,1564,2090,321057,2566,5370,633016
2015,November,11,16,Franklin,4093,7399,956045,1563,2096,323040,2530,5303,633005
2015,October,10,16,Franklin,4109,7439,956919,1559,2089,320926,2550,5350,635993
2015,September,9,16,Franklin,4090,7432,944412,1537,2044,314032,2553,5388,630380
2015,August,8,16,Franklin,4097,7461,953541,1533,2030,314458,2564,5431,639083
2015,July,7,16,Franklin,4133,7510,950496,1543,2059,315572,2590,5451,634924
2015,June,6,16,Franklin,4176,7613,975602,1568,2093,320247,2608,5520,655355
2015,May,5,16,Franklin,4186,7684,984279,1559,2096,319411,2627,5588,664868
2015,April,4,16,Franklin,4222,7742,995008,1549,2071,318247,2673,5671,676761
2015,March,3,16,Franklin,4198,7684,994014,1567,2114,321365,2631,5570,672649
2015,February,2,16,Franklin,4205,7692,996946,1562,2093,321211,2643,5599,675735
2015,January,1,16,Franklin,4173,7625,995537,1562,2094,321516,2611,5531,674021
2014,December,12,16,Franklin,4093,7474,980196,1402,1774,280832,2691,5700,699364
2014,November,11,16,Franklin,4037,7380,959369,1406,1774,280202,2631,5606,679167
2014,October,10,16,Franklin,4068,7469,975667,1372,1741,275238,2696,5728,700429
2014,September,9,16,Franklin,4044,7486,946900,1373,1783,269245,2671,5703,677655
2014,August,8,16,Franklin,4052,7511,953837,1390,1813,274696,2662,5698,679141
2014,July,7,16,Franklin,4049,7478,949132,1409,1827,280196,2640,5651,668936
2014,June,6,16,Franklin,4110,7630,974697,1417,1854,286861,2693,5776,687836
2014,May,5,16,Franklin,4117,7666,981970,1400,1823,280862,2717,5843,701108
2014,April,4,16,Franklin,4140,7727,985321,1414,1861,286527,2726,5866,698794
2014,March,3,16,Franklin,4142,7754,993253,1406,1849,281745,2736,5905,711508
2014,February,2,16,Franklin,4083,7584,968624,1407,1841,281900,2676,5743,686724
2014,January,1,16,Franklin,4065,7586,967842,1412,1862,286760,2653,5724,681082
2013,December,12,16,Franklin,4039,7526,970175,1424,1866,293686,2615,5660,676489
2013,November,11,16,Franklin,4204,7568,1326213,1520,1946,456879,2684,5622,869334
2013,October,10,16,Franklin,3992,7376,1016000,1402,1801,298309,2590,5575,717691
2013,September,9,16,Franklin,3963,7339,996279,1399,1837,297523,2564,5502,698756
2013,August,8,16,Franklin,3985,7401,1004045,1396,1799,293222,2589,5602,710823
2013,July,7,16,Franklin,4023,7517,1019869,1379,1762,288007,2644,5755,731862
2013,June,6,16,Franklin,4051,7501,1009179,1392,1782,288774,2659,5719,720405
2013,May,5,16,Franklin,4062,7548,1023875,1399,1806,294407,2663,5742,729468
2013,April,4,16,Franklin,4034,7474,1004632,1398,1814,294460,2636,5660,710172
2013,March,3,16,Franklin,4025,7500,1021451,1428,1870,302971,2597,5630,718480
2013,February,2,16,Franklin,3945,7388,997271,1407,1821,293290,2538,5567,703981
2013,January,1,16,Franklin,3884,7255,1004715,1386,1792,289240,2498,5463,715475
2012,December,12,16,Franklin,3792,7085,958827,1351,1750,285283,2441,5335,673544
2012,November,11,16,Franklin,3791,7065,973530,1355,1754,288066,2436,5311,685464
2012,October,10,16,Franklin,3804,7041,961812,1367,1775,286255,2437,5266,675557
2012,September,9,16,Franklin,3768,7003,959150,1374,1806,293172,2394,5197,665978
2012,August,8,16,Franklin,3822,7142,994304,1358,1769,291652,2464,5373,702652
2012,July,7,16,Franklin,3755,6987,957395,1351,1756,285026,2404,5231,672369
2012,June,6,16,Franklin,3775,7056,966730,1343,1738,281735,2432,5318,684995
2012,May,5,16,Franklin,3751,7024,959670,1349,1748,282818,2402,5276,676852
2012,April,4,16,Franklin,3764,7045,958365,1334,1733,278720,2430,5312,679645
2012,March,3,16,Franklin,3764,7066,996613,1328,1712,294739,2436,5354,701874
2012,February,2,16,Franklin,3729,7042,953225,1316,1691,271294,2413,5351,681931
2012,January,1,16,Franklin,3749,7095,953633,1306,1684,270242,2443,5411,683391
2011,December,12,16,Franklin,3714,7064,964779,1300,1675,271055,2414,5389,693724
2011,November,11,16,Franklin,3621,6880,929362,1295,1672,270209,2326,5208,659153
2011,October,10,16,Franklin,3619,6862,936535,1286,1643,269189,2333,5219,667346
2011,September,9,16,Franklin,3591,6828,911269,1248,1574,252662,2343,5254,658607
2011,August,8,16,Franklin,3578,6827,913408,1223,1539,248468,2355,5288,664940
2011,July,7,16,Franklin,3602,6857,914515,1243,1568,251664,2359,5289,662851
2011,June,6,16,Franklin,3569,6806,910557,1217,1545,247506,2352,5261,663051
2011,May,5,16,Franklin,3551,6812,909137,1209,1534,246863,2342,5278,662274
2011,April,4,16,Franklin,3577,6836,906441,1216,1550,248401,2361,5286,658040
2011,March,3,16,Franklin,3549,6770,924194,1211,1541,257543,2338,5229,666651
2011,February,2,16,Franklin,3535,6735,916486,1223,1563,261526,2312,5172,654960
2011,January,1,16,Franklin,3499,6680,902762,1225,1569,260987,2274,5111,641775
2010,December,12,16,Franklin,3468,6642,904454,1189,1499,247771,2279,5143,656683
2010,November,11,16,Franklin,3413,6470,883100,1179,1467,243133,2234,5003,639967
2010,October,10,16,Franklin,3373,6410,886156,1184,1486,247291,2189,4924,638865
2010,September,9,16,Franklin,3312,6355,874011,1150,1410,233783,2162,4945,640228
2010,August,8,16,Franklin,3305,6335,874625,1144,1410,234741,2161,4925,639884
2010,July,7,16,Franklin,3302,6340,873412,1139,1404,234803,2163,4936,638609
2010,June,6,16,Franklin,3318,6356,875015,1140,1379,232170,2178,4977,642845
2010,May,5,16,Franklin,3322,6378,883173,1141,1393,233272,2181,4985,649901
2010,April,4,16,Franklin,3279,6289,873765,1140,1419,236046,2139,4870,637719
2010,March,3,16,Franklin,3260,6232,868965,1146,1425,238175,2114,4807,630790
2010,February,2,16,Franklin,3224,6193,865160,1133,1399,234683,2091,4794,630477
2010,January,1,16,Franklin,3246,6277,883493,1140,1422,241046,2106,4855,642447
2009,December,12,16,Franklin,3200,6170,851942,1117,1384,233354,2083,4786,618588
2009,November,11,16,Franklin,3110,5997,827203,1094,1343,224926,2016,4654,602277
2009,October,10,16,Franklin,3095,5958,836737,1109,1391,235789,1986,4567,600948
2009,September,9,16,Franklin,3018,5830,813524,1075,1351,227008,1943,4479,586516
2009,August,8,16,Franklin,3004,5783,807603,1076,1347,226263,1928,4436,581340
2009,July,7,16,Franklin,2997,5781,820177,1085,1346,228624,1912,4435,591553
2009,June,6,16,Franklin,2948,5674,803453,1067,1327,226157,1881,4347,577296
2009,May,5,16,Franklin,2917,5612,791238,1060,1332,223761,1857,4280,567477
2009,April,4,16,Franklin,2894,5615,799157,1054,1325,223848,1840,4290,575309
2009,March,3,16,Franklin,2894,5611,689635,1047,1317,196450,1847,4294,493185
2009,February,2,16,Franklin,2807,5474,661181,1042,1308,189699,1765,4166,471482
2009,January,1,16,Franklin,2809,5482,608184,1041,1334,168815,1768,4148,439369
2008,December,12,16,Franklin,2740,5339,600639,1020,1281,162424,1720,4058,438215
2008,November,11,16,Franklin,2672,5204,586777,1009,1309,164913,1663,3895,421864
2008,October,10,16,Franklin,2602,5057,577269,987,1236,159244,1615,3821,418025
2008,September,9,16,Franklin,2546,4911,450651,963,1204,110465,1583,3707,340186
2008,August,8,16,Franklin,2526,4868,452860,970,1224,112394,1556,3644,340466
2008,July,7,16,Franklin,2516,4838,448235,966,1227,112849,1550,3611,335386
2008,June,6,16,Franklin,2500,4839,450871,959,1219,114863,1541,3620,336008
2008,May,5,16,Franklin,2535,4894,452824,977,1250,116160,1558,3644,336664
2008,April,4,16,Franklin,2528,4901,456411,982,1264,119569,1546,3637,336842
2008,March,3,16,Franklin,2531,4907,453798,993,1285,119778,1538,3622,334020
2008,February,2,16,Franklin,2475,4812,443685,997,1298,120917,1478,3514,322768
2008,January,1,16,Franklin,2446,4765,443205,989,1289,120290,1457,3476,322915
2007,December,12,16,Franklin,2389,4629,433358,970,1258,120929,1419,3371,312429
2007,November,11,16,Franklin,2381,4597,437992,982,1263,122486,1399,3334,315506
2007,October,10,16,Franklin,2364,4499,430772,979,1247,119253,1385,3252,311519
2007,September,9,16,Franklin,2357,4529,402307,976,1247,112252,1381,3282,290055
2007,August,8,16,Franklin,2362,4521,404444,972,1211,109398,1390,3310,295046
2007,July,7,16,Franklin,2375,4585,408557,962,1217,110434,1413,3368,298123
2007,June,6,16,Franklin,2415,4677,417401,974,1250,113527,1441,3427,303874
2007,May,5,16,Franklin,2396,4628,415964,967,1223,111692,1429,3405,304272
2007,April,4,16,Franklin,2399,4688,419237,985,1270,118377,1414,3418,300860
2007,March,3,16,Franklin,2433,4707,424782,1013,1336,127862,1420,3371,296920
2007,February,2,16,Franklin,2389,4689,416876,986,1322,122405,1403,3367,294471
2007,January,1,16,Franklin,2379,4628,411572,985,1313,122377,1394,3315,289195
2006,December,12,16,Franklin,2384,4591,420638,1003,1346,128323,1381,3245,292315
2006,November,11,16,Franklin,2354,4492,418313,999,1339,132005,1355,3153,286308
2006,October,10,16,Franklin,2362,4536,420524,1009,1323,126916,1353,3213,293608
2006,September,9,16,Franklin,2378,4550,407626,1011,1328,123743,1367,3222,283883
2006,August,8,16,Franklin,2317,4453,398510,1003,1318,124380,1314,3135,274130
2006,July,7,16,Franklin,2327,4476,402324,1001,1294,119550,1326,3182,282774
2006,June,6,16,Franklin,2345,4545,401014,1002,1305,119927,1343,3240,281087
2006,May,5,16,Franklin,2325,4524,400146,997,1291,118945,1328,3233,281201
2006,April,4,16,Franklin,2353,4620,408049,1007,1324,122518,1346,3296,285531
2006,March,3,16,Franklin,2394,4682,421103,1012,1352,126119,1382,3330,294984
2006,February,2,16,Franklin,2363,4617,412810,997,1320,122721,1366,3297,290089
2006,January,1,16,Franklin,2332,4530,391877,995,1320,117270,1337,3210,274607
2005,December,12,16,Franklin,2300,4471,394449,972,1266,119029,1328,3205,275420
2005,November,11,16,Franklin,2244,4393,389559,971,1262,115392,1273,3131,274167
2005,October,10,16,Franklin,2210,4283,379339,966,1273,116802,1244,3010,262537
2005,September,9,16,Franklin,2177,4235,365465,949,1261,113589,1228,2974,251876
2005,August,8,16,Franklin,2204,4286,372493,938,1232,110871,1266,3054,261622
2005,July,7,16,Franklin,2230,4343,374777,935,1219,107063,1295,3124,267714
2005,June,6,16,Franklin,2267,4456,379886,947,1240,108231,1320,3216,271655
2005,May,5,16,Franklin,2321,4552,390082,959,1251,106126,1362,3301,283956
2005,April,4,16,Franklin,2366,4619,393924,1001,1314,112737,1365,3305,281187
2005,March,3,16,Franklin,2376,4613,394671,1024,1346,115491,1352,3267,279180
2005,February,2,16,Franklin,2340,4557,391058,1014,1315,111726,1326,3242,279332
2005,January,1,16,Franklin,2338,4536,387533,1022,1332,111690,1316,3204,275843
2004,December,12,16,Franklin,2315,4482,387851,1038,1329,112060,1277,3153,275791
2004,November,11,16,Franklin,2181,4243,365149,979,1287,110831,1202,2956,254318
2004,October,10,16,Franklin,2099,4119,361478,928,1227,109532,1171,2892,251946
2004,September,9,16,Franklin,2037,4018,326206,873,1168,97589,1164,2850,228617
2004,August,8,16,Franklin,1977,3979,321899,798,1088,91381,1179,2891,230518
2004,July,7,16,Franklin,1960,3943,321109,789,1064,93234,1171,2879,227875
2004,June,6,16,Franklin,1921,3905,318498,750,1029,88867,1171,2876,229631
2004,May,5,16,Franklin,1944,3939,322669,763,1042,92212,1181,2897,230457
2004,April,4,16,Franklin,1935,3914,321232,747,985,86863,1188,2929,234369
2004,March,3,16,Franklin,1945,3956,322797,721,956,82191,1224,3000,240606
2004,February,2,16,Franklin,1933,3960,322235,747,987,87980,1186,2973,234255
2004,January,1,16,Franklin,1904,3888,317284,738,973,86895,1166,2915,230389
2003,December,12,16,Franklin,1899,3862,315052,719,942,82898,1180,2920,232154
2003,November,11,16,Franklin,1836,3742,299332,710,940,79418,1126,2802,219914
2003,October,10,16,Franklin,1855,3747,301984,709,935,80656,1146,2812,221328
2003,September,9,16,Franklin,1835,3754,296255,703,962,80852,1132,2792,215403
2003,August,8,16,Franklin,1827,3730,298959,702,937,78641,1125,2793,220318
2003,July,7,16,Franklin,1824,3733,299769,691,916,77868,1133,2817,221901
2003,June,6,16,Franklin,1819,3713,296872,684,908,77795,1135,2805,219077
2003,May,5,16,Franklin,1849,3797,302577,673,902,75560,1176,2895,227017
2003,April,4,16,Franklin,1842,3769,301674,673,911,76397,1169,2858,225277
2003,March,3,16,Franklin,1845,3800,302935,689,950,79704,1156,2850,223231
2003,February,2,16,Franklin,1807,3718,292084,684,930,77123,1123,2788,214961
2003,January,1,16,Franklin,1785,3682,286447,671,916,75473,1114,2766,210974
2002,December,12,16,Franklin,1754,3635,284425,673,928,77243,1081,2707,207182
2002,November,11,16,Franklin,1729,3531,274122,671,909,76434,1058,2622,197688
2002,October,10,16,Franklin,1692,3474,268233,652,883,74350,1040,2591,193883
2002,September,9,16,Franklin,1670,3417,246105,673,939,71431,997,2478,174674
2002,August,8,16,Franklin,1655,3391,249307,652,877,68056,1003,2514,181251
2002,July,7,16,Franklin,1670,3421,249888,667,903,69641,1003,2518,180247
2002,June,6,16,Franklin,1682,3465,252746,665,914,72067,1017,2551,180679
2002,May,5,16,Franklin,1674,3487,257626,657,900,71715,1017,2587,185911
2002,April,4,16,Franklin,1674,3512,260119,663,904,72516,1011,2608,187603
2002,March,3,16,Franklin,1675,3522,260892,665,913,73392,1010,2609,187500
2002,February,2,16,Franklin,1647,3458,256791,646,858,66443,1001,2600,190348
2002,January,1,16,Franklin,1658,3437,254297,656,867,67503,1002,2570,186794
2018,December,12,17,Fulton,4284,7205,874965,1388,1577,251512,2896,5628,623453
2018,November,11,17,Fulton,4235,7134,860419,1366,1533,243289,2869,5601,617130
2018,October,10,17,Fulton,4223,7149,869245,1364,1534,244653,2859,5615,624592
2018,September,9,17,Fulton,4203,7095,861497,1368,1548,245966,2835,5547,615531
2018,August,8,17,Fulton,4206,7139,865749,1369,1545,244654,2837,5594,621095
2018,July,7,17,Fulton,4253,7283,872609,1342,1521,235956,2911,5762,636653
2018,June,6,17,Fulton,4320,7419,886543,1348,1542,238076,2972,5877,648467
2018,May,5,17,Fulton,4388,7602,910372,1364,1570,243460,3024,6032,666912
2018,April,4,17,Fulton,4433,7716,921581,1342,1554,240186,3091,6162,681395
2018,March,3,17,Fulton,4491,7839,940973,1360,1575,243720,3131,6264,697253
2018,February,2,17,Fulton,4488,7844,936603,1365,1576,242745,3123,6268,693858
2018,January,1,17,Fulton,4510,7870,937551,1367,1590,245563,3143,6280,691988
2017,December,12,17,Fulton,4531,7906,951634,1361,1578,249062,3170,6328,702572
2017,November,11,17,Fulton,4476,7811,939150,1372,1589,247837,3104,6222,691313
2017,October,10,17,Fulton,4478,7811,953505,1368,1580,250684,3110,6231,702821
2017,September,9,17,Fulton,4488,7860,959986,1375,1598,255430,3113,6262,704556
2017,August,8,17,Fulton,4509,7940,962384,1358,1561,249939,3151,6379,712445
2017,July,7,17,Fulton,4556,8088,970680,1355,1580,246991,3201,6508,723689
2017,June,6,17,Fulton,4608,8187,986624,1354,1562,248160,3254,6625,738464
2017,May,5,17,Fulton,4638,8251,997934,1343,1537,243849,3295,6714,754085
2017,April,4,17,Fulton,4655,8259,1002921,1348,1551,246630,3307,6708,756291
2017,March,3,17,Fulton,4745,8478,1033172,1367,1580,253657,3378,6898,779515
2017,February,2,17,Fulton,4720,8474,1026343,1365,1588,251460,3355,6886,774883
2017,January,1,17,Fulton,4740,8527,1022629,1352,1594,251299,3388,6933,771330
2016,December,12,17,Fulton,4764,8645,1043021,1364,1592,253784,3400,7053,789237
2016,November,11,17,Fulton,4741,8631,1065939,1356,1584,265880,3385,7047,800059
2016,October,10,17,Fulton,4749,8708,1049529,1363,1608,255897,3386,7100,793632
2016,September,9,17,Fulton,4730,8684,1061029,1383,1631,258840,3347,7053,802189
2016,August,8,17,Fulton,4694,8538,1054715,1394,1641,261853,3300,6897,792862
2016,July,7,17,Fulton,4734,8621,1066217,1390,1636,259758,3344,6985,806459
2016,June,6,17,Fulton,4732,8578,1056646,1401,1664,263533,3331,6914,793113
2016,May,5,17,Fulton,4788,8730,1077389,1400,1649,262972,3388,7081,814417
2016,April,4,17,Fulton,4835,8770,1087776,1405,1656,261140,3430,7114,826636
2016,March,3,17,Fulton,4900,8907,1101296,1421,1657,264657,3479,7250,836639
2016,February,2,17,Fulton,4879,8883,1091615,1425,1679,268445,3454,7204,823170
2016,January,1,17,Fulton,4876,8962,1088508,1427,1685,267237,3449,7277,821271
2015,December,12,17,Fulton,4867,8914,1089049,1421,1671,265502,3446,7243,823547
2015,November,11,17,Fulton,4815,8832,1084738,1411,1647,265634,3404,7185,819104
2015,October,10,17,Fulton,4828,8856,1089795,1412,1666,272278,3416,7190,817517
2015,September,9,17,Fulton,4881,8906,1107321,1426,1675,274204,3455,7231,833117
2015,August,8,17,Fulton,4853,8873,1114757,1406,1622,268667,3447,7251,846090
2015,July,7,17,Fulton,4924,9075,1133613,1427,1655,268131,3497,7420,865482
2015,June,6,17,Fulton,4986,9223,1152131,1439,1683,272116,3547,7540,880015
2015,May,5,17,Fulton,5043,9335,1170199,1436,1683,274165,3607,7652,896034
2015,April,4,17,Fulton,5045,9387,1172606,1422,1671,269769,3623,7716,902837
2015,March,3,17,Fulton,5104,9482,1187350,1435,1672,271358,3669,7810,915992
2015,February,2,17,Fulton,5097,9482,1189404,1441,1681,273593,3656,7801,915811
2015,January,1,17,Fulton,5105,9535,1191732,1465,1737,282051,3640,7798,909681
2014,December,12,17,Fulton,5129,9616,1206849,1318,1456,241935,3811,8160,964914
2014,November,11,17,Fulton,5048,9455,1191783,1299,1432,237172,3749,8023,954611
2014,October,10,17,Fulton,5095,9607,1220824,1292,1442,240958,3803,8165,979866
2014,September,9,17,Fulton,5095,9548,1162340,1306,1425,229707,3789,8123,932633
2014,August,8,17,Fulton,5055,9517,1164137,1300,1431,230645,3755,8086,933492
2014,July,7,17,Fulton,5124,9619,1177042,1309,1442,234204,3815,8177,942838
2014,June,6,17,Fulton,5128,9639,1191368,1308,1449,236719,3820,8190,954649
2014,May,5,17,Fulton,5191,9808,1208186,1306,1444,238111,3885,8364,970075
2014,April,4,17,Fulton,5198,9798,1206758,1315,1484,239652,3883,8314,967106
2014,March,3,17,Fulton,5182,9783,1211194,1306,1484,239219,3876,8299,971975
2014,February,2,17,Fulton,5146,9726,1194837,1310,1509,244459,3836,8217,950378
2014,January,1,17,Fulton,5105,9655,1181472,1282,1452,236630,3823,8203,944842
2013,December,12,17,Fulton,5024,9505,1165781,1276,1439,236800,3748,8066,928981
2013,November,11,17,Fulton,5370,9830,1526919,1403,1573,306323,3967,8257,1220596
2013,October,10,17,Fulton,5054,9564,1277679,1293,1471,256068,3761,8093,1021611
2013,September,9,17,Fulton,4999,9483,1255888,1295,1490,256083,3704,7993,999805
2013,August,8,17,Fulton,4982,9396,1252116,1271,1450,248916,3711,7946,1003200
2013,July,7,17,Fulton,4985,9469,1243242,1293,1464,251627,3692,8005,991615
2013,June,6,17,Fulton,5026,9592,1257622,1293,1459,250104,3733,8133,1007518
2013,May,5,17,Fulton,5065,9697,1275409,1304,1515,259896,3761,8182,1015513
2013,April,4,17,Fulton,5013,9552,1253695,1303,1495,255370,3710,8057,998325
2013,March,3,17,Fulton,5067,9726,1294450,1279,1473,254138,3788,8253,1040312
2013,February,2,17,Fulton,4985,9576,1264146,1279,1507,255917,3706,8069,1008229
2013,January,1,17,Fulton,4975,9543,1250845,1289,1520,258999,3686,8023,991846
2012,December,12,17,Fulton,4966,9558,1250566,1266,1488,254725,3700,8070,995841
2012,November,11,17,Fulton,4925,9439,1245539,1274,1486,255063,3651,7953,990476
2012,October,10,17,Fulton,4914,9466,1255837,1259,1471,252563,3655,7995,1003274
2012,September,9,17,Fulton,4920,9518,1272505,1227,1410,244074,3693,8108,1028431
2012,August,8,17,Fulton,4869,9474,1257818,1225,1405,243503,3644,8069,1014315
2012,July,7,17,Fulton,4826,9361,1243091,1233,1421,245820,3593,7940,997271
2012,June,6,17,Fulton,4856,9426,1247077,1208,1381,240749,3648,8045,1006328
2012,May,5,17,Fulton,4841,9445,1254590,1206,1376,238809,3635,8069,1015781
2012,April,4,17,Fulton,4840,9425,1250043,1223,1419,245033,3617,8006,1005010
2012,March,3,17,Fulton,4889,9557,1566409,1229,1434,376536,3660,8123,1189873
2012,February,2,17,Fulton,4848,9444,1257007,1238,1444,250067,3610,8000,1006940
2012,January,1,17,Fulton,4895,9586,1280283,1249,1498,256772,3646,8088,1023511
2011,December,12,17,Fulton,4874,9522,1291572,1247,1497,260196,3627,8025,1031376
2011,November,11,17,Fulton,4807,9441,1264434,1226,1463,252236,3581,7978,1012198
2011,October,10,17,Fulton,4812,9430,1267269,1246,1478,256320,3566,7952,1010949
2011,September,9,17,Fulton,4803,9384,1256797,1234,1435,248963,3569,7949,1007834
2011,August,8,17,Fulton,4708,9167,1228045,1213,1416,244079,3495,7751,983966
2011,July,7,17,Fulton,4723,9203,1232925,1219,1414,245492,3504,7789,987433
2011,June,6,17,Fulton,4687,9201,1217729,1225,1432,244191,3462,7769,973538
2011,May,5,17,Fulton,4693,9239,1233356,1205,1405,240298,3488,7834,993058
2011,April,4,17,Fulton,4707,9247,1236780,1216,1426,248709,3491,7821,988071
2011,March,3,17,Fulton,4731,9281,1286120,1232,1454,257083,3499,7827,1029037
2011,February,2,17,Fulton,4618,9089,1274172,1239,1473,263333,3379,7616,1010839
2011,January,1,17,Fulton,4564,8980,1253054,1224,1446,255737,3340,7534,997317
2010,December,12,17,Fulton,4561,8986,1259345,1237,1445,256889,3324,7541,1002456
2010,November,11,17,Fulton,4486,8864,1239853,1221,1399,249257,3265,7465,990596
2010,October,10,17,Fulton,4456,8808,1236408,1209,1384,243105,3247,7424,993303
2010,September,9,17,Fulton,4440,8857,1259449,1207,1392,247365,3233,7465,1012084
2010,August,8,17,Fulton,4363,8672,1212411,1181,1350,239918,3182,7322,972493
2010,July,7,17,Fulton,4422,8817,1236799,1207,1420,246292,3215,7397,990507
2010,June,6,17,Fulton,4407,8839,1214253,1211,1396,244035,3196,7443,970218
2010,May,5,17,Fulton,4416,8856,1226855,1199,1363,240728,3217,7493,986127
2010,April,4,17,Fulton,4371,8819,1213182,1189,1379,243629,3182,7440,969553
2010,March,3,17,Fulton,4393,8861,1236053,1202,1394,245530,3191,7467,990523
2010,February,2,17,Fulton,4346,8777,1231127,1226,1430,251761,3120,7347,979366
2010,January,1,17,Fulton,4357,8826,1244088,1183,1368,239896,3174,7458,1004192
2009,December,12,17,Fulton,4278,8646,1216873,1177,1330,235348,3101,7316,981525
2009,November,11,17,Fulton,4097,8252,1145465,1167,1355,237504,2930,6897,907961
2009,October,10,17,Fulton,4029,8120,1128517,1128,1278,223126,2901,6842,905391
2009,September,9,17,Fulton,3995,8038,1123950,1134,1324,231008,2861,6714,892942
2009,August,8,17,Fulton,3965,7956,1108364,1149,1362,236313,2816,6594,872051
2009,July,7,17,Fulton,3977,7969,1120645,1136,1305,228239,2841,6664,892406
2009,June,6,17,Fulton,3950,7898,1112071,1131,1303,229100,2819,6595,882971
2009,May,5,17,Fulton,3977,8018,1149391,1151,1341,235969,2826,6677,913422
2009,April,4,17,Fulton,3923,7905,1136281,1129,1305,229231,2794,6600,907050
2009,March,3,17,Fulton,3872,7770,979645,1137,1338,208320,2735,6432,771325
2009,February,2,17,Fulton,3717,7457,926097,1116,1293,198357,2601,6164,727740
2009,January,1,17,Fulton,3652,7365,862248,1083,1251,172178,2569,6114,690070
2008,December,12,17,Fulton,3543,7102,858189,1073,1232,175653,2470,5870,682536
2008,November,11,17,Fulton,3401,6836,811510,1068,1212,170336,2333,5624,641174
2008,October,10,17,Fulton,3352,6807,816205,1067,1216,173035,2285,5591,643170
2008,September,9,17,Fulton,3297,6667,669070,1044,1183,119181,2253,5484,549889
2008,August,8,17,Fulton,3252,6572,659427,1013,1141,113391,2239,5431,546036
2008,July,7,17,Fulton,3235,6539,657854,1014,1144,114121,2221,5395,543733
2008,June,6,17,Fulton,3221,6518,641600,1026,1150,114332,2195,5368,527268
2008,May,5,17,Fulton,3258,6634,656053,1036,1168,118549,2222,5466,537504
2008,April,4,17,Fulton,3214,6497,650468,1043,1178,120246,2171,5319,530222
2008,March,3,17,Fulton,3154,6371,637614,1032,1162,119046,2122,5209,518568
2008,February,2,17,Fulton,3041,6056,600472,1017,1130,112798,2024,4926,487674
2008,January,1,17,Fulton,3009,5964,604202,1026,1156,116913,1983,4808,487289
2007,December,12,17,Fulton,2942,5800,585271,1020,1144,117491,1922,4656,467780
2007,November,11,17,Fulton,2895,5675,566354,1016,1139,114143,1879,4536,452211
2007,October,10,17,Fulton,2857,5591,569999,995,1089,108961,1862,4502,461038
2007,September,9,17,Fulton,2844,5589,524877,992,1114,104709,1852,4475,420168
2007,August,8,17,Fulton,2852,5629,535599,1014,1176,112846,1838,4453,422753
2007,July,7,17,Fulton,2856,5649,529898,977,1072,101921,1879,4577,427977
2007,June,6,17,Fulton,2865,5716,532346,991,1128,106168,1874,4588,426178
2007,May,5,17,Fulton,2860,5703,533908,990,1130,108046,1870,4573,425862
2007,April,4,17,Fulton,2877,5765,534560,978,1103,104969,1899,4662,429591
2007,March,3,17,Fulton,2880,5726,531521,1011,1175,113968,1869,4551,417553
2007,February,2,17,Fulton,2873,5759,533521,1008,1176,113740,1865,4583,419781
2007,January,1,17,Fulton,2888,5749,532310,1020,1199,118445,1868,4550,413865
2006,December,12,17,Fulton,2875,5712,540322,1018,1181,120803,1857,4531,419519
2006,November,11,17,Fulton,2783,5536,523289,992,1153,118822,1791,4383,404467
2006,October,10,17,Fulton,2773,5496,519143,994,1146,114986,1779,4350,404157
2006,September,9,17,Fulton,2776,5488,501246,1003,1176,115078,1773,4312,386168
2006,August,8,17,Fulton,2788,5523,510877,1008,1181,113904,1780,4342,396973
2006,July,7,17,Fulton,2773,5508,501016,1010,1183,113379,1763,4325,387637
2006,June,6,17,Fulton,2790,5566,502098,995,1173,111732,1795,4393,390366
2006,May,5,17,Fulton,2860,5721,528484,1014,1204,115941,1846,4517,412543
2006,April,4,17,Fulton,2841,5686,527026,1009,1219,118478,1832,4467,408548
2006,March,3,17,Fulton,2858,5701,529678,1028,1265,124830,1830,4436,404848
2006,February,2,17,Fulton,2810,5585,513141,1025,1268,124811,1785,4317,388330
2006,January,1,17,Fulton,2822,5646,501501,1009,1241,115084,1813,4405,386417
2005,December,12,17,Fulton,2796,5575,504926,1016,1238,118640,1780,4337,386286
2005,November,11,17,Fulton,2752,5433,488557,1016,1219,116723,1736,4214,371834
2005,October,10,17,Fulton,2731,5422,491953,1003,1199,117463,1728,4223,374490
2005,September,9,17,Fulton,2759,5528,490425,975,1175,108666,1784,4353,381759
2005,August,8,17,Fulton,2698,5386,468721,968,1167,107979,1730,4219,360742
2005,July,7,17,Fulton,2708,5470,477996,977,1190,109627,1731,4280,368369
2005,June,6,17,Fulton,2724,5467,478463,980,1171,107769,1744,4296,370694
2005,May,5,17,Fulton,2712,5494,482481,984,1194,110840,1728,4300,371641
2005,April,4,17,Fulton,2771,5625,494530,1012,1248,116229,1759,4377,378301
2005,March,3,17,Fulton,2780,5588,489149,1018,1225,110468,1762,4363,378681
2005,February,2,17,Fulton,2762,5510,485478,1037,1262,113526,1725,4248,371952
2005,January,1,17,Fulton,2764,5563,486722,1050,1285,116333,1714,4278,370389
2004,December,12,17,Fulton,2680,5415,481784,1035,1254,114491,1645,4161,367293
2004,November,11,17,Fulton,2631,5299,477584,985,1201,112523,1646,4098,365061
2004,October,10,17,Fulton,2631,5328,485657,991,1228,116197,1640,4100,369460
2004,September,9,17,Fulton,2580,5278,444669,940,1167,103995,1640,4111,340674
2004,August,8,17,Fulton,2494,5136,435907,867,1059,94488,1627,4077,341419
2004,July,7,17,Fulton,2426,5066,428049,851,1085,98439,1575,3981,329610
2004,June,6,17,Fulton,2374,5039,425516,827,1085,100596,1547,3954,324920
2004,May,5,17,Fulton,2376,5032,434341,825,1091,100341,1551,3941,334000
2004,April,4,17,Fulton,2352,5025,428170,806,1061,94743,1546,3964,333427
2004,March,3,17,Fulton,2320,4987,428203,790,1034,95060,1530,3953,333143
2004,February,2,17,Fulton,2251,4890,419312,782,1038,94211,1469,3852,325101
2004,January,1,17,Fulton,2226,4863,425593,797,1078,99668,1429,3785,325925
2003,December,12,17,Fulton,2136,4623,400153,783,1031,94357,1353,3592,305796
2003,November,11,17,Fulton,2151,4646,401923,797,1062,99057,1354,3584,302866
2003,October,10,17,Fulton,2102,4486,377097,775,1008,93939,1327,3478,283158
2003,September,9,17,Fulton,2136,4560,381271,765,1020,91873,1371,3540,289398
2003,August,8,17,Fulton,2129,4582,381567,755,990,89160,1374,3592,292407
2003,July,7,17,Fulton,2160,4683,385957,748,980,86804,1412,3703,299153
2003,June,6,17,Fulton,2161,4719,390624,735,958,85514,1426,3761,305110
2003,May,5,17,Fulton,2171,4766,394306,735,975,87810,1436,3791,306496
2003,April,4,17,Fulton,2133,4685,378318,733,972,85785,1400,3713,292533
2003,March,3,17,Fulton,2128,4678,381249,750,1001,88932,1378,3677,292317
2003,February,2,17,Fulton,2068,4582,380503,730,988,89589,1338,3594,290914
2003,January,1,17,Fulton,2037,4555,367820,729,982,87772,1308,3573,280048
2002,December,12,17,Fulton,1989,4439,353516,715,950,84993,1274,3489,268523
2002,November,11,17,Fulton,1946,4315,340665,705,925,83166,1241,3390,257499
2002,October,10,17,Fulton,1923,4253,336714,705,927,83037,1218,3326,253677
2002,September,9,17,Fulton,1893,4170,310671,692,917,74961,1201,3253,235710
2002,August,8,17,Fulton,1900,4173,315508,694,919,77264,1206,3254,238244
2002,July,7,17,Fulton,1888,4088,309207,695,898,73986,1193,3190,235221
2002,June,6,17,Fulton,1934,4226,321248,718,925,76915,1216,3301,244333
2002,May,5,17,Fulton,1965,4289,328513,734,971,83011,1231,3318,245502
2002,April,4,17,Fulton,1982,4335,334457,775,1044,92008,1207,3291,242449
2002,March,3,17,Fulton,1994,4422,346708,760,1013,91189,1234,3409,255519
2002,February,2,17,Fulton,1975,4324,340291,771,1051,93543,1204,3273,246748
2002,January,1,17,Fulton,1935,4242,331697,761,1027,90320,1174,3215,241377
2018,December,12,18,Genesee,2922,5062,581371,908,1142,175886,2014,3920,405485
2018,November,11,18,Genesee,2920,5076,584979,909,1146,176763,2011,3930,408216
2018,October,10,18,Genesee,2936,5154,590382,901,1154,176977,2035,4000,413405
2018,September,9,18,Genesee,2918,5103,578785,877,1125,168599,2041,3978,410186
2018,August,8,18,Genesee,2954,5167,595483,900,1168,175518,2054,3999,419965
2018,July,7,18,Genesee,2962,5202,592914,891,1154,170558,2071,4048,422356
2018,June,6,18,Genesee,2994,5259,596910,907,1192,174651,2087,4067,422259
2018,May,5,18,Genesee,3016,5365,612467,904,1203,177867,2112,4162,434600
2018,April,4,18,Genesee,3071,5504,628288,916,1235,180099,2155,4269,448189
2018,March,3,18,Genesee,3098,5557,636339,921,1239,182568,2177,4318,453771
2018,February,2,18,Genesee,3054,5488,616236,926,1252,183086,2128,4236,433150
2018,January,1,18,Genesee,3039,5473,619390,913,1230,180304,2126,4243,439086
2017,December,12,18,Genesee,3004,5376,609626,918,1222,183084,2086,4154,426542
2017,November,11,18,Genesee,2947,5229,597921,901,1201,180289,2046,4028,417632
2017,October,10,18,Genesee,2946,5213,595027,895,1184,178728,2051,4029,416299
2017,September,9,18,Genesee,2938,5223,596337,902,1192,178167,2036,4031,418170
2017,August,8,18,Genesee,2954,5255,600971,910,1210,181921,2044,4045,419050
2017,July,7,18,Genesee,3005,5378,608872,911,1215,176987,2094,4163,431885
2017,June,6,18,Genesee,3028,5404,612435,922,1246,180886,2106,4158,431549
2017,May,5,18,Genesee,3048,5400,615501,930,1253,184174,2118,4147,431327
2017,April,4,18,Genesee,3053,5442,618197,915,1220,179897,2138,4222,438300
2017,March,3,18,Genesee,3107,5545,653129,925,1225,183467,2182,4320,469662
2017,February,2,18,Genesee,3080,5533,640602,914,1218,179240,2166,4315,461362
2017,January,1,18,Genesee,3043,5431,620444,917,1232,182387,2126,4199,438057
2016,December,12,18,Genesee,3059,5505,638206,919,1236,183850,2140,4269,454356
2016,November,11,18,Genesee,3038,5456,622387,906,1202,180182,2132,4254,442205
2016,October,10,18,Genesee,3033,5446,625347,930,1264,187373,2103,4182,437974
2016,September,9,18,Genesee,3029,5434,630809,926,1241,184625,2103,4193,446184
2016,August,8,18,Genesee,3007,5431,638976,913,1225,181902,2094,4206,457074
2016,July,7,18,Genesee,3060,5554,655945,933,1259,185550,2127,4295,470395
2016,June,6,18,Genesee,3067,5605,660218,931,1254,186716,2136,4351,473502
2016,May,5,18,Genesee,3105,5662,671401,926,1247,186468,2179,4415,484933
2016,April,4,18,Genesee,3101,5642,666510,927,1237,184937,2174,4405,481573
2016,March,3,18,Genesee,3205,5776,695294,933,1241,188360,2272,4535,506934
2016,February,2,18,Genesee,3190,5793,686261,935,1244,186978,2255,4549,499283
2016,January,1,18,Genesee,3210,5856,700145,933,1254,187768,2277,4602,512377
2015,December,12,18,Genesee,3189,5814,690493,926,1233,183736,2263,4581,506757
2015,November,11,18,Genesee,3133,5714,676636,906,1195,179005,2227,4519,497631
2015,October,10,18,Genesee,3194,5887,705913,906,1178,181267,2288,4709,524646
2015,September,9,18,Genesee,3205,5916,713014,904,1170,180391,2301,4746,532623
2015,August,8,18,Genesee,3193,5910,709572,897,1155,176747,2296,4755,532825
2015,July,7,18,Genesee,3242,6022,728520,904,1176,180132,2338,4846,548388
2015,June,6,18,Genesee,3257,6016,736225,923,1222,187165,2334,4794,549060
2015,May,5,18,Genesee,3291,6103,743770,921,1246,191037,2370,4857,552733
2015,April,4,18,Genesee,3303,6117,750239,931,1261,195614,2372,4856,554625
2015,March,3,18,Genesee,3350,6214,753714,931,1251,192811,2419,4963,560903
2015,February,2,18,Genesee,3340,6216,756558,933,1260,192829,2407,4956,563729
2015,January,1,18,Genesee,3341,6196,749856,948,1279,196601,2393,4917,553255
2014,December,12,18,Genesee,3305,6113,754628,876,1110,177312,2429,5003,577316
2014,November,11,18,Genesee,3280,6100,748317,867,1092,172771,2413,5008,575546
2014,October,10,18,Genesee,3259,6044,746591,859,1071,170608,2400,4973,575983
2014,September,9,18,Genesee,3277,6054,714763,865,1069,164733,2412,4985,550030
2014,August,8,18,Genesee,3291,6091,730243,869,1063,164969,2422,5028,565274
2014,July,7,18,Genesee,3333,6206,750019,893,1097,171132,2440,5109,578887
2014,June,6,18,Genesee,3319,6209,748007,889,1100,173254,2430,5109,574753
2014,May,5,18,Genesee,3339,6244,754789,898,1111,174914,2441,5133,579875
2014,April,4,18,Genesee,3352,6267,752385,898,1113,174665,2454,5154,577720
2014,March,3,18,Genesee,3380,6351,778977,910,1148,180937,2470,5203,598040
2014,February,2,18,Genesee,3334,6242,757656,924,1175,183620,2410,5067,574036
2014,January,1,18,Genesee,3314,6222,747802,896,1138,177397,2418,5084,570405
2013,December,12,18,Genesee,3304,6187,748026,898,1143,179697,2406,5044,568329
2013,November,11,18,Genesee,3608,6521,1128617,961,1204,258995,2647,5317,869622
2013,October,10,18,Genesee,3272,6177,800427,888,1112,186522,2384,5065,613905
2013,September,9,18,Genesee,3251,6141,779476,868,1089,178314,2383,5052,601162
2013,August,8,18,Genesee,3262,6162,785706,859,1071,176272,2403,5091,609434
2013,July,7,18,Genesee,3248,6179,789315,853,1074,177451,2395,5105,611864
2013,June,6,18,Genesee,3246,6207,786746,852,1068,176044,2394,5139,610702
2013,May,5,18,Genesee,3246,6225,789829,856,1062,175732,2390,5163,614097
2013,April,4,18,Genesee,3242,6250,797180,849,1054,172555,2393,5196,624625
2013,March,3,18,Genesee,3231,6215,797064,846,1057,174063,2385,5158,623001
2013,February,2,18,Genesee,3179,6112,787209,839,1051,173468,2340,5061,613741
2013,January,1,18,Genesee,3151,6016,761252,852,1070,173659,2299,4946,587593
2012,December,12,18,Genesee,3130,5996,768195,858,1088,179089,2272,4908,589106
2012,November,11,18,Genesee,3103,5971,758388,842,1068,173088,2261,4903,585300
2012,October,10,18,Genesee,3092,5941,766051,851,1082,177135,2241,4859,588916
2012,September,9,18,Genesee,3054,5876,752899,835,1048,172404,2219,4828,580495
2012,August,8,18,Genesee,3043,5871,756133,840,1048,173168,2203,4823,582965
2012,July,7,18,Genesee,3038,5915,763859,840,1057,174220,2198,4858,589639
2012,June,6,18,Genesee,3039,5942,765110,835,1074,177403,2204,4868,587707
2012,May,5,18,Genesee,3056,5983,772091,832,1057,174556,2224,4926,597535
2012,April,4,18,Genesee,3058,6042,776442,837,1081,175858,2221,4961,600584
2012,March,3,18,Genesee,3101,6149,801033,834,1080,181371,2267,5069,619662
2012,February,2,18,Genesee,3078,6090,778438,835,1085,176825,2243,5005,601613
2012,January,1,18,Genesee,3050,6076,765213,833,1083,175432,2217,4993,589781
2011,December,12,18,Genesee,3033,6020,775810,833,1093,181193,2200,4927,594617
2011,November,11,18,Genesee,2961,5918,754914,827,1073,177567,2134,4845,577347
2011,October,10,18,Genesee,2941,5928,764583,808,1039,170794,2133,4889,593789
2011,September,9,18,Genesee,2910,5845,743837,815,1057,171178,2095,4788,572659
2011,August,8,18,Genesee,2862,5714,725081,826,1075,174034,2036,4639,551047
2011,July,7,18,Genesee,2834,5713,728037,797,1020,164473,2037,4693,563564
2011,June,6,18,Genesee,2827,5679,719657,807,1032,170754,2020,4647,548903
2011,May,5,18,Genesee,2797,5631,704557,802,1024,167490,1995,4607,537067
2011,April,4,18,Genesee,2797,5635,702845,798,1025,167235,1999,4610,535610
2011,March,3,18,Genesee,2806,5670,738778,801,1028,174314,2005,4642,564464
2011,February,2,18,Genesee,2749,5532,712354,799,1026,172068,1950,4506,540286
2011,January,1,18,Genesee,2736,5487,707404,793,1007,170999,1943,4480,536405
2010,December,12,18,Genesee,2709,5420,703639,791,993,167838,1918,4427,535801
2010,November,11,18,Genesee,2659,5316,699882,780,992,168754,1879,4324,531128
2010,October,10,18,Genesee,2588,5154,673385,755,966,165146,1833,4188,508239
2010,September,9,18,Genesee,2566,5127,664992,739,910,155663,1827,4217,509329
2010,August,8,18,Genesee,2571,5155,679431,732,908,153787,1839,4247,525644
2010,July,7,18,Genesee,2608,5242,688368,738,905,152190,1870,4337,536178
2010,June,6,18,Genesee,2577,5166,688574,757,921,156036,1820,4245,532538
2010,May,5,18,Genesee,2570,5196,683563,749,924,156281,1821,4272,527282
2010,April,4,18,Genesee,2520,5112,676363,732,904,153183,1788,4208,523180
2010,March,3,18,Genesee,2503,5072,673888,743,936,158442,1760,4136,515446
2010,February,2,18,Genesee,2506,5057,670873,760,965,164895,1746,4092,505978
2010,January,1,18,Genesee,2481,5035,671303,750,958,160885,1731,4077,510418
2009,December,12,18,Genesee,2488,4999,667929,771,965,165350,1717,4034,502579
2009,November,11,18,Genesee,2433,4895,648783,755,934,159945,1678,3961,488838
2009,October,10,18,Genesee,2418,4867,649917,764,987,166892,1654,3880,483025
2009,September,9,18,Genesee,2391,4783,641480,753,947,162427,1638,3836,479053
2009,August,8,18,Genesee,2367,4706,626745,730,904,156137,1637,3802,470608
2009,July,7,18,Genesee,2391,4792,642030,734,913,156592,1657,3879,485438
2009,June,6,18,Genesee,2402,4786,657637,734,924,159619,1668,3862,498018
2009,May,5,18,Genesee,2375,4698,639339,732,914,157242,1643,3784,482097
2009,April,4,18,Genesee,2353,4639,629608,732,908,156300,1621,3731,473308
2009,March,3,18,Genesee,2354,4666,544754,742,920,138186,1612,3746,406568
2009,February,2,18,Genesee,2306,4579,536529,730,917,137233,1576,3662,399296
2009,January,1,18,Genesee,2242,4473,471665,727,917,121526,1515,3556,350139
2008,December,12,18,Genesee,2234,4446,481898,725,917,124099,1509,3529,357799
2008,November,11,18,Genesee,2176,4318,474927,707,884,120854,1469,3434,354073
2008,October,10,18,Genesee,2151,4278,467489,699,851,113585,1452,3427,353904
2008,September,9,18,Genesee,2119,4177,383836,718,893,95710,1401,3284,288126
2008,August,8,18,Genesee,2134,4223,397684,718,883,94522,1416,3340,303162
2008,July,7,18,Genesee,2134,4230,398256,723,894,96787,1411,3336,301469
2008,June,6,18,Genesee,2137,4268,404593,730,889,97573,1407,3379,307020
2008,May,5,18,Genesee,2146,4309,417191,744,931,102165,1402,3378,315026
2008,April,4,18,Genesee,2101,4206,402971,765,964,106769,1336,3242,296202
2008,March,3,18,Genesee,2102,4209,407625,761,963,106193,1341,3246,301432
2008,February,2,18,Genesee,2073,4147,397155,737,943,101024,1336,3204,296131
2008,January,1,18,Genesee,2041,4077,388777,734,949,101489,1307,3128,287288
2007,December,12,18,Genesee,2019,4049,388862,728,917,101136,1291,3132,287726
2007,November,11,18,Genesee,2027,4104,393759,725,909,99616,1302,3195,294143
2007,October,10,18,Genesee,2040,4128,400170,714,905,99271,1326,3223,300899
2007,September,9,18,Genesee,2051,4109,377423,729,911,94302,1322,3198,283121
2007,August,8,18,Genesee,2061,4150,385039,729,915,95125,1332,3235,289914
2007,July,7,18,Genesee,2057,4155,391145,710,868,91632,1347,3287,299513
2007,June,6,18,Genesee,2057,4143,388407,723,896,93317,1334,3247,295090
2007,May,5,18,Genesee,2060,4127,388125,727,919,95738,1333,3208,292387
2007,April,4,18,Genesee,2063,4122,386485,735,933,98376,1328,3189,288109
2007,March,3,18,Genesee,2094,4182,391094,742,943,99294,1352,3239,291800
2007,February,2,18,Genesee,2035,4093,374851,741,957,99897,1294,3136,274954
2007,January,1,18,Genesee,2059,4142,384815,740,952,101246,1319,3190,283569
2006,December,12,18,Genesee,2052,4152,384421,729,951,100003,1323,3201,284418
2006,November,11,18,Genesee,2030,4121,385201,742,995,107985,1288,3126,277216
2006,October,10,18,Genesee,2011,4090,383471,744,994,106298,1267,3096,277173
2006,September,9,18,Genesee,2000,4077,362983,733,979,100665,1267,3098,262318
2006,August,8,18,Genesee,2035,4155,375422,743,1007,102773,1292,3148,272649
2006,July,7,18,Genesee,2021,4099,369179,741,1026,104835,1280,3073,264344
2006,June,6,18,Genesee,2039,4124,376067,730,990,101867,1309,3134,274200
2006,May,5,18,Genesee,2059,4212,388134,733,1001,105659,1326,3211,282475
2006,April,4,18,Genesee,2019,4160,379505,728,1005,104171,1291,3155,275334
2006,March,3,18,Genesee,2026,4156,381575,716,1000,104220,1310,3156,277355
2006,February,2,18,Genesee,2011,4130,385710,715,999,103330,1296,3131,282380
2006,January,1,18,Genesee,1996,4118,373251,712,1004,101333,1284,3114,271918
2005,December,12,18,Genesee,1994,4120,373822,717,1006,102700,1277,3114,271122
2005,November,11,18,Genesee,1959,4012,365950,717,1002,103439,1242,3010,262511
2005,October,10,18,Genesee,1942,3984,361432,747,1039,104897,1195,2945,256535
2005,September,9,18,Genesee,1919,3924,348700,711,952,93986,1208,2972,254714
2005,August,8,18,Genesee,1916,3904,343484,723,976,96845,1193,2928,246639
2005,July,7,18,Genesee,1916,3897,343323,701,918,89677,1215,2979,253646
2005,June,6,18,Genesee,1925,3918,344704,694,903,89321,1231,3015,255383
2005,May,5,18,Genesee,1933,3995,349312,702,917,89707,1231,3078,259605
2005,April,4,18,Genesee,1933,3983,344392,717,932,88999,1216,3051,255393
2005,March,3,18,Genesee,1938,4001,349088,725,940,91126,1213,3061,257962
2005,February,2,18,Genesee,1891,3892,340067,697,879,83092,1194,3013,256975
2005,January,1,18,Genesee,1880,3875,333873,726,942,90210,1154,2933,243663
2004,December,12,18,Genesee,1831,3758,332609,708,914,86393,1123,2844,246216
2004,November,11,18,Genesee,1788,3683,322550,698,912,87292,1090,2771,235258
2004,October,10,18,Genesee,1745,3612,314274,673,883,84822,1072,2729,229452
2004,September,9,18,Genesee,1697,3527,289856,627,820,75406,1070,2707,214450
2004,August,8,18,Genesee,1661,3486,287830,596,790,74200,1065,2696,213630
2004,July,7,18,Genesee,1648,3492,283897,597,818,75846,1051,2674,208051
2004,June,6,18,Genesee,1608,3425,282052,563,756,73548,1045,2669,208504
2004,May,5,18,Genesee,1618,3439,281553,573,796,76776,1045,2643,204777
2004,April,4,18,Genesee,1611,3420,278801,573,779,75495,1038,2641,203306
2004,March,3,18,Genesee,1615,3455,291013,582,815,79727,1033,2640,211286
2004,February,2,18,Genesee,1586,3408,284078,571,804,77017,1015,2604,207061
2004,January,1,18,Genesee,1569,3429,279332,555,795,75115,1014,2634,204217
2003,December,12,18,Genesee,1540,3326,270384,561,785,74268,979,2541,196116
2003,November,11,18,Genesee,1512,3263,267746,549,761,71056,963,2502,196690
2003,October,10,18,Genesee,1501,3213,267523,534,738,71100,967,2475,196423
2003,September,9,18,Genesee,1499,3171,258615,535,725,66692,964,2446,191923
2003,August,8,18,Genesee,1463,3102,249166,527,710,66437,936,2392,182729
2003,July,7,18,Genesee,1481,3089,247796,522,701,65311,959,2388,182485
2003,June,6,18,Genesee,1485,3132,252369,528,712,66889,957,2420,185480
2003,May,5,18,Genesee,1460,3068,248345,527,715,68547,933,2353,179798
2003,April,4,18,Genesee,1447,3019,245737,509,679,64428,938,2340,181309
2003,March,3,18,Genesee,1433,3011,249015,509,679,64436,924,2332,184579
2003,February,2,18,Genesee,1390,2904,236791,512,703,69577,878,2201,167214
2003,January,1,18,Genesee,1384,2877,238356,507,692,69039,877,2185,169317
2002,December,12,18,Genesee,1381,2873,236232,501,678,66405,880,2195,169827
2002,November,11,18,Genesee,1376,2856,230118,498,676,64372,878,2180,165746
2002,October,10,18,Genesee,1366,2825,226274,498,671,63093,868,2154,163181
2002,September,9,18,Genesee,1330,2749,206538,508,694,62490,822,2055,144048
2002,August,8,18,Genesee,1340,2781,207479,501,683,59695,839,2098,147784
2002,July,7,18,Genesee,1312,2682,202161,494,666,59335,818,2016,142826
2002,June,6,18,Genesee,1312,2692,202721,493,669,59847,819,2023,142874
2002,May,5,18,Genesee,1312,2678,197264,488,662,57503,824,2016,139761
2002,April,4,18,Genesee,1328,2725,206591,505,695,60650,823,2030,145941
2002,March,3,18,Genesee,1332,2730,217084,522,740,64931,810,1990,152153
2002,February,2,18,Genesee,1281,2643,213764,507,725,63624,774,1918,150140
2002,January,1,18,Genesee,1267,2585,203039,520,748,65839,747,1837,137200
2018,December,12,19,Greene,2755,4577,577506,991,1234,188201,1764,3343,389305
2018,November,11,19,Greene,2741,4561,581754,989,1249,189341,1752,3312,392413
2018,October,10,19,Greene,2755,4572,581721,986,1238,186629,1769,3334,395092
2018,September,9,19,Greene,2742,4550,574042,989,1247,188723,1753,3303,385319
2018,August,8,19,Greene,2745,4559,580345,1006,1278,193749,1739,3281,386596
2018,July,7,19,Greene,2780,4630,581726,1008,1292,194773,1772,3338,386953
2018,June,6,19,Greene,2807,4670,584740,1018,1293,195891,1789,3377,388849
2018,May,5,19,Greene,2844,4766,593653,1034,1324,201526,1810,3442,392127
2018,April,4,19,Greene,2844,4812,600580,1028,1317,199742,1816,3495,400838
2018,March,3,19,Greene,2959,4968,629542,1021,1293,195243,1938,3675,434299
2018,February,2,19,Greene,2977,5010,636880,1018,1299,193225,1959,3711,443655
2018,January,1,19,Greene,2967,4990,636225,1029,1316,197210,1938,3674,439015
2017,December,12,19,Greene,2941,4962,630935,1011,1283,191374,1930,3679,439561
2017,November,11,19,Greene,2934,4944,628825,1001,1290,193341,1933,3654,435484
2017,October,10,19,Greene,2928,4960,628274,1013,1301,194691,1915,3659,433583
2017,September,9,19,Greene,2939,5026,643971,1015,1312,198705,1924,3714,445266
2017,August,8,19,Greene,2953,5038,651770,1022,1342,203298,1931,3696,448472
2017,July,7,19,Greene,2940,5046,642505,1006,1326,197502,1934,3720,445003
2017,June,6,19,Greene,2975,5098,650085,1007,1321,200047,1968,3777,450038
2017,May,5,19,Greene,3011,5172,662197,1030,1362,205187,1981,3810,457010
2017,April,4,19,Greene,3028,5172,669741,1036,1352,202645,1992,3820,467096
2017,March,3,19,Greene,3063,5218,678629,1050,1376,206560,2013,3842,472069
2017,February,2,19,Greene,3014,5145,667512,1057,1400,208096,1957,3745,459416
2017,January,1,19,Greene,3003,5143,671960,1058,1395,208263,1945,3748,463697
2016,December,12,19,Greene,3036,5198,684980,1088,1461,220645,1948,3737,464335
2016,November,11,19,Greene,3013,5161,673477,1064,1427,216935,1949,3734,456542
2016,October,10,19,Greene,3023,5172,676378,1065,1422,214230,1958,3750,462148
2016,September,9,19,Greene,3038,5220,680708,1074,1446,218829,1964,3774,461879
2016,August,8,19,Greene,3064,5236,686828,1076,1440,219561,1988,3796,467267
2016,July,7,19,Greene,3081,5315,684297,1078,1458,216755,2003,3857,467542
2016,June,6,19,Greene,3109,5364,695554,1097,1475,222595,2012,3889,472959
2016,May,5,19,Greene,3154,5465,714302,1082,1443,219319,2072,4022,494983
2016,April,4,19,Greene,3194,5570,726790,1096,1466,223406,2098,4104,503384
2016,March,3,19,Greene,3208,5643,734399,1090,1467,222495,2118,4176,511904
2016,February,2,19,Greene,3199,5593,737838,1079,1447,223634,2120,4146,514204
2016,January,1,19,Greene,3219,5676,736648,1091,1474,222475,2128,4202,514173
2015,December,12,19,Greene,3207,5609,732827,1085,1453,222882,2122,4156,509945
2015,November,11,19,Greene,3205,5598,732219,1084,1467,223122,2121,4131,509097
2015,October,10,19,Greene,3189,5573,730821,1099,1489,225983,2090,4084,504838
2015,September,9,19,Greene,3228,5651,736867,1121,1541,235026,2107,4110,501841
2015,August,8,19,Greene,3232,5667,739847,1093,1494,226690,2139,4173,513157
2015,July,7,19,Greene,3273,5774,745601,1106,1507,223625,2167,4267,521976
2015,June,6,19,Greene,3306,5837,761078,1103,1493,223805,2203,4344,537273
2015,May,5,19,Greene,3311,5822,754633,1117,1521,226622,2194,4301,528011
2015,April,4,19,Greene,3333,5849,767253,1113,1523,229434,2220,4326,537819
2015,March,3,19,Greene,3370,5892,773102,1140,1565,236059,2230,4327,537043
2015,February,2,19,Greene,3341,5887,770619,1113,1553,231680,2228,4334,538939
2015,January,1,19,Greene,3345,5892,766965,1136,1598,236986,2209,4294,529979
2014,December,12,19,Greene,3337,5901,778655,1053,1411,218937,2284,4490,559718
2014,November,11,19,Greene,3309,5815,771401,1095,1478,230448,2214,4337,540953
2014,October,10,19,Greene,3320,5834,780421,1095,1471,232213,2225,4363,548208
2014,September,9,19,Greene,3320,5866,754645,1097,1501,226553,2223,4365,528092
2014,August,8,19,Greene,3322,5908,762375,1073,1464,223388,2249,4444,538987
2014,July,7,19,Greene,3385,6072,785886,1080,1468,224883,2305,4604,561003
2014,June,6,19,Greene,3401,6102,790264,1103,1498,231591,2298,4604,558673
2014,May,5,19,Greene,3416,6139,794632,1102,1507,234719,2314,4632,559913
2014,April,4,19,Greene,3439,6204,800210,1133,1567,242200,2306,4637,558010
2014,March,3,19,Greene,3461,6224,806431,1149,1604,252650,2312,4620,553781
2014,February,2,19,Greene,3437,6252,810892,1137,1594,251446,2300,4658,559446
2014,January,1,19,Greene,3458,6294,808450,1128,1563,244065,2330,4731,564385
2013,December,12,19,Greene,3423,6235,805961,1123,1542,242466,2300,4693,563495
2013,November,11,19,Greene,3592,6457,963973,1229,1677,326841,2363,4780,637132
2013,October,10,19,Greene,3483,6354,875890,1159,1612,267779,2324,4742,608111
2013,September,9,19,Greene,3454,6280,858703,1151,1604,262481,2303,4676,596222
2013,August,8,19,Greene,3451,6269,859975,1141,1631,264856,2310,4638,595119
2013,July,7,19,Greene,3486,6325,874612,1162,1654,268830,2324,4671,605782
2013,June,6,19,Greene,3499,6391,878414,1166,1668,270034,2333,4723,608380
2013,May,5,19,Greene,3504,6398,884195,1164,1669,271429,2340,4729,612766
2013,April,4,19,Greene,3473,6321,864611,1182,1701,276664,2291,4620,587947
2013,March,3,19,Greene,3461,6320,867536,1192,1714,279499,2269,4606,588037
2013,February,2,19,Greene,3434,6293,863405,1172,1671,271418,2262,4622,591987
2013,January,1,19,Greene,3481,6382,874802,1179,1682,271441,2302,4700,603361
2012,December,12,19,Greene,3410,6271,862908,1169,1677,272161,2241,4594,590747
2012,November,11,19,Greene,3377,6237,849372,1152,1653,268750,2225,4584,580622
2012,October,10,19,Greene,3414,6305,871459,1164,1674,272090,2250,4631,599369
2012,September,9,19,Greene,3357,6211,860046,1131,1624,266756,2226,4587,593290
2012,August,8,19,Greene,3319,6159,853947,1102,1590,261316,2217,4569,592631
2012,July,7,19,Greene,3294,6119,843447,1110,1625,265871,2184,4494,577576
2012,June,6,19,Greene,3327,6150,849026,1110,1581,261251,2217,4569,587775
2012,May,5,19,Greene,3304,6073,848684,1126,1604,267593,2178,4469,581091
2012,April,4,19,Greene,3312,6090,846186,1143,1646,274416,2169,4444,571770
2012,March,3,19,Greene,3313,6112,870159,1139,1645,278923,2174,4467,591236
2012,February,2,19,Greene,3260,6048,841534,1131,1648,271029,2129,4400,570505
2012,January,1,19,Greene,3282,6098,845294,1159,1685,279426,2123,4413,565868
2011,December,12,19,Greene,3278,6090,862174,1162,1682,282403,2116,4408,579771
2011,November,11,19,Greene,3193,5926,834440,1147,1653,275129,2046,4273,559311
2011,October,10,19,Greene,3253,6023,1076879,1166,1667,311933,2087,4356,764946
2011,September,9,19,Greene,3325,6182,1073079,1178,1704,347649,2147,4478,725430
2011,August,8,19,Greene,3192,5924,823666,1153,1668,276205,2039,4256,547461
2011,July,7,19,Greene,3232,5961,835794,1153,1674,276598,2079,4287,559196
2011,June,6,19,Greene,3200,5905,821345,1157,1693,280729,2043,4212,540616
2011,May,5,19,Greene,3197,5917,828413,1124,1652,273156,2073,4265,555257
2011,April,4,19,Greene,3184,5926,829636,1127,1656,273911,2057,4270,555725
2011,March,3,19,Greene,3153,5833,832631,1138,1672,281582,2015,4161,551049
2011,February,2,19,Greene,3074,5677,808728,1143,1647,280325,1931,4030,528403
2011,January,1,19,Greene,3043,5632,799281,1146,1627,275655,1897,4005,523626
2010,December,12,19,Greene,3019,5616,796787,1141,1616,277563,1878,4000,519224
2010,November,11,19,Greene,2937,5470,776014,1118,1585,268609,1819,3885,507405
2010,October,10,19,Greene,2905,5394,768084,1102,1570,267508,1803,3824,500576
2010,September,9,19,Greene,2870,5367,758953,1068,1520,257633,1802,3847,501320
2010,August,8,19,Greene,2821,5265,743244,1032,1459,246888,1789,3806,496356
2010,July,7,19,Greene,2811,5226,740091,1024,1434,245492,1787,3792,494599
2010,June,6,19,Greene,2794,5226,737322,1022,1445,245236,1772,3781,492086
2010,May,5,19,Greene,2802,5238,737291,1033,1451,249624,1769,3787,487667
2010,April,4,19,Greene,2817,5283,749381,1053,1495,255374,1764,3788,494007
2010,March,3,19,Greene,2805,5257,749857,1044,1475,252004,1761,3782,497853
2010,February,2,19,Greene,2758,5173,739202,1051,1456,249451,1707,3717,489751
2010,January,1,19,Greene,2733,5158,744296,1035,1435,246896,1698,3723,497400
2009,December,12,19,Greene,2690,5048,730145,1032,1414,246299,1658,3634,483846
2009,November,11,19,Greene,2614,4930,698015,1024,1412,241597,1590,3518,456418
2009,October,10,19,Greene,2596,4868,688465,1026,1408,239743,1570,3460,448722
2009,September,9,19,Greene,2546,4813,685888,1004,1383,237053,1542,3430,448835
2009,August,8,19,Greene,2519,4711,668340,987,1370,234408,1532,3341,433932
2009,July,7,19,Greene,2453,4615,651456,976,1350,229382,1477,3265,422074
2009,June,6,19,Greene,2444,4606,651570,957,1316,224821,1487,3290,426749
2009,May,5,19,Greene,2422,4536,642757,972,1336,229279,1450,3200,413478
2009,April,4,19,Greene,2369,4446,634210,955,1326,224533,1414,3120,409677
2009,March,3,19,Greene,2320,4345,540823,956,1353,201906,1364,2992,338917
2009,February,2,19,Greene,2276,4233,527159,967,1354,201469,1309,2879,325690
2009,January,1,19,Greene,2231,4159,479244,966,1350,186888,1265,2809,292356
2008,December,12,19,Greene,2161,4001,472360,933,1292,178102,1228,2709,294258
2008,November,11,19,Greene,2083,3845,452921,933,1288,181654,1150,2557,271267
2008,October,10,19,Greene,2080,3830,444348,938,1306,182051,1142,2524,262297
2008,September,9,19,Greene,2018,3698,365862,894,1214,139406,1124,2484,226456
2008,August,8,19,Greene,2004,3678,367351,903,1241,143265,1101,2437,224086
2008,July,7,19,Greene,1969,3595,353987,868,1164,132740,1101,2431,221247
2008,June,6,19,Greene,1951,3560,350071,874,1174,133650,1077,2386,216421
2008,May,5,19,Greene,1951,3576,351030,872,1213,136655,1079,2363,214375
2008,April,4,19,Greene,1926,3545,350242,884,1219,138522,1042,2326,211720
2008,March,3,19,Greene,1917,3553,353252,877,1227,139782,1040,2326,213470
2008,February,2,19,Greene,1866,3444,342540,868,1206,136707,998,2238,205833
2008,January,1,19,Greene,1901,3536,348792,881,1226,140337,1020,2310,208455
2007,December,12,19,Greene,1838,3400,340713,868,1206,139308,970,2194,201405
2007,November,11,19,Greene,1790,3293,327313,857,1169,135780,933,2124,191533
2007,October,10,19,Greene,1770,3267,331665,841,1162,133698,929,2105,197967
2007,September,9,19,Greene,1740,3175,301902,827,1156,125308,913,2019,176594
2007,August,8,19,Greene,1729,3193,302892,821,1157,124598,908,2036,178294
2007,July,7,19,Greene,1752,3224,304793,819,1123,120914,933,2101,183879
2007,June,6,19,Greene,1773,3242,308656,821,1124,122674,952,2118,185982
2007,May,5,19,Greene,1779,3290,308196,826,1134,123470,953,2156,184726
2007,April,4,19,Greene,1772,3303,306594,824,1147,124018,948,2156,182576
2007,March,3,19,Greene,1789,3317,311991,835,1152,125289,954,2165,186702
2007,February,2,19,Greene,1768,3272,304511,831,1159,126243,937,2113,178268
2007,January,1,19,Greene,1779,3315,302944,837,1159,125402,942,2156,177542
2006,December,12,19,Greene,1765,3288,310147,826,1141,127037,939,2147,183110
2006,November,11,19,Greene,1751,3240,310957,844,1182,135023,907,2058,175934
2006,October,10,19,Greene,1742,3235,305465,824,1164,128513,918,2071,176952
2006,September,9,19,Greene,1749,3266,297096,818,1166,123531,931,2100,173565
2006,August,8,19,Greene,1733,3231,292873,805,1137,120733,928,2094,172140
2006,July,7,19,Greene,1709,3222,292450,786,1096,115530,923,2126,176920
2006,June,6,19,Greene,1726,3249,292990,790,1097,116011,936,2152,176979
2006,May,5,19,Greene,1714,3248,291719,768,1075,113062,946,2173,178657
2006,April,4,19,Greene,1730,3304,298609,796,1125,118834,934,2179,179775
2006,March,3,19,Greene,1724,3314,300316,787,1114,118415,937,2200,181901
2006,February,2,19,Greene,1738,3369,306989,791,1135,119157,947,2234,187832
2006,January,1,19,Greene,1736,3329,295539,794,1151,117495,942,2178,178044
2005,December,12,19,Greene,1714,3295,299331,805,1194,126168,909,2101,173163
2005,November,11,19,Greene,1669,3188,292339,779,1132,120459,890,2056,171880
2005,October,10,19,Greene,1664,3180,294779,792,1191,125858,872,1989,168921
2005,September,9,19,Greene,1667,3170,284928,799,1203,124181,868,1967,160747
2005,August,8,19,Greene,1628,3104,277387,785,1153,118270,843,1951,159117
2005,July,7,19,Greene,1679,3207,286402,800,1169,118603,879,2038,167799
2005,June,6,19,Greene,1713,3305,299622,812,1199,122911,901,2106,176711
2005,May,5,19,Greene,1710,3265,299080,827,1211,123227,883,2054,175853
2005,April,4,19,Greene,1741,3317,303404,856,1235,125649,885,2082,177755
2005,March,3,19,Greene,1755,3313,306614,891,1290,132064,864,2023,174550
2005,February,2,19,Greene,1738,3295,303318,892,1307,130013,846,1988,173305
2005,January,1,19,Greene,1764,3357,309487,906,1321,132036,858,2036,177451
2004,December,12,19,Greene,1734,3297,307615,888,1282,128868,846,2015,178747
2004,November,11,19,Greene,1678,3206,298021,856,1236,124071,822,1970,173950
2004,October,10,19,Greene,1657,3210,297604,828,1195,120996,829,2015,176608
2004,September,9,19,Greene,1621,3182,272560,791,1163,111192,830,2019,161368
2004,August,8,19,Greene,1561,3077,267938,730,1070,105644,831,2007,162294
2004,July,7,19,Greene,1559,3121,271727,721,1069,105791,838,2052,165936
2004,June,6,19,Greene,1523,3062,269943,680,1014,102286,843,2048,167657
2004,May,5,19,Greene,1547,3119,280871,674,999,101018,873,2120,179853
2004,April,4,19,Greene,1535,3090,272532,647,953,95799,888,2137,176733
2004,March,3,19,Greene,1543,3092,272252,664,996,99302,879,2096,172950
2004,February,2,19,Greene,1496,3013,261467,642,971,95440,854,2042,166027
2004,January,1,19,Greene,1498,3026,261167,642,964,94669,856,2062,166498
2003,December,12,19,Greene,1483,3019,261156,629,940,92312,854,2079,168844
2003,November,11,19,Greene,1467,2977,255770,642,945,93607,825,2032,162163
2003,October,10,19,Greene,1463,2943,256679,640,920,92826,823,2023,163853
2003,September,9,19,Greene,1438,2897,242876,618,892,85764,820,2005,157112
2003,August,8,19,Greene,1442,2898,243540,632,931,90305,810,1967,153235
2003,July,7,19,Greene,1447,2915,247006,611,887,88313,836,2028,158693
2003,June,6,19,Greene,1459,2889,245285,618,882,87657,841,2007,157628
2003,May,5,19,Greene,1473,2920,250777,634,927,91021,839,1993,159756
2003,April,4,19,Greene,1468,2940,251640,628,932,92219,840,2008,159421
2003,March,3,19,Greene,1448,2885,245355,644,945,93134,804,1940,152221
2003,February,2,19,Greene,1444,2888,247569,646,955,94652,798,1933,152917
2003,January,1,19,Greene,1436,2891,247484,638,949,93116,798,1942,154368
2002,December,12,19,Greene,1396,2787,236125,622,919,91732,774,1868,144393
2002,November,11,19,Greene,1390,2785,234704,633,934,93205,757,1851,141499
2002,October,10,19,Greene,1362,2687,227832,617,930,91797,745,1757,136035
2002,September,9,19,Greene,1362,2673,213139,611,925,85943,751,1748,127196
2002,August,8,19,Greene,1345,2620,212348,607,894,83046,738,1726,129302
2002,July,7,19,Greene,1345,2605,208822,612,904,84267,733,1701,124555
2002,June,6,19,Greene,1355,2599,208630,613,896,84184,742,1703,124446
2002,May,5,19,Greene,1342,2567,205597,607,885,83128,735,1682,122469
2002,April,4,19,Greene,1356,2619,210694,614,893,84459,742,1726,126235
2002,March,3,19,Greene,1365,2686,214396,607,910,84245,758,1776,130151
2002,February,2,19,Greene,1348,2672,212203,611,921,85471,737,1751,126732
2002,January,1,19,Greene,1342,2646,212108,617,937,89613,725,1709,122495
2016,June,6,2,Allegany,3110,5889,679302,1162,1583,228927,1948,4306,450375
2016,May,5,2,Allegany,3130,5956,696951,1159,1575,229420,1971,4381,467531
2016,April,4,2,Allegany,3208,6084,704241,1166,1599,233755,2042,4485,470486
2016,March,3,2,Allegany,3251,6183,725764,1175,1629,236608,2076,4554,489156
2016,February,2,2,Allegany,3261,6201,727601,1182,1647,240661,2079,4554,486940
2016,January,1,2,Allegany,3267,6197,728306,1192,1667,245686,2075,4530,482620
2015,October,10,2,Allegany,3218,6043,710821,1178,1624,237704,2040,4419,473117
2015,September,9,2,Allegany,3237,6057,719133,1191,1652,244737,2046,4405,474396
2015,August,8,2,Allegany,3239,6077,717386,1196,1654,242952,2043,4423,474434
2015,July,7,2,Allegany,3292,6176,733157,1203,1682,246818,2089,4494,486339
2015,June,6,2,Allegany,3331,6253,743668,1214,1702,248862,2117,4551,494806
2015,May,5,2,Allegany,3367,6331,754481,1232,1703,251929,2135,4628,502552
2015,April,4,2,Allegany,3429,6435,773868,1229,1708,253433,2200,4727,520435
2015,March,3,2,Allegany,3415,6453,768515,1237,1725,255523,2178,4728,512992
2015,February,2,2,Allegany,3439,6558,785176,1235,1773,261702,2204,4785,523474
2015,January,1,2,Allegany,3424,6542,769936,1241,1786,263387,2183,4756,506549
2014,December,12,2,Allegany,3464,6664,791779,1166,1562,242429,2298,5102,549350
2014,November,11,2,Allegany,3444,6599,784881,1179,1581,245909,2265,5018,538972
2014,October,10,2,Allegany,3454,6636,791362,1148,1538,238311,2306,5098,553051
2014,September,9,2,Allegany,3413,6561,747517,1150,1510,225500,2263,5051,522017
2014,August,8,2,Allegany,3470,6704,770101,1175,1547,233775,2295,5157,536326
2014,July,7,2,Allegany,3468,6704,758294,1171,1534,230247,2297,5170,528047
2014,June,6,2,Allegany,3498,6811,780106,1186,1583,237452,2312,5228,542654
2014,May,5,2,Allegany,3541,6871,787098,1173,1554,234612,2368,5317,552486
2014,April,4,2,Allegany,3574,6978,803680,1173,1564,238474,2401,5414,565206
2014,March,3,2,Allegany,3591,7045,810770,1175,1589,238672,2416,5456,572098
2014,February,2,2,Allegany,3556,6990,799960,1175,1583,238535,2381,5407,561425
2014,January,1,2,Allegany,3529,6938,788168,1168,1552,233857,2361,5386,554311
2013,December,12,2,Allegany,3512,6915,788269,1163,1546,236548,2349,5369,551721
2013,November,11,2,Allegany,3855,7251,1209094,1244,1665,342921,2611,5586,866173
2013,October,10,2,Allegany,3516,6922,849988,1186,1580,254687,2330,5342,595301
2013,September,9,2,Allegany,3516,6897,846335,1169,1564,245167,2347,5333,601168
2013,August,8,2,Allegany,3514,6917,850819,1176,1561,246324,2338,5356,604495
2013,July,7,2,Allegany,3518,6888,851455,1177,1567,249079,2341,5321,602376
2013,June,6,2,Allegany,3537,6912,849520,1178,1569,247977,2359,5343,601543
2013,May,5,2,Allegany,3525,6923,849814,1188,1604,252512,2337,5319,597302
2013,April,4,2,Allegany,3521,6923,850968,1201,1631,256686,2320,5292,594282
2013,March,3,2,Allegany,3512,6934,843456,1211,1654,260334,2301,5280,583122
2013,February,2,2,Allegany,3467,6890,838074,1194,1625,255003,2273,5265,583071
2013,January,1,2,Allegany,3408,6762,812495,1177,1614,252316,2231,5148,560179
2012,December,12,2,Allegany,3390,6740,816384,1181,1620,256566,2209,5120,559818
2012,November,11,2,Allegany,3320,6537,792362,1173,1617,253188,2147,4920,539174
2012,October,10,2,Allegany,3323,6521,795465,1168,1609,252143,2155,4912,543322
2012,September,9,2,Allegany,3308,6467,796162,1138,1578,250005,2170,4889,546157
2012,August,8,2,Allegany,3315,6491,793082,1128,1542,242983,2187,4949,550099
2012,July,7,2,Allegany,3270,6413,782507,1135,1565,247262,2135,4848,535245
2012,June,6,2,Allegany,3285,6479,789240,1158,1598,256906,2127,4881,532334
2012,May,5,2,Allegany,3307,6533,789272,1161,1599,251512,2146,4934,537760
2012,April,4,2,Allegany,3312,6601,793354,1169,1604,254882,2143,4997,538472
2012,March,3,2,Allegany,3393,6788,862538,1178,1629,287187,2215,5159,575351
2012,February,2,2,Allegany,3340,6685,809844,1164,1635,260313,2176,5050,549531
2012,January,1,2,Allegany,3329,6647,809494,1184,1662,265222,2145,4985,544272
2011,December,12,2,Allegany,3330,6707,833673,1175,1657,270910,2155,5050,562763
2011,November,11,2,Allegany,3264,6539,809229,1175,1637,268813,2089,4902,540416
2011,October,10,2,Allegany,3303,6658,827979,1188,1657,271627,2115,5001,556352
2011,September,9,2,Allegany,3258,6616,813128,1146,1588,255921,2112,5028,557207
2011,August,8,2,Allegany,3273,6652,811589,1122,1546,247810,2151,5106,563779
2011,July,7,2,Allegany,3251,6590,802875,1137,1571,252556,2114,5019,550319
2011,June,6,2,Allegany,3261,6628,808138,1137,1553,250208,2124,5075,557930
2011,May,5,2,Allegany,3272,6638,812702,1147,1575,254203,2125,5063,558499
2011,April,4,2,Allegany,3275,6687,809959,1135,1566,250184,2140,5121,559775
2011,March,3,2,Allegany,3304,6727,841712,1144,1590,261458,2160,5137,580254
2011,February,2,2,Allegany,3272,6657,824834,1126,1567,256879,2146,5090,567955
2011,January,1,2,Allegany,3288,6696,830109,1131,1567,259024,2157,5129,571085
2010,December,12,2,Allegany,3251,6635,834293,1099,1515,250928,2152,5120,583365
2010,November,11,2,Allegany,3173,6488,812437,1091,1504,248394,2082,4984,564043
2010,October,10,2,Allegany,3138,6394,801207,1087,1495,243906,2051,4899,557301
2010,September,9,2,Allegany,3101,6338,796868,1089,1505,245678,2012,4833,551190
2010,August,8,2,Allegany,3064,6255,786283,1085,1497,245806,1979,4758,540477
2010,July,7,2,Allegany,3049,6249,789654,1078,1487,244766,1971,4762,544888
2010,June,6,2,Allegany,3066,6194,783807,1082,1472,241674,1984,4722,542133
2010,May,5,2,Allegany,3018,6123,778856,1083,1477,244301,1935,4646,534555
2010,April,4,2,Allegany,3034,6166,785478,1100,1505,248276,1934,4661,537202
2010,March,3,2,Allegany,3028,6142,783399,1097,1496,246283,1931,4646,537116
2010,February,2,2,Allegany,3019,6103,779585,1108,1505,251113,1911,4598,528472
2010,January,1,2,Allegany,3018,6112,790255,1114,1509,251820,1904,4603,538435
2009,December,12,2,Allegany,2973,6055,769613,1108,1524,252476,1865,4531,517137
2009,November,11,2,Allegany,2918,5925,755553,1130,1577,262362,1788,4348,493191
2009,October,10,2,Allegany,2869,5799,747892,1114,1515,252313,1755,4284,495579
2009,September,9,2,Allegany,2810,5686,733048,1079,1476,244450,1731,4210,488598
2009,August,8,2,Allegany,2766,5601,724362,1075,1460,243738,1691,4141,480624
2009,July,7,2,Allegany,2775,5585,724758,1086,1481,246222,1689,4104,478536
2009,June,6,2,Allegany,2765,5562,728028,1092,1493,249347,1673,4069,478681
2009,May,5,2,Allegany,2754,5518,723824,1069,1423,238461,1685,4095,485363
2009,April,4,2,Allegany,2734,5485,724689,1051,1411,236477,1683,4074,488212
2009,March,3,2,Allegany,2735,5503,619597,1064,1464,211570,1671,4039,408027
2009,February,2,2,Allegany,2646,5322,594766,1050,1444,206715,1596,3878,388051
2009,January,1,2,Allegany,2591,5224,525129,1028,1416,178773,1563,3808,346356
2008,December,12,2,Allegany,2555,5162,532784,1029,1423,182799,1526,3739,349985
2008,November,11,2,Allegany,2453,4930,507158,1017,1399,178600,1436,3531,328558
2008,October,10,2,Allegany,2440,4853,509209,1026,1376,179811,1414,3477,329398
2008,September,9,2,Allegany,2378,4747,427980,1004,1357,145520,1374,3390,282460
2008,August,8,2,Allegany,2399,4779,434538,1025,1398,150671,1374,3381,283867
2008,July,7,2,Allegany,2378,4768,430180,1025,1406,151435,1353,3362,278745
2008,June,6,2,Allegany,2380,4799,435847,1026,1425,153449,1354,3374,282398
2008,May,5,2,Allegany,2387,4812,439752,1031,1424,155298,1356,3388,284454
2008,April,4,2,Allegany,2352,4710,435314,1027,1424,155567,1325,3286,279747
2008,March,3,2,Allegany,2336,4703,438915,1015,1378,151957,1321,3325,286958
2008,February,2,2,Allegany,2307,4619,429365,1010,1379,152151,1297,3240,277214
2008,January,1,2,Allegany,2297,4643,430320,1010,1388,150987,1287,3255,279333
2007,December,12,2,Allegany,2267,4566,428644,1009,1377,152637,1258,3189,276007
2007,November,11,2,Allegany,2218,4467,417961,974,1313,142482,1244,3154,275479
2007,October,10,2,Allegany,2224,4403,418269,1000,1351,147904,1224,3052,270365
2007,September,9,2,Allegany,2205,4335,385877,999,1338,137631,1206,2997,248246
2007,August,8,2,Allegany,2189,4321,384180,999,1378,140159,1190,2943,244021
2007,July,7,2,Allegany,2188,4311,382949,1002,1379,139859,1186,2932,243090
2007,June,6,2,Allegany,2206,4363,388626,1007,1420,144205,1199,2943,244421
2007,May,5,2,Allegany,2207,4435,396290,994,1395,140625,1213,3040,255665
2007,April,4,2,Allegany,2225,4508,402483,998,1412,143974,1227,3096,258509
2007,March,3,2,Allegany,2267,4606,409095,1035,1494,153798,1232,3112,255297
2007,February,2,2,Allegany,2270,4605,408826,1017,1458,150928,1253,3147,257898
2007,January,1,2,Allegany,2273,4623,407754,1003,1427,145383,1270,3196,262371
2006,December,12,2,Allegany,2284,4634,427287,1031,1489,157297,1253,3145,269990
2006,November,11,2,Allegany,2278,4605,415448,1037,1510,158950,1241,3095,256498
2006,October,10,2,Allegany,2248,4529,412068,1036,1507,159890,1212,3022,252178
2006,September,9,2,Allegany,2256,4524,392531,1032,1501,149942,1224,3023,242589
2006,August,8,2,Allegany,2256,4524,408504,1031,1522,164292,1225,3002,244212
2006,July,7,2,Allegany,2245,4514,398243,1029,1514,153718,1216,3000,244525
2006,June,6,2,Allegany,2262,4554,400046,1023,1479,149920,1239,3075,250126
2006,May,5,2,Allegany,2294,4659,403095,1033,1490,151199,1261,3169,251896
2006,April,4,2,Allegany,2302,4709,406695,1017,1478,150005,1285,3231,256690
2006,March,3,2,Allegany,2343,4795,414242,1014,1473,148831,1329,3322,265411
2006,February,2,2,Allegany,2331,4829,413982,1015,1480,149575,1316,3349,264407
2006,January,1,2,Allegany,2347,4853,409202,1022,1499,146345,1325,3354,262857
2005,December,12,2,Allegany,2342,4848,417764,1017,1492,150214,1325,3356,267550
2005,November,11,2,Allegany,2288,4686,406119,1009,1441,146979,1279,3245,259140
2005,October,10,2,Allegany,2280,4657,413786,1020,1482,151790,1260,3175,261996
2005,September,9,2,Allegany,2251,4590,394090,990,1443,144007,1261,3147,250083
2005,August,8,2,Allegany,2213,4529,387693,984,1440,142814,1229,3089,244879
2005,July,7,2,Allegany,2213,4539,386032,1001,1478,145165,1212,3061,240867
2005,June,6,2,Allegany,2207,4519,381791,998,1462,143563,1209,3057,238228
2005,May,5,2,Allegany,2250,4588,390832,1017,1501,146636,1233,3087,244196
2005,April,4,2,Allegany,2288,4706,397881,1045,1580,153243,1243,3126,244638
2005,March,3,2,Allegany,2296,4689,400577,1040,1551,150815,1256,3138,249762
2005,February,2,2,Allegany,2271,4637,393632,1043,1562,151199,1228,3075,242433
2005,January,1,2,Allegany,2250,4586,391231,1046,1547,152112,1204,3039,239119
2004,December,12,2,Allegany,2249,4575,397548,1031,1496,149592,1218,3079,247956
2004,November,11,2,Allegany,2169,4337,375950,1023,1467,148351,1146,2870,227599
2004,October,10,2,Allegany,2163,4348,380083,1027,1496,152092,1136,2852,227991
2004,September,9,2,Allegany,2162,4392,357847,1001,1493,138785,1161,2899,219062
2004,August,8,2,Allegany,2143,4352,351113,967,1423,133936,1176,2929,217177
2004,July,7,2,Allegany,2120,4331,350169,961,1438,135685,1159,2893,214484
2004,June,6,2,Allegany,2131,4364,356250,960,1443,138744,1171,2921,217506
2004,May,5,2,Allegany,2154,4440,357565,960,1457,137462,1194,2983,220103
2004,April,4,2,Allegany,2169,4518,363457,963,1465,137900,1206,3053,225557
2004,March,3,2,Allegany,2198,4580,368388,981,1493,139261,1217,3087,229127
2004,February,2,2,Allegany,2176,4529,363006,971,1476,139453,1205,3053,223553
2004,January,1,2,Allegany,2140,4511,359378,955,1447,134511,1185,3064,224867
2003,December,12,2,Allegany,2055,4322,343806,911,1382,126450,1144,2940,217356
2003,November,11,2,Allegany,2010,4147,327638,903,1372,123054,1107,2775,204584
2003,October,10,2,Allegany,1978,4085,328348,895,1335,123814,1083,2750,204534
2003,September,9,2,Allegany,1962,4000,317809,882,1355,121393,1080,2645,196416
2003,August,8,2,Allegany,1940,3929,312438,902,1395,124940,1038,2534,187498
2003,July,7,2,Allegany,1972,4014,316276,904,1398,125787,1068,2616,190489
2003,June,6,2,Allegany,1954,3985,312798,883,1363,122449,1071,2622,190349
2003,May,5,2,Allegany,1981,4040,318349,899,1379,124834,1082,2661,193515
2003,April,4,2,Allegany,1979,4027,318310,893,1379,125073,1086,2648,193237
2003,March,3,2,Allegany,1953,3990,318012,887,1365,125437,1066,2625,192575
2003,February,2,2,Allegany,1914,3934,311484,880,1357,123131,1034,2577,188353
2003,January,1,2,Allegany,1879,3868,301889,862,1341,121496,1017,2527,180393
2002,December,12,2,Allegany,1880,3841,309611,863,1333,122151,1017,2508,187460
2002,November,11,2,Allegany,1829,3695,287307,853,1334,119687,976,2361,167620
2002,October,10,2,Allegany,1802,3633,284421,848,1352,121768,954,2281,162653
2002,September,9,2,Allegany,1780,3563,264916,839,1332,112153,941,2231,152763
2002,August,8,2,Allegany,1799,3620,268850,846,1339,111460,953,2281,157390
2002,July,7,2,Allegany,1782,3618,267874,839,1329,110988,943,2289,156886
2002,June,6,2,Allegany,1800,3644,269677,845,1342,110946,955,2302,158731
2002,May,5,2,Allegany,1803,3678,271583,851,1349,110488,952,2329,161095
2002,April,4,2,Allegany,1815,3717,272875,863,1388,113401,952,2329,159474
2002,March,3,2,Allegany,1832,3813,281960,848,1364,110122,984,2449,171838
2002,February,2,2,Allegany,1808,3741,275472,837,1328,106583,971,2413,168889
2002,January,1,2,Allegany,1812,3783,277998,842,1330,108485,970,2453,169513
2018,December,12,20,Hamilton,213,320,41251,61,70,11986,152,250,29265
2018,November,11,20,Hamilton,208,324,40912,63,71,12085,145,253,28827
2018,October,10,20,Hamilton,204,318,37449,64,67,11615,140,251,25834
2018,September,9,20,Hamilton,201,308,35729,59,62,10620,142,246,25109
2018,August,8,20,Hamilton,202,306,36846,62,65,11282,140,241,25564
2018,July,7,20,Hamilton,201,307,37919,60,64,10875,141,243,27044
2018,June,6,20,Hamilton,214,343,42436,61,67,11350,153,276,31086
2018,May,5,20,Hamilton,216,351,43091,61,66,10899,155,285,32192
2018,April,4,20,Hamilton,231,380,45258,62,67,11197,169,313,34061
2018,March,3,20,Hamilton,226,374,43501,60,63,10498,166,311,33003
2018,February,2,20,Hamilton,229,386,43689,61,66,10926,168,320,32763
2018,January,1,20,Hamilton,230,378,44953,63,72,11703,167,306,33250
2017,December,12,20,Hamilton,223,369,44257,63,72,12062,160,297,32195
2017,November,11,20,Hamilton,219,352,43503,60,68,11270,159,284,32233
2017,October,10,20,Hamilton,213,338,41460,60,66,11056,153,272,30404
2017,September,9,20,Hamilton,221,348,42702,65,74,12453,156,274,30249
2017,August,8,20,Hamilton,219,341,40280,62,69,11640,157,272,28640
2017,July,7,20,Hamilton,220,346,40664,64,72,11678,156,274,28986
2017,June,6,20,Hamilton,227,363,42345,65,73,11827,162,290,30518
2017,May,5,20,Hamilton,233,373,44172,65,71,11809,168,302,32363
2017,April,4,20,Hamilton,234,364,42796,61,67,11677,173,297,31119
2017,March,3,20,Hamilton,247,386,47332,62,67,11364,185,319,35968
2017,February,2,20,Hamilton,246,382,47500,63,68,11147,183,314,36353
2017,January,1,20,Hamilton,237,363,44753,63,70,11745,174,293,33008
2016,December,12,20,Hamilton,230,345,43456,63,69,11672,167,276,31784
2016,November,11,20,Hamilton,224,328,43638,63,67,12926,161,261,30712
2016,October,10,20,Hamilton,219,325,40798,61,62,10500,158,263,30298
2016,September,9,20,Hamilton,218,330,41225,62,70,11335,156,260,29890
2016,August,8,20,Hamilton,218,332,41126,64,73,11380,154,259,29746
2016,July,7,20,Hamilton,217,332,41661,62,71,11301,155,261,30360
2016,June,6,20,Hamilton,223,353,43265,61,69,10970,162,284,32295
2016,May,5,20,Hamilton,223,362,44948,61,69,11252,162,293,33696
2016,April,4,20,Hamilton,232,377,45915,62,67,10856,170,310,35059
2016,March,3,20,Hamilton,238,389,47286,61,68,11208,177,321,36078
2016,February,2,20,Hamilton,237,388,46872,62,70,11211,175,318,35661
2016,January,1,20,Hamilton,232,385,45364,61,71,11568,171,314,33796
2015,December,12,20,Hamilton,228,380,45999,61,71,11580,167,309,34419
2015,November,11,20,Hamilton,221,357,43587,61,70,12319,160,287,31268
2015,October,10,20,Hamilton,226,355,43275,60,68,11182,166,287,32093
2015,September,9,20,Hamilton,224,354,42677,60,69,11289,164,285,31388
2015,August,8,20,Hamilton,229,373,45303,58,68,11129,171,305,34174
2015,July,7,20,Hamilton,236,398,49137,61,70,11620,175,328,37517
2015,June,6,20,Hamilton,255,437,53665,62,71,11408,193,366,42257
2015,May,5,20,Hamilton,256,445,53093,60,69,11044,196,376,42049
2015,April,4,20,Hamilton,261,469,55278,62,72,11254,199,397,44024
2015,March,3,20,Hamilton,255,456,54895,61,70,11592,194,386,43303
2015,February,2,20,Hamilton,251,445,53892,59,63,10951,192,382,42941
2015,January,1,20,Hamilton,265,470,58930,59,63,10980,206,407,47950
2014,December,12,20,Hamilton,262,461,56957,42,48,7867,220,413,49090
2014,November,11,20,Hamilton,250,439,55199,45,52,8852,205,387,46347
2014,October,10,20,Hamilton,257,454,57205,50,68,10195,207,386,47010
2014,September,9,20,Hamilton,258,467,55633,48,59,9069,210,408,46564
2014,August,8,20,Hamilton,244,440,52623,45,59,8939,199,381,43684
2014,July,7,20,Hamilton,252,450,55150,43,56,9053,209,394,46097
2014,June,6,20,Hamilton,258,456,57257,40,51,8427,218,405,48830
2014,May,5,20,Hamilton,263,466,59124,38,47,7385,225,419,51739
2014,April,4,20,Hamilton,270,480,60492,42,58,8922,228,422,51570
2014,March,3,20,Hamilton,276,503,63675,37,44,6874,239,459,56801
2014,February,2,20,Hamilton,268,480,62078,36,40,6521,232,440,55557
2014,January,1,20,Hamilton,265,469,61818,37,44,6857,228,425,54961
2013,December,12,20,Hamilton,246,439,57192,37,47,7081,209,392,50111
2013,November,11,20,Hamilton,243,428,58458,33,40,6146,210,388,52312
2013,October,10,20,Hamilton,245,433,58934,38,50,8225,207,383,50709
2013,September,9,20,Hamilton,239,418,57676,35,41,6641,204,377,51035
2013,August,8,20,Hamilton,236,423,53869,36,46,7245,200,377,46624
2013,July,7,20,Hamilton,241,438,57942,37,44,6960,204,394,50982
2013,June,6,20,Hamilton,249,449,60875,40,50,8332,209,399,52543
2013,May,5,20,Hamilton,243,436,58234,40,50,8379,203,386,49855
2013,April,4,20,Hamilton,245,433,57811,42,52,8741,203,381,49070
2013,March,3,20,Hamilton,252,450,59386,43,52,8267,209,398,51119
2013,February,2,20,Hamilton,250,449,58977,42,51,8322,208,398,50655
2013,January,1,20,Hamilton,258,463,59862,43,50,8384,215,413,51478
2012,December,12,20,Hamilton,254,454,60747,43,52,8600,211,402,52147
2012,November,11,20,Hamilton,252,454,59323,40,52,7868,212,402,51455
2012,October,10,20,Hamilton,240,426,55299,42,55,8616,198,371,46683
2012,September,9,20,Hamilton,234,418,53131,39,49,7723,195,369,45408
2012,August,8,20,Hamilton,229,418,53764,37,49,7794,192,369,45970
2012,July,7,20,Hamilton,232,421,55276,37,49,7927,195,372,47349
2012,June,6,20,Hamilton,239,432,57373,38,51,8015,201,381,49358
2012,May,5,20,Hamilton,248,448,59286,39,50,8047,209,398,51239
2012,April,4,20,Hamilton,247,434,58652,44,60,10271,203,374,48381
2012,March,3,20,Hamilton,249,442,79297,41,60,9702,208,382,69595
2012,February,2,20,Hamilton,231,400,55995,42,56,9153,189,344,46842
2012,January,1,20,Hamilton,231,403,55271,36,44,7473,195,359,47798
2011,December,12,20,Hamilton,226,392,53449,39,46,7717,187,346,45732
2011,November,11,20,Hamilton,209,358,47912,35,40,6695,174,318,41217
2011,October,10,20,Hamilton,207,352,49174,35,40,6426,172,312,42748
2011,September,9,20,Hamilton,201,337,45381,35,41,6537,166,296,38844
2011,August,8,20,Hamilton,194,323,42532,29,31,5121,165,292,37411
2011,July,7,20,Hamilton,198,330,44748,34,37,5825,164,293,38923
2011,June,6,20,Hamilton,201,319,43481,36,43,6756,165,276,36725
2011,May,5,20,Hamilton,205,324,44265,36,46,7495,169,278,36770
2011,April,4,20,Hamilton,202,321,43851,35,49,7780,167,272,36071
2011,March,3,20,Hamilton,208,334,45833,35,49,7691,173,285,38142
2011,February,2,20,Hamilton,211,358,47253,34,50,7884,177,308,39369
2011,January,1,20,Hamilton,215,362,48421,32,45,7159,183,317,41262
2010,December,12,20,Hamilton,201,340,46202,31,43,6885,170,297,39317
2010,November,11,20,Hamilton,199,331,45796,30,42,6835,169,289,38961
2010,October,10,20,Hamilton,190,313,43078,27,39,6461,163,274,36617
2010,September,9,20,Hamilton,181,295,41164,26,35,5817,155,260,35347
2010,August,8,20,Hamilton,181,287,40495,27,36,5784,154,251,34711
2010,July,7,20,Hamilton,175,274,39189,24,26,4433,151,248,34756
2010,June,6,20,Hamilton,179,280,40443,25,35,5769,154,245,34674
2010,May,5,20,Hamilton,187,289,42229,25,31,5226,162,258,37003
2010,April,4,20,Hamilton,189,306,43697,27,35,5910,162,271,37787
2010,March,3,20,Hamilton,192,311,44463,28,34,5762,164,277,38701
2010,February,2,20,Hamilton,193,320,45210,29,40,6201,164,280,39009
2010,January,1,20,Hamilton,194,324,47785,29,44,6973,165,280,40812
2009,December,12,20,Hamilton,194,321,46900,33,46,7262,161,275,39638
2009,November,11,20,Hamilton,186,304,42727,29,36,5884,157,268,36843
2009,October,10,20,Hamilton,172,265,37590,27,29,4943,145,236,32647
2009,September,9,20,Hamilton,169,250,36089,27,29,4794,142,221,31295
2009,August,8,20,Hamilton,161,228,34061,28,32,5504,133,196,28557
2009,July,7,20,Hamilton,162,239,34429,28,32,5172,134,207,29257
2009,June,6,20,Hamilton,176,276,40290,30,37,5951,146,239,34339
2009,May,5,20,Hamilton,175,271,38971,30,41,6412,145,230,32559
2009,April,4,20,Hamilton,172,256,38589,30,38,6171,142,218,32418
2009,March,3,20,Hamilton,174,257,33989,33,44,6309,141,213,27680
2009,February,2,20,Hamilton,169,250,32805,27,35,4581,142,215,28224
2009,January,1,20,Hamilton,171,250,30564,29,37,3868,142,213,26696
2008,December,12,20,Hamilton,166,245,29921,29,38,3972,137,207,25949
2008,November,11,20,Hamilton,166,246,30292,31,41,4495,135,205,25797
2008,October,10,20,Hamilton,161,239,28795,31,42,4249,130,197,24546
2008,September,9,20,Hamilton,162,249,17296,29,40,3571,133,209,13725
2008,August,8,20,Hamilton,165,244,17036,29,38,3224,136,206,13812
2008,July,7,20,Hamilton,163,235,15980,29,43,3445,134,192,12535
2008,June,6,20,Hamilton,169,250,17709,27,40,3320,142,210,14389
2008,May,5,20,Hamilton,167,244,17870,28,41,3597,139,203,14273
2008,April,4,20,Hamilton,172,254,17712,28,42,3366,144,212,14346
2008,March,3,20,Hamilton,174,249,17063,28,42,3339,146,207,13724
2008,February,2,20,Hamilton,171,248,17712,30,44,3568,141,204,14144
2008,January,1,20,Hamilton,168,245,16751,28,38,3349,140,207,13402
2007,December,12,20,Hamilton,161,230,16506,28,37,3143,133,193,13363
2007,November,11,20,Hamilton,161,232,16323,27,37,3178,134,195,13145
2007,October,10,20,Hamilton,161,232,15624,26,36,3025,135,196,12599
2007,September,9,20,Hamilton,162,232,15080,25,34,2625,137,198,12455
2007,August,8,20,Hamilton,163,242,15312,25,33,2646,138,209,12666
2007,July,7,20,Hamilton,165,239,15680,27,36,3148,138,203,12532
2007,June,6,20,Hamilton,170,251,17677,30,41,3996,140,210,13681
2007,May,5,20,Hamilton,176,277,19565,30,45,4184,146,232,15381
2007,April,4,20,Hamilton,173,267,19156,27,39,3490,146,228,15666
2007,March,3,20,Hamilton,175,263,18304,28,38,3178,147,225,15126
2007,February,2,20,Hamilton,168,253,17466,28,39,3161,140,214,14305
2007,January,1,20,Hamilton,173,257,17680,27,39,3099,146,218,14581
2006,December,12,20,Hamilton,174,256,18489,27,37,2950,147,219,15539
2006,November,11,20,Hamilton,163,229,14860,25,29,2401,138,200,12459
2006,October,10,20,Hamilton,170,252,18024,28,38,3690,142,214,14334
2006,September,9,20,Hamilton,171,252,16533,26,34,2893,145,218,13640
2006,August,8,20,Hamilton,172,259,16842,27,40,3507,145,219,13335
2006,July,7,20,Hamilton,173,266,17537,28,46,4111,145,220,13426
2006,June,6,20,Hamilton,172,259,17270,28,49,4264,144,210,13006
2006,May,5,20,Hamilton,166,248,16400,26,45,4208,140,203,12192
2006,April,4,20,Hamilton,172,257,17289,31,49,4603,141,208,12686
2006,March,3,20,Hamilton,176,268,17116,34,56,5311,142,212,11805
2006,February,2,20,Hamilton,176,272,17007,33,53,4719,143,219,12288
2006,January,1,20,Hamilton,177,274,15968,33,56,5004,144,218,10964
2005,December,12,20,Hamilton,178,268,15597,35,58,5223,143,210,10374
2005,November,11,20,Hamilton,174,252,14795,31,37,3004,143,215,11791
2005,October,10,20,Hamilton,169,250,14296,30,37,3045,139,213,11251
2005,September,9,20,Hamilton,170,254,14294,32,40,3476,138,214,10818
2005,August,8,20,Hamilton,166,245,13738,27,34,2813,139,211,10925
2005,July,7,20,Hamilton,164,238,13109,27,32,2420,137,206,10689
2005,June,6,20,Hamilton,169,250,14186,30,44,3299,139,206,10887
2005,May,5,20,Hamilton,178,265,15121,33,48,3813,145,217,11308
2005,April,4,20,Hamilton,177,258,14518,32,46,3598,145,212,10920
2005,March,3,20,Hamilton,180,262,15911,35,50,4222,145,212,11689
2005,February,2,20,Hamilton,183,261,15623,41,53,4122,142,208,11501
2005,January,1,20,Hamilton,184,274,16977,35,44,3363,149,230,13614
2004,December,12,20,Hamilton,177,258,16296,33,38,2711,144,220,13585
2004,November,11,20,Hamilton,175,251,15583,33,37,2793,142,214,12790
2004,October,10,20,Hamilton,174,249,14676,32,40,3039,142,209,11637
2004,September,9,20,Hamilton,172,245,11968,28,31,1916,144,214,10052
2004,August,8,20,Hamilton,170,241,12832,29,37,2839,141,204,9993
2004,July,7,20,Hamilton,174,259,13288,28,31,1732,146,228,11556
2004,June,6,20,Hamilton,176,263,13777,25,28,1825,151,235,11952
2004,May,5,20,Hamilton,182,275,15690,31,40,3275,151,235,12415
2004,April,4,20,Hamilton,185,285,15939,32,42,3527,153,243,12412
2004,March,3,20,Hamilton,183,276,15671,31,42,3416,152,234,12255
2004,February,2,20,Hamilton,186,285,16438,31,43,3694,155,242,12744
2004,January,1,20,Hamilton,179,275,14563,29,42,3602,150,233,10961
2003,December,12,20,Hamilton,173,261,14348,31,45,3649,142,216,10699
2003,November,11,20,Hamilton,168,245,12929,28,37,3293,140,208,9636
2003,October,10,20,Hamilton,169,252,14404,26,33,3425,143,219,10979
2003,September,9,20,Hamilton,165,243,11348,24,26,1803,141,217,9545
2003,August,8,20,Hamilton,169,259,11723,24,31,1671,145,228,10052
2003,July,7,20,Hamilton,172,274,12857,27,32,2223,145,242,10634
2003,June,6,20,Hamilton,182,295,15185,30,42,2724,152,253,12461
2003,May,5,20,Hamilton,188,308,18429,31,52,4316,157,256,14113
2003,April,4,20,Hamilton,188,313,18904,31,50,4318,157,263,14586
2003,March,3,20,Hamilton,189,314,19144,31,42,3493,158,272,15651
2003,February,2,20,Hamilton,182,298,17125,28,38,2934,154,260,14191
2003,January,1,20,Hamilton,182,302,17488,31,40,3076,151,262,14412
2002,December,12,20,Hamilton,180,288,15226,32,41,3234,148,247,11992
2002,November,11,20,Hamilton,171,267,13924,29,36,2602,142,231,11322
2002,October,10,20,Hamilton,164,239,12201,28,33,2217,136,206,9984
2002,September,9,20,Hamilton,162,244,11477,27,34,2572,135,210,8905
2002,August,8,20,Hamilton,160,237,11098,25,28,2050,135,209,9048
2002,July,7,20,Hamilton,167,253,12735,28,31,2411,139,222,10324
2002,June,6,20,Hamilton,167,252,12074,27,34,2373,140,218,9701
2002,May,5,20,Hamilton,164,242,12293,28,35,2718,136,207,9575
2002,April,4,20,Hamilton,164,247,11982,27,33,2517,137,214,9465
2002,March,3,20,Hamilton,166,252,12290,27,35,2629,139,217,9661
2002,February,2,20,Hamilton,161,244,12271,28,39,2963,133,205,9308
2002,January,1,20,Hamilton,163,245,12722,28,36,2766,135,209,9956
2018,December,12,21,Herkimer,4852,8735,1032816,1244,1557,246382,3608,7178,786434
2018,November,11,21,Herkimer,4774,8589,1011137,1224,1534,242827,3550,7055,768310
2018,October,10,21,Herkimer,4831,8726,1022909,1217,1526,241844,3614,7200,781065
2018,September,9,21,Herkimer,4855,8749,1016080,1238,1566,245864,3617,7183,770216
2018,August,8,21,Herkimer,4881,8777,1036425,1225,1534,242769,3656,7243,793656
2018,July,7,21,Herkimer,4927,8869,1034992,1221,1527,238536,3706,7342,796456
2018,June,6,21,Herkimer,4964,8963,1036697,1240,1539,239387,3724,7424,797310
2018,May,5,21,Herkimer,4971,8985,1041876,1229,1529,236364,3742,7456,805512
2018,April,4,21,Herkimer,4974,8995,1037609,1221,1518,235168,3753,7477,802441
2018,March,3,21,Herkimer,5035,9173,1062319,1208,1519,234875,3827,7654,827444
2018,February,2,21,Herkimer,4985,9039,1046992,1207,1510,232309,3778,7529,814683
2018,January,1,21,Herkimer,4989,9119,1050343,1209,1513,233265,3780,7606,817078
2017,December,12,21,Herkimer,4994,9136,1048388,1209,1500,232520,3785,7636,815868
2017,November,11,21,Herkimer,4938,9046,1041572,1200,1476,229742,3738,7570,811830
2017,October,10,21,Herkimer,4949,9091,1048156,1213,1512,236323,3736,7579,811833
2017,September,9,21,Herkimer,4992,9227,1069239,1209,1520,234201,3783,7707,835038
2017,August,8,21,Herkimer,4978,9145,1067104,1221,1521,237419,3757,7624,829685
2017,July,7,21,Herkimer,5021,9239,1079473,1236,1562,244724,3785,7677,834749
2017,June,6,21,Herkimer,5084,9387,1093139,1247,1554,242730,3837,7833,850409
2017,May,5,21,Herkimer,5146,9535,1107166,1276,1572,253619,3870,7963,853547
2017,April,4,21,Herkimer,5176,9546,1102470,1281,1591,246580,3895,7955,855890
2017,March,3,21,Herkimer,5215,9630,1106020,1298,1637,252083,3917,7993,853937
2017,February,2,21,Herkimer,5228,9684,1108147,1307,1641,252141,3921,8043,856006
2017,January,1,21,Herkimer,5212,9612,1091306,1295,1649,250695,3917,7963,840611
2016,December,12,21,Herkimer,5213,9598,1104930,1311,1687,256801,3902,7911,848129
2016,November,11,21,Herkimer,5154,9459,1109777,1304,1687,261088,3850,7772,848689
2016,October,10,21,Herkimer,5153,9478,1115082,1300,1677,256669,3853,7801,858413
2016,September,9,21,Herkimer,5157,9489,1120200,1309,1715,261880,3848,7774,858320
2016,August,8,21,Herkimer,5162,9472,1120175,1305,1711,259147,3857,7761,861028
2016,July,7,21,Herkimer,5174,9501,1124963,1305,1710,258515,3869,7791,866448
2016,June,6,21,Herkimer,5227,9628,1138017,1318,1717,258721,3909,7911,879296
2016,May,5,21,Herkimer,5275,9762,1150687,1332,1724,260914,3943,8038,889773
2016,April,4,21,Herkimer,5314,9885,1157859,1335,1725,260287,3979,8160,897572
2016,March,3,21,Herkimer,5390,10022,1197541,1338,1710,261198,4052,8312,936343
2016,February,2,21,Herkimer,5322,9904,1185439,1325,1713,263837,3997,8191,921602
2016,January,1,21,Herkimer,5291,9842,1170569,1317,1697,261535,3974,8145,909034
2015,December,12,21,Herkimer,5309,9879,1176539,1311,1684,258669,3998,8195,917870
2015,November,11,21,Herkimer,5314,9935,1188045,1337,1729,267772,3977,8206,920273
2015,October,10,21,Herkimer,5380,10141,1220402,1336,1761,272586,4044,8380,947816
2015,September,9,21,Herkimer,5380,10181,1227945,1345,1786,278349,4035,8395,949596
2015,August,8,21,Herkimer,5405,10179,1239749,1339,1763,274254,4066,8416,965495
2015,July,7,21,Herkimer,5431,10272,1236976,1347,1779,272446,4084,8493,964530
2015,June,6,21,Herkimer,5524,10508,1263718,1359,1793,275245,4165,8715,988473
2015,May,5,21,Herkimer,5572,10638,1290114,1348,1794,277134,4224,8844,1012980
2015,April,4,21,Herkimer,5613,10684,1308982,1353,1779,276846,4260,8905,1032136
2015,March,3,21,Herkimer,5629,10715,1327085,1360,1805,281872,4269,8910,1045213
2015,February,2,21,Herkimer,5593,10661,1319954,1369,1835,287190,4224,8826,1032764
2015,January,1,21,Herkimer,5567,10599,1311964,1360,1825,286629,4207,8774,1025335
2014,December,12,21,Herkimer,5569,10592,1326152,1236,1551,255459,4333,9041,1070693
2014,November,11,21,Herkimer,5547,10540,1324142,1234,1546,256861,4313,8994,1067281
2014,October,10,21,Herkimer,5542,10568,1329394,1226,1538,254710,4316,9030,1074684
2014,September,9,21,Herkimer,5556,10610,1281662,1243,1592,252323,4313,9018,1029339
2014,August,8,21,Herkimer,5526,10527,1280484,1242,1573,250312,4284,8954,1030172
2014,July,7,21,Herkimer,5513,10504,1270277,1247,1579,251557,4266,8925,1018720
2014,June,6,21,Herkimer,5530,10556,1280769,1235,1567,248201,4295,8989,1032568
2014,May,5,21,Herkimer,5529,10614,1275341,1222,1556,246379,4307,9058,1028962
2014,April,4,21,Herkimer,5476,10589,1263379,1213,1545,243889,4263,9044,1019490
2014,March,3,21,Herkimer,5484,10624,1266632,1220,1549,245607,4264,9075,1021025
2014,February,2,21,Herkimer,5461,10653,1279358,1209,1528,242463,4252,9125,1036895
2014,January,1,21,Herkimer,5403,10500,1241383,1190,1504,238326,4213,8996,1003057
2013,December,12,21,Herkimer,5377,10403,1233682,1196,1512,242684,4181,8891,990998
2013,November,11,21,Herkimer,5641,10730,1587926,1222,1548,290680,4419,9182,1297246
2013,October,10,21,Herkimer,5430,10578,1353944,1202,1515,259788,4228,9063,1094156
2013,September,9,21,Herkimer,5394,10480,1335237,1202,1503,252420,4192,8977,1082817
2013,August,8,21,Herkimer,5387,10497,1324566,1222,1549,259547,4165,8948,1065019
2013,July,7,21,Herkimer,5416,10548,1338193,1218,1561,259842,4198,8987,1078351
2013,June,6,21,Herkimer,5414,10578,1327159,1215,1566,261016,4199,9012,1066143
2013,May,5,21,Herkimer,5458,10661,1344398,1226,1582,263581,4232,9079,1080817
2013,April,4,21,Herkimer,5479,10702,1344858,1246,1623,270664,4233,9079,1074194
2013,March,3,21,Herkimer,5526,10728,1359429,1245,1597,265605,4281,9131,1093824
2013,February,2,21,Herkimer,5477,10685,1349207,1230,1598,263442,4247,9087,1085765
2013,January,1,21,Herkimer,5463,10620,1344464,1235,1593,265434,4228,9027,1079030
2012,December,12,21,Herkimer,5438,10576,1343465,1257,1655,273323,4181,8921,1070142
2012,November,11,21,Herkimer,5337,10374,1314778,1220,1587,262073,4117,8787,1052705
2012,October,10,21,Herkimer,5332,10424,1324035,1205,1589,261180,4127,8835,1062855
2012,September,9,21,Herkimer,5271,10237,1296074,1199,1574,261700,4072,8663,1034374
2012,August,8,21,Herkimer,5235,10210,1297509,1189,1562,257312,4046,8648,1040197
2012,July,7,21,Herkimer,5226,10200,1283611,1195,1558,258029,4031,8642,1025582
2012,June,6,21,Herkimer,5225,10270,1281330,1184,1541,258201,4041,8729,1023129
2012,May,5,21,Herkimer,5229,10261,1284895,1198,1546,257805,4031,8715,1027090
2012,April,4,21,Herkimer,5233,10254,1276635,1192,1520,254386,4041,8734,1022249
2012,March,3,21,Herkimer,5350,10472,1357538,1227,1549,278448,4123,8923,1079090
2012,February,2,21,Herkimer,5282,10393,1303673,1221,1563,263295,4061,8830,1040378
2012,January,1,21,Herkimer,5230,10300,1292463,1195,1527,259389,4035,8773,1033074
2011,December,12,21,Herkimer,5208,10281,1318296,1187,1531,261682,4021,8750,1056614
2011,November,11,21,Herkimer,5132,10098,1299639,1201,1543,265827,3931,8555,1033812
2011,October,10,21,Herkimer,5094,10049,1289518,1184,1513,259820,3910,8536,1029698
2011,September,9,21,Herkimer,5093,10080,1280093,1180,1520,257455,3913,8560,1022638
2011,August,8,21,Herkimer,5065,10013,1277810,1205,1538,257241,3860,8475,1020569
2011,July,7,21,Herkimer,5052,10075,1271708,1188,1504,253194,3864,8571,1018514
2011,June,6,21,Herkimer,5074,10115,1280267,1180,1472,251858,3894,8643,1028409
2011,May,5,21,Herkimer,5057,10117,1274492,1185,1507,254841,3872,8610,1019651
2011,April,4,21,Herkimer,5050,10133,1279715,1189,1508,254870,3861,8625,1024845
2011,March,3,21,Herkimer,5022,10115,1309607,1182,1505,262080,3840,8610,1047527
2011,February,2,21,Herkimer,4965,10017,1296389,1173,1499,258746,3792,8518,1037643
2011,January,1,21,Herkimer,4937,9944,1282167,1158,1444,252411,3779,8500,1029756
2010,December,12,21,Herkimer,4909,9930,1305715,1171,1489,260797,3738,8441,1044918
2010,November,11,21,Herkimer,4749,9585,1264605,1147,1438,251573,3602,8147,1013032
2010,October,10,21,Herkimer,4700,9446,1253868,1125,1425,250127,3575,8021,1003741
2010,September,9,21,Herkimer,4607,9251,1223986,1096,1389,243502,3511,7862,980484
2010,August,8,21,Herkimer,4534,9116,1205897,1088,1390,241529,3446,7726,964368
2010,July,7,21,Herkimer,4551,9132,1203406,1079,1358,236962,3472,7774,966444
2010,June,6,21,Herkimer,4513,9082,1194073,1081,1355,236104,3432,7727,957969
2010,May,5,21,Herkimer,4547,9163,1216337,1090,1381,240987,3457,7782,975350
2010,April,4,21,Herkimer,4465,9034,1216851,1083,1366,238195,3382,7668,978656
2010,March,3,21,Herkimer,4418,8860,1177147,1102,1395,244052,3316,7465,933095
2010,February,2,21,Herkimer,4377,8767,1163634,1102,1400,242982,3275,7367,920652
2010,January,1,21,Herkimer,4349,8728,1167531,1077,1361,237873,3272,7367,929658
2009,December,12,21,Herkimer,4344,8653,1156063,1073,1338,234670,3271,7315,921393
2009,November,11,21,Herkimer,4213,8394,1108172,1082,1349,235261,3131,7045,872911
2009,October,10,21,Herkimer,4186,8343,1112032,1071,1323,233866,3115,7020,878166
2009,September,9,21,Herkimer,4133,8250,1101527,1058,1318,230771,3075,6932,870756
2009,August,8,21,Herkimer,4116,8179,1097240,1063,1315,229356,3053,6864,867884
2009,July,7,21,Herkimer,4079,8082,1090696,1058,1318,231254,3021,6764,859442
2009,June,6,21,Herkimer,4032,7983,1087038,1065,1315,232146,2967,6668,854892
2009,May,5,21,Herkimer,4010,7915,1072954,1057,1321,232459,2953,6594,840495
2009,April,4,21,Herkimer,3980,7821,1061914,1055,1302,228604,2925,6519,833310
2009,March,3,21,Herkimer,3961,7825,926430,1062,1308,200031,2899,6517,726399
2009,February,2,21,Herkimer,3876,7614,899749,1087,1342,207492,2789,6272,692257
2009,January,1,21,Herkimer,3827,7540,817322,1087,1351,180593,2740,6189,636729
2008,December,12,21,Herkimer,3767,7403,823471,1094,1335,181951,2673,6068,641520
2008,November,11,21,Herkimer,3684,7308,818890,1084,1318,182589,2600,5990,636301
2008,October,10,21,Herkimer,3592,7126,790129,1083,1318,180665,2509,5808,609464
2008,September,9,21,Herkimer,3512,7014,654331,1025,1230,131867,2487,5784,522464
2008,August,8,21,Herkimer,3458,6920,647647,1034,1251,136873,2424,5669,510774
2008,July,7,21,Herkimer,3436,6928,650965,1025,1255,135680,2411,5673,515285
2008,June,6,21,Herkimer,3395,6869,649069,1012,1227,131605,2383,5642,517464
2008,May,5,21,Herkimer,3349,6842,646578,1022,1245,134868,2327,5597,511710
2008,April,4,21,Herkimer,3296,6734,642374,1008,1222,130071,2288,5512,512303
2008,March,3,21,Herkimer,3252,6660,635585,974,1181,125098,2278,5479,510487
2008,February,2,21,Herkimer,3171,6420,615352,977,1174,123846,2194,5246,491506
2008,January,1,21,Herkimer,3102,6312,607621,948,1141,121761,2154,5171,485860
2007,December,12,21,Herkimer,3046,6161,600457,953,1140,123712,2093,5021,476745
2007,November,11,21,Herkimer,2976,6025,586173,932,1108,117538,2044,4917,468635
2007,October,10,21,Herkimer,2959,5969,586493,928,1086,114732,2031,4883,471761
2007,September,9,21,Herkimer,2944,5940,549900,931,1106,111157,2013,4834,438743
2007,August,8,21,Herkimer,2997,6043,566123,950,1138,115482,2047,4905,450641
2007,July,7,21,Herkimer,2948,5950,555992,946,1144,117169,2002,4806,438823
2007,June,6,21,Herkimer,2957,5994,559300,911,1120,112296,2046,4874,447004
2007,May,5,21,Herkimer,2991,6059,568936,899,1080,108806,2092,4979,460130
2007,April,4,21,Herkimer,3001,6107,570099,899,1081,109237,2102,5026,460862
2007,March,3,21,Herkimer,3045,6156,579031,914,1100,112267,2131,5056,466764
2007,February,2,21,Herkimer,3005,6081,573127,917,1102,111290,2088,4979,461837
2007,January,1,21,Herkimer,2988,6046,563453,927,1130,114975,2061,4916,448478
2006,December,12,21,Herkimer,2948,5965,557709,925,1130,116653,2023,4835,441056
2006,November,11,21,Herkimer,2920,5898,552170,916,1110,118705,2004,4788,433465
2006,October,10,21,Herkimer,2927,5920,558009,907,1113,114443,2020,4807,443566
2006,September,9,21,Herkimer,2949,6002,553233,900,1116,113146,2049,4886,440087
2006,August,8,21,Herkimer,2948,6011,553302,889,1095,109460,2059,4916,443842
2006,July,7,21,Herkimer,2974,6086,556164,895,1105,109834,2079,4981,446330
2006,June,6,21,Herkimer,2955,6096,554203,889,1101,109338,2066,4995,444865
2006,May,5,21,Herkimer,2970,6136,560544,879,1099,108909,2091,5037,451635
2006,April,4,21,Herkimer,2957,6129,562328,890,1126,111934,2067,5003,450394
2006,March,3,21,Herkimer,2952,6157,569103,903,1173,119165,2049,4984,449938
2006,February,2,21,Herkimer,2934,6138,570469,900,1156,115349,2034,4982,455120
2006,January,1,21,Herkimer,2896,6049,536767,900,1162,109477,1996,4887,427290
2005,December,12,21,Herkimer,2901,6046,551351,906,1161,113218,1995,4885,438133
2005,November,11,21,Herkimer,2827,5861,529647,898,1151,112482,1929,4710,417165
2005,October,10,21,Herkimer,2783,5744,516172,891,1146,112622,1892,4598,403550
2005,September,9,21,Herkimer,2789,5767,509169,891,1131,110240,1898,4636,398929
2005,August,8,21,Herkimer,2737,5694,500650,875,1127,106794,1862,4567,393856
2005,July,7,21,Herkimer,2777,5833,512206,881,1137,109591,1896,4696,402615
2005,June,6,21,Herkimer,2789,5891,512331,876,1108,103639,1913,4783,408692
2005,May,5,21,Herkimer,2843,6005,524617,905,1161,108938,1938,4844,415679
2005,April,4,21,Herkimer,2868,6032,525037,939,1193,111366,1929,4839,413671
2005,March,3,21,Herkimer,2860,5972,524308,939,1183,109880,1921,4789,414428
2005,February,2,21,Herkimer,2840,5924,515964,945,1180,108289,1895,4744,407675
2005,January,1,21,Herkimer,2842,5914,516155,930,1163,106117,1912,4751,410038
2004,December,12,21,Herkimer,2798,5804,514526,940,1180,106613,1858,4624,407913
2004,November,11,21,Herkimer,2726,5664,503248,905,1134,103307,1821,4530,399941
2004,October,10,21,Herkimer,2683,5578,500364,876,1121,103203,1807,4457,397161
2004,September,9,21,Herkimer,2615,5506,458683,838,1090,97425,1777,4416,361258
2004,August,8,21,Herkimer,2590,5493,462114,818,1075,96225,1772,4418,365889
2004,July,7,21,Herkimer,2584,5544,463125,795,1060,94670,1789,4484,368455
2004,June,6,21,Herkimer,2545,5470,464213,775,1038,95815,1770,4432,368398
2004,May,5,21,Herkimer,2542,5486,460494,763,998,90625,1779,4488,369869
2004,April,4,21,Herkimer,2541,5504,460758,766,1015,91985,1775,4489,368773
2004,March,3,21,Herkimer,2523,5472,460004,768,1015,93116,1755,4457,366888
2004,February,2,21,Herkimer,2494,5389,449771,776,1001,91240,1718,4388,358531
2004,January,1,21,Herkimer,2465,5275,445309,771,1006,91972,1694,4269,353337
2003,December,12,21,Herkimer,2418,5209,437037,749,986,90014,1669,4223,347023
2003,November,11,21,Herkimer,2418,5178,434768,756,1002,88730,1662,4176,346038
2003,October,10,21,Herkimer,2389,5147,433775,747,984,89439,1642,4163,344336
2003,September,9,21,Herkimer,2366,5079,421455,751,999,88418,1615,4080,333037
2003,August,8,21,Herkimer,2321,4967,411413,746,980,87273,1575,3987,324140
2003,July,7,21,Herkimer,2306,4934,405682,739,964,84492,1567,3970,321190
2003,June,6,21,Herkimer,2280,4903,403316,723,935,82351,1557,3968,320965
2003,May,5,21,Herkimer,2311,4968,407836,730,949,84080,1581,4019,323756
2003,April,4,21,Herkimer,2287,4948,404556,705,893,79091,1582,4055,325465
2003,March,3,21,Herkimer,2287,4931,403913,708,921,80496,1579,4010,323417
2003,February,2,21,Herkimer,2250,4817,397058,713,926,81800,1537,3891,315258
2003,January,1,21,Herkimer,2204,4709,385043,717,923,81563,1487,3786,303480
2002,December,12,21,Herkimer,2139,4514,365954,702,893,79338,1437,3621,286616
2002,November,11,21,Herkimer,2092,4429,356811,680,867,73764,1412,3562,283047
2002,October,10,21,Herkimer,2050,4326,352091,688,899,78370,1362,3427,273721
2002,September,9,21,Herkimer,2023,4261,324713,691,910,72523,1332,3351,252190
2002,August,8,21,Herkimer,2028,4284,330234,702,915,74939,1326,3369,255295
2002,July,7,21,Herkimer,2035,4305,334852,697,911,73479,1338,3394,261373
2002,June,6,21,Herkimer,2051,4358,341344,694,928,73613,1357,3430,267731
2002,May,5,21,Herkimer,2021,4309,334302,713,1003,81224,1308,3306,253078
2002,April,4,21,Herkimer,2037,4357,336605,701,960,77281,1336,3397,259324
2002,March,3,21,Herkimer,2044,4418,343583,702,1009,83541,1342,3409,260042
2002,February,2,21,Herkimer,2000,4299,326608,691,982,80448,1309,3317,246160
2002,January,1,21,Herkimer,1967,4220,325080,693,980,82478,1274,3240,242602
2018,December,12,22,Jefferson,8161,14766,1830142,2544,3359,523828,5617,11407,1306314
2018,November,11,22,Jefferson,8070,14637,1811757,2532,3371,527646,5538,11266,1284111
2018,October,10,22,Jefferson,8072,14721,1830137,2498,3325,521708,5574,11396,1308429
2018,September,9,22,Jefferson,8086,14671,1803785,2489,3287,511882,5597,11384,1291903
2018,August,8,22,Jefferson,8133,14761,1810010,2477,3276,505200,5656,11485,1304810
2018,July,7,22,Jefferson,8184,14950,1819726,2455,3244,497999,5729,11706,1321727
2018,June,6,22,Jefferson,8224,15016,1835557,2473,3302,509312,5751,11714,1326245
2018,May,5,22,Jefferson,8292,15094,1839422,2490,3317,511478,5802,11777,1327944
2018,April,4,22,Jefferson,8309,15107,1834608,2461,3304,509438,5848,11803,1325170
2018,March,3,22,Jefferson,8413,15378,1872528,2513,3374,519171,5900,12004,1353357
2018,February,2,22,Jefferson,8295,15179,1843633,2505,3362,517591,5790,11817,1326042
2018,January,1,22,Jefferson,8293,15115,1837727,2536,3440,528907,5757,11675,1308820
2017,December,12,22,Jefferson,8261,15180,1842129,2537,3418,528951,5724,11762,1313178
2017,November,11,22,Jefferson,8228,15120,1841376,2526,3403,526683,5702,11717,1314693
2017,October,10,22,Jefferson,8188,15088,1836314,2494,3370,521813,5694,11718,1314501
2017,September,9,22,Jefferson,8284,15296,1869720,2484,3359,518307,5800,11937,1351413
2017,August,8,22,Jefferson,8318,15362,1893554,2467,3359,517727,5851,12003,1375827
2017,July,7,22,Jefferson,8421,15594,1897209,2473,3352,510966,5948,12242,1386243
2017,June,6,22,Jefferson,8489,15736,1913628,2509,3428,522280,5980,12308,1391348
2017,May,5,22,Jefferson,8552,15901,1938369,2506,3440,521876,6046,12461,1416493
2017,April,4,22,Jefferson,8568,15982,1948212,2535,3475,530620,6033,12507,1417592
2017,March,3,22,Jefferson,8681,16164,1986218,2558,3476,535467,6123,12688,1450751
2017,February,2,22,Jefferson,8553,16034,1958393,2532,3459,532364,6021,12575,1426029
2017,January,1,22,Jefferson,8530,15958,1942524,2526,3436,530129,6004,12522,1412395
2016,December,12,22,Jefferson,8519,15938,1961860,2528,3433,531169,5991,12505,1430691
2016,November,11,22,Jefferson,8384,15650,1912155,2499,3415,527815,5885,12235,1384340
2016,October,10,22,Jefferson,8326,15599,1907687,2490,3397,519149,5836,12202,1388538
2016,September,9,22,Jefferson,8384,15589,1905452,2533,3443,530021,5851,12146,1375431
2016,August,8,22,Jefferson,8323,15486,1903414,2530,3468,530354,5793,12018,1373060
2016,July,7,22,Jefferson,8334,15492,1915462,2528,3456,524588,5806,12036,1390874
2016,June,6,22,Jefferson,8376,15530,1920176,2555,3497,531339,5821,12033,1388837
2016,May,5,22,Jefferson,8416,15631,1956811,2538,3472,531305,5878,12159,1425506
2016,April,4,22,Jefferson,8434,15734,1959773,2532,3475,531711,5902,12259,1428062
2016,March,3,22,Jefferson,8442,15731,1970150,2546,3497,536623,5896,12234,1433527
2016,February,2,22,Jefferson,8397,15716,1962937,2514,3443,524744,5883,12273,1438193
2016,January,1,22,Jefferson,8386,15724,1942481,2519,3450,523478,5867,12274,1419003
2015,December,12,22,Jefferson,8360,15648,1932023,2499,3402,520010,5861,12246,1412013
2015,November,11,22,Jefferson,8297,15483,1902430,2509,3427,520397,5788,12056,1382033
2015,October,10,22,Jefferson,8323,15555,1909504,2507,3445,521633,5816,12110,1387871
2015,September,9,22,Jefferson,8219,15356,1899468,2469,3359,516902,5750,11997,1382566
2015,August,8,22,Jefferson,8224,15481,1918123,2440,3325,505511,5784,12156,1412612
2015,July,7,22,Jefferson,8312,15626,1930328,2464,3380,507191,5848,12246,1423137
2015,June,6,22,Jefferson,8316,15622,1954662,2464,3402,515885,5852,12220,1438777
2015,May,5,22,Jefferson,8346,15738,1961559,2491,3459,522454,5855,12279,1439105
2015,April,4,22,Jefferson,8419,15828,1984712,2491,3470,525682,5928,12358,1459030
2015,March,3,22,Jefferson,8429,15932,2016280,2492,3431,527060,5937,12501,1489220
2015,February,2,22,Jefferson,8347,15809,2019376,2467,3391,519598,5880,12418,1499778
2015,January,1,22,Jefferson,8284,15650,2012591,2487,3408,522019,5797,12242,1490572
2014,December,12,22,Jefferson,8204,15515,1975345,2318,3014,475939,5886,12501,1499406
2014,November,11,22,Jefferson,8122,15378,1960974,2340,2989,477531,5782,12389,1483443
2014,October,10,22,Jefferson,8138,15411,1970881,2303,2910,464913,5835,12501,1505968
2014,September,9,22,Jefferson,8184,15511,1883631,2310,2930,449136,5874,12581,1434495
2014,August,8,22,Jefferson,8207,15662,1906657,2300,2920,445121,5907,12742,1461536
2014,July,7,22,Jefferson,8279,15827,1920997,2265,2860,437910,6014,12967,1483087
2014,June,6,22,Jefferson,8295,15885,1929180,2258,2840,433018,6037,13045,1496162
2014,May,5,22,Jefferson,8390,16065,1968298,2258,2802,434027,6132,13263,1534271
2014,April,4,22,Jefferson,8359,16035,1967632,2252,2805,431325,6107,13230,1536307
2014,March,3,22,Jefferson,8347,16015,1965275,2243,2797,432354,6104,13218,1532921
2014,February,2,22,Jefferson,8274,15887,1939116,2217,2727,422780,6057,13160,1516336
2014,January,1,22,Jefferson,8258,15874,1928240,2226,2713,425391,6032,13161,1502849
2013,December,12,22,Jefferson,8198,15778,1911145,2204,2670,420871,5994,13108,1490274
2013,November,11,22,Jefferson,8548,16199,2293330,2382,2895,570171,6166,13304,1723159
2013,October,10,22,Jefferson,8165,15767,2062754,2206,2689,449445,5959,13078,1613309
2013,September,9,22,Jefferson,8171,15813,2033187,2184,2684,436692,5987,13129,1596495
2013,August,8,22,Jefferson,8211,15870,2042852,2180,2663,432998,6031,13207,1609854
2013,July,7,22,Jefferson,8183,15840,2041597,2147,2605,423591,6036,13235,1618006
2013,June,6,22,Jefferson,8249,16053,2062739,2165,2622,430440,6084,13431,1632299
2013,May,5,22,Jefferson,8285,16150,2072180,2141,2606,426644,6144,13544,1645536
2013,April,4,22,Jefferson,8276,16189,2061876,2150,2592,421463,6126,13597,1640413
2013,March,3,22,Jefferson,8374,16421,2109793,2165,2606,429801,6209,13815,1679992
2013,February,2,22,Jefferson,8235,16155,2056577,2155,2581,423074,6080,13574,1633503
2013,January,1,22,Jefferson,8211,16094,2056646,2175,2622,423869,6036,13472,1632777
2012,December,12,22,Jefferson,8019,15737,2018026,2152,2595,426693,5867,13142,1591333
2012,November,11,22,Jefferson,7962,15558,1995933,2143,2617,427846,5819,12941,1568087
2012,October,10,22,Jefferson,7952,15495,1997452,2146,2613,429499,5806,12882,1567953
2012,September,9,22,Jefferson,7919,15480,2002229,2102,2554,421710,5817,12926,1580519
2012,August,8,22,Jefferson,7964,15592,2029096,2107,2578,423880,5857,13014,1605216
2012,July,7,22,Jefferson,7963,15671,2013429,2095,2535,420973,5868,13136,1592456
2012,June,6,22,Jefferson,8069,15872,2037416,2100,2525,419548,5969,13347,1617868
2012,May,5,22,Jefferson,8097,15935,2061805,2131,2546,429176,5966,13389,1632629
2012,April,4,22,Jefferson,8010,15779,2032832,2141,2538,425480,5869,13241,1607352
2012,March,3,22,Jefferson,8107,16101,2098014,2135,2553,459975,5972,13548,1638039
2012,February,2,22,Jefferson,8068,16123,2054818,2128,2556,426910,5940,13567,1627908
2012,January,1,22,Jefferson,7985,15954,2053105,2113,2556,426435,5872,13398,1626670
2011,December,12,22,Jefferson,7948,15843,2058282,2123,2562,434609,5825,13281,1623673
2011,November,11,22,Jefferson,7859,15614,2028533,2112,2567,432192,5747,13047,1596341
2011,October,10,22,Jefferson,7871,15604,2042960,2104,2549,429549,5767,13055,1613411
2011,September,9,22,Jefferson,7886,15670,2020980,2077,2500,415862,5809,13170,1605118
2011,August,8,22,Jefferson,7855,15641,2011614,2062,2444,403750,5793,13197,1607864
2011,July,7,22,Jefferson,7815,15540,2004184,2064,2458,406522,5751,13082,1597662
2011,June,6,22,Jefferson,7778,15447,1982839,2065,2457,407063,5713,12990,1575776
2011,May,5,22,Jefferson,7779,15499,1969537,2072,2488,411013,5707,13011,1558524
2011,April,4,22,Jefferson,7751,15388,1949133,2096,2535,417896,5655,12853,1531237
2011,March,3,22,Jefferson,7686,15256,1997760,2090,2546,436351,5596,12710,1561409
2011,February,2,22,Jefferson,7563,15029,1968455,2070,2519,428325,5493,12510,1540130
2011,January,1,22,Jefferson,7495,14926,1941223,2068,2509,425223,5427,12417,1516000
2010,December,12,22,Jefferson,7358,14683,1929361,2067,2495,427591,5291,12188,1501770
2010,November,11,22,Jefferson,7166,14343,1885788,2017,2423,413402,5149,11920,1472386
2010,October,10,22,Jefferson,7099,14137,1855859,1992,2388,408174,5107,11749,1447685
2010,September,9,22,Jefferson,7071,14122,1855390,1945,2284,393145,5126,11838,1462245
2010,August,8,22,Jefferson,7090,14149,1857045,1954,2307,395025,5136,11842,1462020
2010,July,7,22,Jefferson,7137,14309,1875806,1964,2325,396000,5173,11984,1479806
2010,June,6,22,Jefferson,7113,14287,1864284,1939,2319,396775,5174,11968,1467509
2010,May,5,22,Jefferson,7113,14308,1875280,1929,2259,387399,5184,12049,1487881
2010,April,4,22,Jefferson,7081,14260,1861391,1914,2261,387874,5167,11999,1473517
2010,March,3,22,Jefferson,7103,14302,1878297,1950,2333,401083,5153,11969,1477214
2010,February,2,22,Jefferson,7004,14053,1857055,1959,2350,401626,5045,11703,1455429
2010,January,1,22,Jefferson,6914,13815,1835707,1976,2389,402356,4938,11426,1433351
2009,December,12,22,Jefferson,6855,13754,1795150,1979,2391,406496,4876,11363,1388654
2009,November,11,22,Jefferson,6691,13420,1757245,1953,2365,403885,4738,11055,1353360
2009,October,10,22,Jefferson,6627,13250,1765900,1929,2292,394741,4698,10958,1371159
2009,September,9,22,Jefferson,6383,12715,1708948,1872,2188,378533,4511,10527,1330415
2009,August,8,22,Jefferson,6243,12332,1652566,1869,2174,377516,4374,10158,1275050
2009,July,7,22,Jefferson,6208,12324,1643489,1828,2119,365191,4380,10205,1278298
2009,June,6,22,Jefferson,6124,12155,1631598,1833,2151,369705,4291,10004,1261893
2009,May,5,22,Jefferson,6146,12192,1637548,1842,2116,364657,4304,10076,1272891
2009,April,4,22,Jefferson,6032,12034,1619742,1827,2075,359952,4205,9959,1259790
2009,March,3,22,Jefferson,5942,11851,1342036,1810,2050,303839,4132,9801,1038197
2009,February,2,22,Jefferson,5839,11724,1329889,1777,2006,295376,4062,9718,1034513
2009,January,1,22,Jefferson,5803,11642,1199314,1789,2063,253379,4014,9579,945935
2008,December,12,22,Jefferson,5691,11422,1212307,1766,2018,255265,3925,9404,957042
2008,November,11,22,Jefferson,5496,10992,1163520,1734,1960,243372,3762,9032,920148
2008,October,10,22,Jefferson,5357,10661,1126016,1724,1966,243878,3633,8695,882138
2008,September,9,22,Jefferson,5236,10385,916052,1721,1978,179650,3515,8407,736402
2008,August,8,22,Jefferson,5148,10194,907610,1707,1930,174783,3441,8264,732827
2008,July,7,22,Jefferson,5123,10187,914833,1700,1943,174198,3423,8244,740635
2008,June,6,22,Jefferson,5043,10021,895086,1719,1963,176192,3324,8058,718894
2008,May,5,22,Jefferson,5016,10082,910715,1719,1965,173806,3297,8117,736909
2008,April,4,22,Jefferson,4867,9853,907579,1711,1963,176829,3156,7890,730750
2008,March,3,22,Jefferson,4716,9581,889446,1715,1969,176736,3001,7612,712710
2008,February,2,22,Jefferson,4634,9493,871466,1670,1924,170066,2964,7569,701400
2008,January,1,22,Jefferson,4650,9549,873081,1692,1963,176330,2958,7586,696751
2007,December,12,22,Jefferson,4573,9356,873328,1678,1953,180398,2895,7403,692930
2007,November,11,22,Jefferson,4545,9307,875538,1682,1945,180204,2863,7362,695334
2007,October,10,22,Jefferson,4531,9214,868125,1697,1954,180111,2834,7260,688014
2007,September,9,22,Jefferson,4553,9252,818647,1683,1938,168061,2870,7314,650586
2007,August,8,22,Jefferson,4591,9342,825927,1708,1973,170164,2883,7369,655763
2007,July,7,22,Jefferson,4623,9427,829060,1718,1992,170555,2905,7435,658505
2007,June,6,22,Jefferson,4632,9490,840513,1689,1960,170268,2943,7530,670245
2007,May,5,22,Jefferson,4673,9617,850183,1711,2000,174946,2962,7617,675237
2007,April,4,22,Jefferson,4673,9540,839542,1719,2010,178999,2954,7530,660543
2007,March,3,22,Jefferson,4715,9682,858052,1735,2061,180144,2980,7621,677908
2007,February,2,22,Jefferson,4681,9628,843558,1728,2042,179704,2953,7586,663854
2007,January,1,22,Jefferson,4727,9723,858481,1773,2110,189636,2954,7613,668845
2006,December,12,22,Jefferson,4733,9727,879124,1800,2109,194133,2933,7618,684991
2006,November,11,22,Jefferson,4681,9594,871685,1808,2148,205712,2873,7446,665973
2006,October,10,22,Jefferson,4598,9370,836186,1809,2146,196885,2789,7224,639301
2006,September,9,22,Jefferson,4643,9415,812556,1831,2210,200437,2812,7205,612119
2006,August,8,22,Jefferson,4622,9402,807166,1805,2169,192284,2817,7233,614882
2006,July,7,22,Jefferson,4641,9499,812708,1809,2157,190689,2832,7342,622019
2006,June,6,22,Jefferson,4707,9709,842643,1795,2162,193200,2912,7547,649443
2006,May,5,22,Jefferson,4731,9772,845899,1811,2231,200743,2920,7541,645156
2006,April,4,22,Jefferson,4744,9851,850045,1842,2316,210084,2902,7535,639961
2006,March,3,22,Jefferson,4776,9924,849479,1841,2363,213872,2935,7561,635607
2006,February,2,22,Jefferson,4767,9927,856916,1876,2456,222270,2891,7471,634646
2006,January,1,22,Jefferson,4753,9856,836620,1903,2472,221987,2850,7384,614633
2005,December,12,22,Jefferson,4814,10013,873601,1914,2474,229647,2900,7539,643954
2005,November,11,22,Jefferson,4722,9800,848279,1899,2438,226550,2823,7362,621729
2005,October,10,22,Jefferson,4745,9847,860033,1906,2448,230547,2839,7399,629486
2005,September,9,22,Jefferson,4733,9825,823746,1893,2462,216794,2840,7363,606952
2005,August,8,22,Jefferson,4701,9784,830704,1867,2448,214790,2834,7336,615914
2005,July,7,22,Jefferson,4736,9834,832606,1917,2547,222009,2819,7287,610597
2005,June,6,22,Jefferson,4748,9849,833998,1973,2647,236940,2775,7202,597058
2005,May,5,22,Jefferson,4739,9795,828459,1956,2663,236703,2783,7132,591756
2005,April,4,22,Jefferson,4841,10042,846535,1983,2699,235980,2858,7343,610555
2005,March,3,22,Jefferson,4870,10176,859730,1979,2714,238076,2891,7462,621654
2005,February,2,22,Jefferson,4809,10023,844553,1983,2709,236187,2826,7314,608366
2005,January,1,22,Jefferson,4791,10044,836763,1988,2695,228805,2803,7349,607958
2004,December,12,22,Jefferson,4749,9908,837343,1971,2658,228544,2778,7250,608799
2004,November,11,22,Jefferson,4642,9658,825197,1947,2631,232631,2695,7027,592566
2004,October,10,22,Jefferson,4550,9557,819534,1894,2578,227760,2656,6979,591774
2004,September,9,22,Jefferson,4429,9370,753322,1797,2473,205151,2632,6897,548171
2004,August,8,22,Jefferson,4305,9202,744340,1708,2409,207215,2597,6793,537125
2004,July,7,22,Jefferson,4311,9249,755110,1668,2385,207457,2643,6864,547653
2004,June,6,22,Jefferson,4242,9159,750561,1614,2332,206744,2628,6827,543817
2004,May,5,22,Jefferson,4276,9254,763365,1616,2332,208226,2660,6922,555139
2004,April,4,22,Jefferson,4243,9227,760586,1594,2294,204540,2649,6933,556046
2004,March,3,22,Jefferson,4248,9334,764969,1626,2388,211241,2622,6946,553728
2004,February,2,22,Jefferson,4192,9215,750591,1620,2365,209005,2572,6850,541586
2004,January,1,22,Jefferson,4178,9188,743584,1639,2402,211533,2539,6786,532051
2003,December,12,22,Jefferson,4087,9033,747897,1579,2316,214452,2508,6717,533445
2003,November,11,22,Jefferson,4006,8851,713014,1576,2326,202627,2430,6525,510387
2003,October,10,22,Jefferson,3971,8706,705429,1577,2310,201105,2394,6396,504324
2003,September,9,22,Jefferson,3904,8625,673693,1493,2223,184063,2411,6402,489630
2003,August,8,22,Jefferson,3934,8707,682588,1515,2253,187977,2419,6454,494611
2003,July,7,22,Jefferson,3959,8736,696161,1491,2159,182853,2468,6577,513308
2003,June,6,22,Jefferson,3994,8859,705090,1534,2259,192509,2460,6600,512581
2003,May,5,22,Jefferson,4062,8979,725905,1554,2270,195192,2508,6709,530713
2003,April,4,22,Jefferson,4020,8943,709332,1548,2246,193275,2472,6697,516057
2003,March,3,22,Jefferson,4024,8968,714041,1576,2298,200934,2448,6670,513107
2003,February,2,22,Jefferson,3979,8917,709039,1582,2331,205496,2397,6586,503543
2003,January,1,22,Jefferson,3924,8807,695830,1551,2250,196773,2373,6557,499057
2002,December,12,22,Jefferson,3852,8621,689029,1559,2281,201220,2293,6340,487809
2002,November,11,22,Jefferson,3741,8313,662723,1542,2282,199317,2199,6031,463406
2002,October,10,22,Jefferson,3693,8163,649698,1534,2272,196081,2159,5891,453617
2002,September,9,22,Jefferson,3635,7978,586721,1493,2212,170631,2142,5766,416090
2002,August,8,22,Jefferson,3687,8102,606783,1519,2272,179015,2168,5830,427768
2002,July,7,22,Jefferson,3656,8035,601761,1509,2258,178071,2147,5777,423690
2002,June,6,22,Jefferson,3710,8198,616152,1535,2312,182055,2175,5886,434097
2002,May,5,22,Jefferson,3731,8206,626249,1566,2405,197642,2165,5801,428607
2002,April,4,22,Jefferson,3762,8287,640381,1599,2442,201819,2163,5845,438562
2002,March,3,22,Jefferson,3765,8350,651328,1593,2463,206972,2172,5887,444356
2002,February,2,22,Jefferson,3700,8254,633987,1566,2409,198684,2134,5845,435303
2002,January,1,22,Jefferson,3695,8231,637984,1575,2427,202789,2120,5804,435195
2018,December,12,23,Lewis,1650,3028,327331,420,496,73340,1230,2532,253991
2018,November,11,23,Lewis,1630,2949,310504,411,480,70491,1219,2469,240013
2018,October,10,23,Lewis,1625,2943,312831,417,483,71360,1208,2460,241471
2018,September,9,23,Lewis,1622,2950,308777,411,477,70077,1211,2473,238700
2018,August,8,23,Lewis,1652,3042,320232,416,477,69811,1236,2565,250421
2018,July,7,23,Lewis,1673,3096,322221,414,471,67642,1259,2625,254579
2018,June,6,23,Lewis,1699,3149,330176,418,481,68578,1281,2668,261598
2018,May,5,23,Lewis,1741,3253,340807,424,490,70714,1317,2763,270093
2018,April,4,23,Lewis,1748,3285,343502,422,486,70402,1326,2799,273100
2018,March,3,23,Lewis,1816,3409,359862,419,478,70894,1397,2931,288968
2018,February,2,23,Lewis,1815,3379,356933,416,470,70577,1399,2909,286356
2018,January,1,23,Lewis,1824,3395,360802,412,463,68690,1412,2932,292112
2017,December,12,23,Lewis,1833,3391,362972,414,468,69183,1419,2923,293789
2017,November,11,23,Lewis,1834,3396,360771,414,469,69561,1420,2927,291210
2017,October,10,23,Lewis,1826,3393,367360,412,470,70191,1414,2923,297169
2017,September,9,23,Lewis,1843,3427,372170,422,485,70708,1421,2942,301462
2017,August,8,23,Lewis,1844,3435,369493,417,482,70254,1427,2953,299239
2017,July,7,23,Lewis,1866,3504,382347,413,481,70182,1453,3023,312165
2017,June,6,23,Lewis,1879,3529,387318,417,491,71014,1462,3038,316304
2017,May,5,23,Lewis,1895,3604,392627,414,482,68804,1481,3122,323823
2017,April,4,23,Lewis,1905,3592,391190,416,479,68269,1489,3113,322921
2017,March,3,23,Lewis,1934,3660,396502,416,479,68738,1518,3181,327764
2017,February,2,23,Lewis,1939,3692,399452,418,485,70030,1521,3207,329422
2017,January,1,23,Lewis,1939,3699,398646,422,489,70658,1517,3210,327988
2016,December,12,23,Lewis,1921,3671,398515,426,497,70905,1495,3174,327610
2016,November,11,23,Lewis,1890,3562,384535,433,513,74501,1457,3049,310034
2016,October,10,23,Lewis,1884,3575,388216,423,490,69338,1461,3085,318878
2016,September,9,23,Lewis,1865,3560,384079,409,468,66751,1456,3092,317328
2016,August,8,23,Lewis,1849,3523,388949,407,469,67712,1442,3054,321237
2016,July,7,23,Lewis,1844,3517,387758,406,470,67566,1438,3047,320192
2016,June,6,23,Lewis,1807,3434,383714,412,480,68733,1395,2954,314981
2016,May,5,23,Lewis,1815,3466,391072,398,465,66715,1417,3001,324357
2016,April,4,23,Lewis,1827,3480,393268,394,467,67011,1433,3013,326257
2016,March,3,23,Lewis,1847,3543,401411,397,478,68475,1450,3065,332936
2016,February,2,23,Lewis,1830,3501,397033,405,485,69873,1425,3016,327160
2016,January,1,23,Lewis,1828,3501,399059,403,488,68945,1425,3013,330114
2015,December,12,23,Lewis,1809,3460,388226,408,495,70452,1401,2965,317774
2015,November,11,23,Lewis,1807,3424,390188,415,507,71942,1392,2917,318246
2015,October,10,23,Lewis,1827,3462,391965,427,522,73535,1400,2940,318430
2015,September,9,23,Lewis,1814,3453,398380,416,507,71985,1398,2946,326395
2015,August,8,23,Lewis,1811,3477,397844,426,527,74353,1385,2950,323491
2015,July,7,23,Lewis,1834,3534,405755,434,534,76466,1400,3000,329289
2015,June,6,23,Lewis,1857,3603,411348,440,541,77712,1417,3062,333636
2015,May,5,23,Lewis,1851,3630,410012,439,544,78018,1412,3086,331994
2015,April,4,23,Lewis,1870,3667,412340,442,549,79332,1428,3118,333008
2015,March,3,23,Lewis,1891,3764,424950,445,550,80267,1446,3214,344683
2015,February,2,23,Lewis,1881,3750,424558,454,565,83800,1427,3185,340758
2015,January,1,23,Lewis,1876,3733,421055,449,563,82997,1427,3170,338058
2014,December,12,23,Lewis,1851,3666,419819,404,491,75186,1447,3175,344633
2014,November,11,23,Lewis,1817,3572,405428,410,497,75314,1407,3075,330114
2014,October,10,23,Lewis,1821,3574,406284,397,476,72062,1424,3098,334222
2014,September,9,23,Lewis,1821,3599,389602,414,502,72582,1407,3097,317020
2014,August,8,23,Lewis,1815,3580,390007,416,506,72678,1399,3074,317329
2014,July,7,23,Lewis,1836,3611,398484,414,502,71193,1422,3109,327291
2014,June,6,23,Lewis,1848,3648,404128,416,510,71691,1432,3138,332437
2014,May,5,23,Lewis,1890,3762,419050,416,490,69376,1474,3272,349674
2014,April,4,23,Lewis,1892,3774,418911,418,504,72091,1474,3270,346820
2014,March,3,23,Lewis,1910,3797,428623,412,491,70439,1498,3306,358184
2014,February,2,23,Lewis,1883,3724,420094,406,483,69348,1477,3241,350746
2014,January,1,23,Lewis,1865,3658,409033,404,477,67332,1461,3181,341701
2013,December,12,23,Lewis,1873,3667,414505,404,466,67992,1469,3201,346513
2013,November,11,23,Lewis,1855,3606,426431,418,499,74983,1437,3107,351448
2013,October,10,23,Lewis,1819,3556,419206,401,464,71756,1418,3092,347450
2013,September,9,23,Lewis,1807,3528,407150,413,489,72747,1394,3039,334403
2013,August,8,23,Lewis,1830,3605,421694,396,442,66700,1434,3163,354994
2013,July,7,23,Lewis,1836,3659,422268,390,440,66347,1446,3219,355921
2013,June,6,23,Lewis,1850,3682,428842,390,442,66585,1460,3240,362257
2013,May,5,23,Lewis,1871,3749,433206,389,449,66683,1482,3300,366523
2013,April,4,23,Lewis,1881,3759,434936,396,453,67444,1485,3306,367492
2013,March,3,23,Lewis,1909,3814,447117,408,472,70325,1501,3342,376792
2013,February,2,23,Lewis,1901,3805,437651,408,474,69554,1493,3331,368097
2013,January,1,23,Lewis,1879,3753,429467,395,450,66914,1484,3303,362553
2012,December,12,23,Lewis,1859,3694,429210,404,473,71919,1455,3221,357291
2012,November,11,23,Lewis,1823,3629,419890,404,476,71707,1419,3153,348183
2012,October,10,23,Lewis,1812,3611,422812,397,455,68988,1415,3156,353824
2012,September,9,23,Lewis,1792,3551,417103,395,461,70683,1397,3090,346420
2012,August,8,23,Lewis,1792,3579,419237,394,452,68479,1398,3127,350758
2012,July,7,23,Lewis,1799,3606,417924,403,472,72222,1396,3134,345702
2012,June,6,23,Lewis,1802,3577,415312,399,475,71515,1403,3102,343797
2012,May,5,23,Lewis,1826,3666,422118,390,469,70223,1436,3197,351895
2012,April,4,23,Lewis,1834,3688,424122,385,444,66546,1449,3244,357576
2012,March,3,23,Lewis,1858,3769,449799,386,465,76076,1472,3304,373723
2012,February,2,23,Lewis,1849,3734,426018,380,447,66549,1469,3287,359469
2012,January,1,23,Lewis,1833,3710,421622,385,456,68558,1448,3254,353064
2011,December,12,23,Lewis,1837,3714,430129,385,454,70106,1452,3260,360023
2011,November,11,23,Lewis,1810,3626,421700,394,473,72589,1416,3153,349111
2011,October,10,23,Lewis,1773,3510,410644,389,457,70912,1384,3053,339732
2011,September,9,23,Lewis,1758,3473,396869,389,456,68790,1369,3017,328079
2011,August,8,23,Lewis,1762,3478,398913,390,461,69462,1372,3017,329451
2011,July,7,23,Lewis,1759,3475,401089,399,488,74116,1360,2987,326973
2011,June,6,23,Lewis,1766,3502,398792,392,474,70535,1374,3028,328257
2011,May,5,23,Lewis,1779,3532,404291,385,449,70351,1394,3083,333940
2011,April,4,23,Lewis,1784,3533,406307,386,456,70394,1398,3077,335913
2011,March,3,23,Lewis,1772,3534,418067,392,484,76366,1380,3050,341701
2011,February,2,23,Lewis,1740,3462,408352,377,435,70893,1363,3027,337459
2011,January,1,23,Lewis,1735,3474,408108,374,435,70071,1361,3039,338037
2010,December,12,23,Lewis,1708,3418,395074,364,418,67681,1344,3000,327393
2010,November,11,23,Lewis,1678,3356,387103,368,440,70660,1310,2916,316443
2010,October,10,23,Lewis,1649,3289,385277,369,432,69208,1280,2857,316069
2010,September,9,23,Lewis,1667,3343,392612,371,451,72406,1296,2892,320206
2010,August,8,23,Lewis,1645,3297,388506,376,462,72906,1269,2835,315600
2010,July,7,23,Lewis,1654,3332,399532,368,437,69397,1286,2895,330135
2010,June,6,23,Lewis,1639,3295,393504,361,427,68093,1278,2868,325411
2010,May,5,23,Lewis,1652,3316,396305,368,433,68839,1284,2883,327466
2010,April,4,23,Lewis,1663,3342,400289,370,450,70871,1293,2892,329418
2010,March,3,23,Lewis,1650,3332,401576,363,441,69313,1287,2891,332263
2010,February,2,23,Lewis,1639,3279,392638,366,459,71169,1273,2820,321469
2010,January,1,23,Lewis,1624,3243,393143,357,431,66995,1267,2812,326148
2009,December,12,23,Lewis,1603,3220,382719,360,445,69326,1243,2775,313393
2009,November,11,23,Lewis,1583,3136,377978,362,453,70966,1221,2683,307012
2009,October,10,23,Lewis,1549,3028,366655,367,454,71301,1182,2574,295354
2009,September,9,23,Lewis,1555,3069,365866,364,452,69842,1191,2617,296024
2009,August,8,23,Lewis,1509,2985,354218,358,431,66478,1151,2554,287740
2009,July,7,23,Lewis,1510,2994,355681,357,437,67268,1153,2557,288413
2009,June,6,23,Lewis,1495,2971,354042,357,425,65742,1138,2546,288300
2009,May,5,23,Lewis,1501,3015,361909,356,417,64406,1145,2598,297503
2009,April,4,23,Lewis,1510,3011,368666,360,428,66535,1150,2583,302131
2009,March,3,23,Lewis,1498,3001,311247,359,423,55432,1139,2578,255815
2009,February,2,23,Lewis,1467,2937,300387,363,436,57619,1104,2501,242768
2009,January,1,23,Lewis,1467,2928,273781,363,426,46884,1104,2502,226897
2008,December,12,23,Lewis,1428,2844,269234,361,422,48686,1067,2422,220548
2008,November,11,23,Lewis,1367,2683,257620,355,418,47464,1012,2265,210156
2008,October,10,23,Lewis,1328,2605,253912,357,425,48514,971,2180,205398
2008,September,9,23,Lewis,1288,2508,208026,353,421,34935,935,2087,173091
2008,August,8,23,Lewis,1242,2408,199332,346,406,33846,896,2002,165486
2008,July,7,23,Lewis,1216,2385,201868,344,411,34706,872,1974,167162
2008,June,6,23,Lewis,1193,2377,201615,338,402,33772,855,1975,167843
2008,May,5,23,Lewis,1162,2369,201163,340,407,34465,822,1962,166698
2008,April,4,23,Lewis,1115,2306,202991,342,409,34703,773,1897,168288
2008,March,3,23,Lewis,1092,2247,201370,339,399,34324,753,1848,167046
2008,February,2,23,Lewis,1047,2142,193194,345,423,36115,702,1719,157079
2008,January,1,23,Lewis,1048,2135,195648,344,411,35798,704,1724,159850
2007,December,12,23,Lewis,1039,2104,190829,344,406,36759,695,1698,154070
2007,November,11,23,Lewis,1036,2104,193110,356,437,40260,680,1667,152850
2007,October,10,23,Lewis,1032,2115,191807,356,433,38989,676,1682,152818
2007,September,9,23,Lewis,1022,2077,179428,351,417,35000,671,1660,144428
2007,August,8,23,Lewis,1018,2066,178916,356,436,37871,662,1630,141045
2007,July,7,23,Lewis,1014,2087,181117,355,435,38248,659,1652,142869
2007,June,6,23,Lewis,1045,2178,192962,353,449,39769,692,1729,153193
2007,May,5,23,Lewis,1052,2188,197380,346,418,37141,706,1770,160239
2007,April,4,23,Lewis,1053,2184,192258,351,427,37220,702,1757,155038
2007,March,3,23,Lewis,1069,2216,195779,353,422,36915,716,1794,158864
2007,February,2,23,Lewis,1075,2219,194550,358,441,38561,717,1778,155989
2007,January,1,23,Lewis,1060,2154,190273,361,450,39749,699,1704,150524
2006,December,12,23,Lewis,1069,2162,191655,365,457,42326,704,1705,149329
2006,November,11,23,Lewis,1049,2144,190395,363,451,42184,686,1693,148211
2006,October,10,23,Lewis,1035,2131,188018,360,444,39771,675,1687,148247
2006,September,9,23,Lewis,1028,2069,174838,359,438,38441,669,1631,136397
2006,August,8,23,Lewis,1025,2073,175403,358,436,37310,667,1637,138093
2006,July,7,23,Lewis,1037,2134,182913,363,459,40146,674,1675,142767
2006,June,6,23,Lewis,1042,2138,184088,370,463,41057,672,1675,143031
2006,May,5,23,Lewis,1044,2146,183158,370,465,40178,674,1681,142980
2006,April,4,23,Lewis,1066,2183,186616,370,470,41005,696,1713,145611
2006,March,3,23,Lewis,1079,2225,192464,367,473,41171,712,1752,151293
2006,February,2,23,Lewis,1082,2236,195973,378,500,45646,704,1736,150327
2006,January,1,23,Lewis,1094,2263,194607,389,525,46509,705,1738,148098
2005,December,12,23,Lewis,1084,2253,194746,389,525,47362,695,1728,147384
2005,November,11,23,Lewis,1061,2180,188993,385,512,46600,676,1668,142393
2005,October,10,23,Lewis,1063,2170,188089,388,528,48581,675,1642,139508
2005,September,9,23,Lewis,1039,2103,173925,368,491,42045,671,1612,131880
2005,August,8,23,Lewis,1040,2089,171711,368,476,40571,672,1613,131140
2005,July,7,23,Lewis,1039,2111,176289,367,483,42058,672,1628,134231
2005,June,6,23,Lewis,1039,2082,174277,378,484,41692,661,1598,132585
2005,May,5,23,Lewis,1059,2146,183474,386,505,43295,673,1641,140179
2005,April,4,23,Lewis,1063,2165,182356,389,510,43604,674,1655,138752
2005,March,3,23,Lewis,1077,2214,188454,385,510,42557,692,1704,145897
2005,February,2,23,Lewis,1071,2221,188626,381,495,41988,690,1726,146638
2005,January,1,23,Lewis,1068,2235,188987,374,485,40298,694,1750,148689
2004,December,12,23,Lewis,1050,2222,186874,370,472,39130,680,1750,147744
2004,November,11,23,Lewis,1032,2127,181246,374,476,39420,658,1651,141826
2004,October,10,23,Lewis,1006,2100,176610,353,447,37708,653,1653,138902
2004,September,9,23,Lewis,980,2044,159775,336,440,33610,644,1604,126165
2004,August,8,23,Lewis,983,2059,158990,337,465,37065,646,1594,121925
2004,July,7,23,Lewis,978,2069,161963,331,469,38172,647,1600,123791
2004,June,6,23,Lewis,980,2052,163511,317,427,36017,663,1625,127494
2004,May,5,23,Lewis,991,2130,171440,321,449,38165,670,1681,133275
2004,April,4,23,Lewis,1009,2206,173983,304,418,35229,705,1788,138754
2004,March,3,23,Lewis,1013,2241,176677,306,429,36498,707,1812,140179
2004,February,2,23,Lewis,997,2230,173311,301,418,35156,696,1812,138155
2004,January,1,23,Lewis,990,2241,176357,304,430,36699,686,1811,139658
2003,December,12,23,Lewis,962,2146,168549,294,409,34997,668,1737,133552
2003,November,11,23,Lewis,927,2048,162048,292,392,33241,635,1656,128807
2003,October,10,23,Lewis,935,2075,162427,301,425,35886,634,1650,126541
2003,September,9,23,Lewis,905,2010,154415,292,412,33408,613,1598,121007
2003,August,8,23,Lewis,889,1965,149152,282,373,30714,607,1592,118438
2003,July,7,23,Lewis,894,1988,148513,285,391,31978,609,1597,116535
2003,June,6,23,Lewis,897,2014,151418,295,428,35456,602,1586,115962
2003,May,5,23,Lewis,901,2002,158703,285,400,33335,616,1602,125368
2003,April,4,23,Lewis,884,1970,155629,277,389,30992,607,1581,124637
2003,March,3,23,Lewis,900,2031,158671,276,394,30775,624,1637,127896
2003,February,2,23,Lewis,889,2017,155058,274,374,30614,615,1643,124444
2003,January,1,23,Lewis,895,2048,156638,282,391,31731,613,1657,124907
2002,December,12,23,Lewis,876,1984,149669,281,376,30632,595,1608,119037
2002,November,11,23,Lewis,851,1926,142048,281,390,31088,570,1536,110960
2002,October,10,23,Lewis,841,1873,138905,276,376,30496,565,1497,108409
2002,September,9,23,Lewis,819,1779,123033,271,372,27092,548,1407,95941
2002,August,8,23,Lewis,819,1787,123594,274,381,27358,545,1406,96236
2002,July,7,23,Lewis,816,1790,122472,271,363,25596,545,1427,96876
2002,June,6,23,Lewis,833,1847,126406,279,382,27477,554,1465,98929
2002,May,5,23,Lewis,846,1877,129601,276,382,27404,570,1495,102197
2002,April,4,23,Lewis,840,1881,129656,279,371,27287,561,1510,102369
2002,March,3,23,Lewis,852,1905,137284,277,368,26827,575,1537,110457
2002,February,2,23,Lewis,826,1818,129876,276,373,27840,550,1445,102036
2002,January,1,23,Lewis,834,1829,133430,283,379,29039,551,1450,104391
2018,December,12,24,Livingston,3336,5967,726976,1162,1634,250091,2174,4333,476885
2018,November,11,24,Livingston,3307,5903,719928,1160,1629,250112,2147,4274,469816
2018,October,10,24,Livingston,3328,5929,718540,1182,1661,255769,2146,4268,462771
2018,September,9,24,Livingston,3363,6037,724363,1194,1683,256607,2169,4354,467756
2018,August,8,24,Livingston,3396,6134,736443,1194,1699,257506,2202,4435,478937
2018,July,7,24,Livingston,3390,6087,728888,1204,1718,258696,2186,4369,470192
2018,June,6,24,Livingston,3437,6213,738112,1225,1765,263428,2212,4448,474684
2018,May,5,24,Livingston,3485,6341,763426,1247,1823,271370,2238,4518,492056
2018,April,4,24,Livingston,3542,6459,767359,1263,1840,275176,2279,4619,492183
2018,March,3,24,Livingston,3607,6593,780696,1277,1884,281044,2330,4709,499652
2018,February,2,24,Livingston,3612,6627,781015,1277,1898,281959,2335,4729,499056
2018,January,1,24,Livingston,3634,6653,788397,1281,1903,283886,2353,4750,504511
2017,December,12,24,Livingston,3621,6634,789157,1291,1897,285171,2330,4737,503986
2017,November,11,24,Livingston,3605,6592,787459,1288,1903,286682,2317,4689,500777
2017,October,10,24,Livingston,3598,6587,789712,1279,1858,279895,2319,4729,509817
2017,September,9,24,Livingston,3617,6578,798873,1289,1878,283513,2328,4700,515360
2017,August,8,24,Livingston,3643,6672,813299,1321,1967,296785,2322,4705,516514
2017,July,7,24,Livingston,3688,6717,824910,1336,1971,297338,2352,4746,527572
2017,June,6,24,Livingston,3721,6784,830435,1353,1978,297656,2368,4806,532779
2017,May,5,24,Livingston,3735,6823,829671,1350,1985,298642,2385,4838,531029
2017,April,4,24,Livingston,3739,6829,836031,1366,2038,307416,2373,4791,528615
2017,March,3,24,Livingston,3764,6905,845136,1380,2076,313660,2384,4829,531476
2017,February,2,24,Livingston,3734,6886,845282,1364,2049,309504,2370,4837,535778
2017,January,1,24,Livingston,3727,6842,847152,1335,1997,303708,2392,4845,543444
2016,December,12,24,Livingston,3715,6819,846598,1349,1983,300445,2366,4836,546153
2016,November,11,24,Livingston,3698,6783,847645,1344,1992,306822,2354,4791,540823
2016,October,10,24,Livingston,3677,6773,850032,1331,1970,300168,2346,4803,549864
2016,September,9,24,Livingston,3651,6741,842232,1327,2002,304487,2324,4739,537745
2016,August,8,24,Livingston,3675,6770,854477,1337,2048,310302,2338,4722,544175
2016,July,7,24,Livingston,3660,6724,844739,1337,2054,308073,2323,4670,536666
2016,June,6,24,Livingston,3714,6845,857594,1341,2064,310867,2373,4781,546727
2016,May,5,24,Livingston,3752,6922,865165,1344,2061,311073,2408,4861,554092
2016,April,4,24,Livingston,3796,6969,875076,1348,2061,312314,2448,4908,562762
2016,March,3,24,Livingston,3865,7118,895806,1345,2042,308884,2520,5076,586922
2016,February,2,24,Livingston,3797,7024,878613,1336,2058,310730,2461,4966,567883
2016,January,1,24,Livingston,3827,7011,872176,1348,2066,309678,2479,4945,562498
2015,December,12,24,Livingston,3813,6994,881337,1350,2062,312485,2463,4932,568852
2015,November,11,24,Livingston,3796,7003,878116,1322,2022,304845,2474,4981,573271
2015,October,10,24,Livingston,3808,7026,881668,1335,2041,305311,2473,4985,576357
2015,September,9,24,Livingston,3834,7110,901435,1325,2031,306280,2509,5079,595155
2015,August,8,24,Livingston,3863,7170,908151,1338,2066,309689,2525,5104,598462
2015,July,7,24,Livingston,3911,7265,916806,1364,2128,318689,2547,5137,598117
2015,June,6,24,Livingston,3986,7402,937102,1400,2207,330190,2586,5195,606912
2015,May,5,24,Livingston,3985,7377,937290,1438,2276,344110,2547,5101,593180
2015,April,4,24,Livingston,4032,7490,953419,1427,2262,345076,2605,5228,608343
2015,March,3,24,Livingston,4044,7563,964919,1437,2289,348209,2607,5274,616710
2015,February,2,24,Livingston,3995,7468,951734,1427,2306,349888,2568,5162,601846
2015,January,1,24,Livingston,4021,7512,963647,1436,2297,350562,2585,5215,613085
2014,December,12,24,Livingston,3979,7439,956583,1212,1792,286048,2767,5647,670535
2014,November,11,24,Livingston,3961,7406,946646,1215,1808,287659,2746,5598,658987
2014,October,10,24,Livingston,3988,7423,961503,1225,1834,293465,2763,5589,668038
2014,September,9,24,Livingston,3995,7484,928147,1223,1844,280655,2772,5640,647492
2014,August,8,24,Livingston,4004,7522,934775,1222,1842,281559,2782,5680,653216
2014,July,7,24,Livingston,4002,7464,928118,1225,1813,279159,2777,5651,648959
2014,June,6,24,Livingston,4034,7573,943007,1240,1861,286543,2794,5712,656464
2014,May,5,24,Livingston,4062,7619,950350,1260,1890,291844,2802,5729,658506
2014,April,4,24,Livingston,4058,7616,947921,1254,1872,287889,2804,5744,660032
2014,March,3,24,Livingston,4064,7618,948029,1241,1863,286564,2823,5755,661465
2014,February,2,24,Livingston,4016,7552,940569,1243,1842,284678,2773,5710,655891
2014,January,1,24,Livingston,3979,7516,934022,1252,1843,286141,2727,5673,647881
2013,December,12,24,Livingston,3920,7402,919088,1240,1847,288551,2680,5555,630537
2013,November,11,24,Livingston,3939,7362,995084,1265,1877,315983,2674,5485,679101
2013,October,10,24,Livingston,3902,7368,981148,1249,1852,305958,2653,5516,675190
2013,September,9,24,Livingston,3907,7378,971484,1223,1829,295424,2684,5549,676060
2013,August,8,24,Livingston,3884,7381,973582,1213,1830,296092,2671,5551,677490
2013,July,7,24,Livingston,3856,7338,972093,1205,1811,293927,2651,5527,678166
2013,June,6,24,Livingston,3857,7342,965189,1187,1763,289011,2670,5579,676178
2013,May,5,24,Livingston,3828,7292,957128,1181,1743,285059,2647,5549,672069
2013,April,4,24,Livingston,3826,7290,955841,1167,1701,278394,2659,5589,677447
2013,March,3,24,Livingston,3804,7292,950739,1151,1690,277041,2653,5602,673698
2013,February,2,24,Livingston,3774,7211,943217,1154,1692,276649,2620,5519,666568
2013,January,1,24,Livingston,3715,7077,929399,1113,1615,264757,2602,5462,664642
2012,December,12,24,Livingston,3630,6882,895165,1087,1565,254374,2543,5317,640791
2012,November,11,24,Livingston,3619,6858,900491,1077,1546,252223,2542,5312,648268
2012,October,10,24,Livingston,3575,6789,891883,1062,1537,250756,2513,5252,641127
2012,September,9,24,Livingston,3580,6797,899612,1053,1530,246770,2527,5267,652842
2012,August,8,24,Livingston,3598,6865,906363,1086,1578,257794,2512,5287,648569
2012,July,7,24,Livingston,3587,6855,898079,1070,1545,254442,2517,5310,643637
2012,June,6,24,Livingston,3598,6905,900265,1064,1522,249929,2534,5383,650336
2012,May,5,24,Livingston,3596,6949,902742,1067,1530,252071,2529,5419,650671
2012,April,4,24,Livingston,3565,6908,889204,1042,1488,244319,2523,5420,644885
2012,March,3,24,Livingston,3606,6988,938762,1075,1540,262517,2531,5448,676245
2012,February,2,24,Livingston,3538,6863,890293,1034,1442,238483,2504,5421,651810
2012,January,1,24,Livingston,3566,6930,900221,1036,1437,238303,2530,5493,661918
2011,December,12,24,Livingston,3517,6782,895444,1042,1460,242617,2475,5322,652827
2011,November,11,24,Livingston,3479,6689,880617,1045,1461,244113,2434,5228,636504
2011,October,10,24,Livingston,3481,6647,879138,1028,1428,238344,2453,5219,640794
2011,September,9,24,Livingston,3472,6664,870481,996,1370,227222,2476,5294,643259
2011,August,8,24,Livingston,3477,6708,880842,1009,1425,235333,2468,5283,645509
2011,July,7,24,Livingston,3489,6742,880644,1000,1400,229922,2489,5342,650722
2011,June,6,24,Livingston,3492,6735,879198,1018,1425,233929,2474,5310,645269
2011,May,5,24,Livingston,3476,6717,881662,1003,1401,231432,2473,5316,650230
2011,April,4,24,Livingston,3506,6796,888051,1028,1443,237629,2478,5353,650422
2011,March,3,24,Livingston,3517,6765,908695,1033,1451,243538,2484,5314,665157
2011,February,2,24,Livingston,3491,6751,903734,1038,1454,243280,2453,5297,660454
2011,January,1,24,Livingston,3479,6720,904997,1018,1411,237933,2461,5309,667064
2010,December,12,24,Livingston,3423,6622,893618,1005,1389,232964,2418,5233,660654
2010,November,11,24,Livingston,3348,6518,889225,976,1361,227903,2372,5157,661322
2010,October,10,24,Livingston,3295,6373,862759,967,1343,226224,2328,5030,636535
2010,September,9,24,Livingston,3259,6323,844958,937,1301,216716,2322,5022,628242
2010,August,8,24,Livingston,3327,6437,864697,952,1312,217478,2375,5125,647219
2010,July,7,24,Livingston,3304,6380,852737,939,1303,215594,2365,5077,637143
2010,June,6,24,Livingston,3287,6348,854080,927,1278,215178,2360,5070,638902
2010,May,5,24,Livingston,3278,6362,843700,936,1299,217160,2342,5063,626540
2010,April,4,24,Livingston,3284,6367,852545,917,1277,213718,2367,5090,638827
2010,March,3,24,Livingston,3275,6354,854532,920,1272,214621,2355,5082,639911
2010,February,2,24,Livingston,3248,6293,857095,929,1270,219205,2319,5023,637890
2010,January,1,24,Livingston,3231,6278,860993,928,1277,214177,2303,5001,646816
2009,December,12,24,Livingston,3173,6180,839707,899,1224,206257,2274,4956,633450
2009,November,11,24,Livingston,3130,6106,835166,916,1254,212598,2214,4852,622568
2009,October,10,24,Livingston,3112,6064,827287,922,1263,212571,2190,4801,614716
2009,September,9,24,Livingston,3103,6024,825126,903,1231,208623,2200,4793,616503
2009,August,8,24,Livingston,3044,5901,804804,889,1210,202964,2155,4691,601840
2009,July,7,24,Livingston,3044,5857,807736,913,1227,208777,2131,4630,598959
2009,June,6,24,Livingston,3013,5771,801003,890,1186,201052,2123,4585,599951
2009,May,5,24,Livingston,2971,5670,785536,886,1171,197991,2085,4499,587545
2009,April,4,24,Livingston,2962,5659,780600,870,1149,195266,2092,4510,585334
2009,March,3,24,Livingston,2933,5616,672879,871,1172,174130,2062,4444,498749
2009,February,2,24,Livingston,2843,5444,645467,875,1162,170328,1968,4282,475139
2009,January,1,24,Livingston,2768,5268,581763,847,1122,151137,1921,4146,430626
2008,December,12,24,Livingston,2683,5073,575353,838,1107,151930,1845,3966,423423
2008,November,11,24,Livingston,2594,4916,552143,796,1043,142317,1798,3873,409826
2008,October,10,24,Livingston,2556,4808,545017,788,1052,143120,1768,3756,401897
2008,September,9,24,Livingston,2498,4690,448243,748,998,112694,1750,3692,335549
2008,August,8,24,Livingston,2457,4626,440769,742,977,108801,1715,3649,331968
2008,July,7,24,Livingston,2453,4618,446568,753,993,111011,1700,3625,335557
2008,June,6,24,Livingston,2379,4470,428374,742,953,106880,1637,3517,321494
2008,May,5,24,Livingston,2390,4513,441714,760,1005,113667,1630,3508,328047
2008,April,4,24,Livingston,2361,4523,449577,758,1000,112892,1603,3523,336685
2008,March,3,24,Livingston,2352,4506,440700,761,1002,111831,1591,3504,328869
2008,February,2,24,Livingston,2297,4390,430293,752,983,111818,1545,3407,318475
2008,January,1,24,Livingston,2269,4302,428248,749,957,109277,1520,3345,318971
2007,December,12,24,Livingston,2204,4201,418765,723,929,104914,1481,3272,313851
2007,November,11,24,Livingston,2153,4104,403048,714,923,104728,1439,3181,298320
2007,October,10,24,Livingston,2136,4080,405075,713,926,105152,1423,3154,299923
2007,September,9,24,Livingston,2107,4053,380632,683,878,93190,1424,3175,287442
2007,August,8,24,Livingston,2098,4045,383821,670,860,92841,1428,3185,290980
2007,July,7,24,Livingston,2123,4098,384718,683,891,96805,1440,3207,287913
2007,June,6,24,Livingston,2136,4114,389824,675,864,93319,1461,3250,296505
2007,May,5,24,Livingston,2134,4146,390182,677,866,93678,1457,3280,296504
2007,April,4,24,Livingston,2136,4132,392181,683,893,95938,1453,3239,296243
2007,March,3,24,Livingston,2179,4215,404709,694,937,103226,1485,3278,301483
2007,February,2,24,Livingston,2154,4174,392079,713,965,104512,1441,3209,287567
2007,January,1,24,Livingston,2197,4270,407558,757,1041,114953,1440,3229,292605
2006,December,12,24,Livingston,2169,4191,400842,760,1076,117616,1409,3115,283226
2006,November,11,24,Livingston,2126,4133,396307,759,1071,118133,1367,3062,278174
2006,October,10,24,Livingston,2135,4179,400591,784,1136,124746,1351,3043,275845
2006,September,9,24,Livingston,2137,4160,388674,776,1135,121113,1361,3025,267561
2006,August,8,24,Livingston,2158,4178,393176,795,1154,125163,1363,3024,268013
2006,July,7,24,Livingston,2132,4166,389268,779,1130,119945,1353,3036,269323
2006,June,6,24,Livingston,2159,4221,398714,789,1179,127362,1370,3042,271352
2006,May,5,24,Livingston,2158,4250,395570,790,1196,125796,1368,3054,269774
2006,April,4,24,Livingston,2164,4278,397845,808,1225,129759,1356,3053,268086
2006,March,3,24,Livingston,2161,4255,405634,825,1257,135584,1336,2998,270050
2006,February,2,24,Livingston,2124,4180,393306,819,1241,133784,1305,2939,259522
2006,January,1,24,Livingston,2148,4228,389099,826,1234,129771,1322,2994,259328
2005,December,12,24,Livingston,2144,4231,398885,819,1245,133565,1325,2986,265320
2005,November,11,24,Livingston,2107,4138,389465,813,1206,129962,1294,2932,259503
2005,October,10,24,Livingston,2094,4087,387506,801,1190,127816,1293,2897,259690
2005,September,9,24,Livingston,2084,4089,373854,802,1239,128972,1282,2850,244882
2005,August,8,24,Livingston,2101,4104,381358,820,1275,133608,1281,2829,247750
2005,July,7,24,Livingston,2089,4080,380313,810,1259,132411,1279,2821,247902
2005,June,6,24,Livingston,2077,4063,371850,816,1283,130760,1261,2780,241090
2005,May,5,24,Livingston,2114,4152,390123,856,1342,139078,1258,2810,251045
2005,April,4,24,Livingston,2086,4055,373584,862,1330,137271,1224,2725,236313
2005,March,3,24,Livingston,2110,4114,385829,862,1340,138178,1248,2774,247651
2005,February,2,24,Livingston,2081,4073,376015,869,1335,137915,1212,2738,238100
2005,January,1,24,Livingston,2077,4061,377762,879,1335,138148,1198,2726,239614
2004,December,12,24,Livingston,2078,4039,376614,889,1358,141424,1189,2681,235190
2004,November,11,24,Livingston,2030,4007,373362,868,1352,140116,1162,2655,233246
2004,October,10,24,Livingston,1988,3915,366003,825,1272,130803,1163,2643,235200
2004,September,9,24,Livingston,1950,3885,338291,792,1261,121942,1158,2624,216349
2004,August,8,24,Livingston,1975,3959,351278,816,1327,131563,1159,2632,219715
2004,July,7,24,Livingston,1968,3952,347063,818,1330,131238,1150,2622,215825
2004,June,6,24,Livingston,1948,3944,345068,787,1309,128819,1161,2635,216249
2004,May,5,24,Livingston,1940,3910,339087,794,1313,130605,1146,2597,208482
2004,April,4,24,Livingston,1958,3969,342163,792,1309,131211,1166,2660,210952
2004,March,3,24,Livingston,1953,3992,350601,804,1359,137663,1149,2633,212938
2004,February,2,24,Livingston,1927,3917,338399,804,1337,130988,1123,2580,207411
2004,January,1,24,Livingston,1912,3902,335966,818,1342,133936,1094,2560,202030
2003,December,12,24,Livingston,1863,3777,322596,777,1239,123031,1086,2538,199565
2003,November,11,24,Livingston,1861,3742,326491,790,1267,126643,1071,2475,199848
2003,October,10,24,Livingston,1822,3609,313085,776,1246,125294,1046,2363,187791
2003,September,9,24,Livingston,1824,3604,308734,755,1211,119680,1069,2393,189054
2003,August,8,24,Livingston,1847,3645,313399,767,1234,123717,1080,2411,189682
2003,July,7,24,Livingston,1829,3562,307201,753,1188,122928,1076,2374,184273
2003,June,6,24,Livingston,1829,3579,308186,759,1219,123290,1070,2360,184896
2003,May,5,24,Livingston,1850,3639,313912,792,1259,129256,1058,2380,184656
2003,April,4,24,Livingston,1863,3661,318825,789,1235,127715,1074,2426,191110
2003,March,3,24,Livingston,1851,3624,317345,792,1218,126905,1059,2406,190440
2003,February,2,24,Livingston,1785,3482,298658,779,1219,126225,1006,2263,172433
2003,January,1,24,Livingston,1769,3455,302685,768,1173,120822,1001,2282,181863
2002,December,12,24,Livingston,1703,3349,285474,741,1155,116206,962,2194,169268
2002,November,11,24,Livingston,1666,3221,276948,739,1139,116885,927,2082,160063
2002,October,10,24,Livingston,1646,3189,273912,740,1154,117672,906,2035,156240
2002,September,9,24,Livingston,1656,3208,254399,745,1168,108974,911,2040,145425
2002,August,8,24,Livingston,1659,3229,259419,739,1148,108191,920,2081,151228
2002,July,7,24,Livingston,1657,3225,253662,761,1161,109425,896,2064,144237
2002,June,6,24,Livingston,1683,3276,258135,742,1157,107309,941,2119,150826
2002,May,5,24,Livingston,1704,3329,263196,756,1177,110767,948,2152,152429
2002,April,4,24,Livingston,1695,3299,255794,761,1173,111490,934,2126,144304
2002,March,3,24,Livingston,1726,3403,270618,786,1237,119105,940,2166,151513
2002,February,2,24,Livingston,1686,3269,261984,782,1228,119701,904,2041,142283
2002,January,1,24,Livingston,1668,3254,258586,777,1249,120029,891,2005,138557
2018,December,12,25,Madison,3657,6888,800121,999,1208,186590,2658,5680,613531
2018,November,11,25,Madison,3608,6753,779744,1005,1228,189747,2603,5525,589997
2018,October,10,25,Madison,3610,6778,791892,1017,1262,195098,2593,5516,596794
2018,September,9,25,Madison,3663,6907,802413,1013,1255,190551,2650,5652,611862
2018,August,8,25,Madison,3659,6925,807751,1012,1253,191188,2647,5672,616563
2018,July,7,25,Madison,3648,6900,804042,999,1233,185566,2649,5667,618476
2018,June,6,25,Madison,3705,7075,821172,1008,1249,188776,2697,5826,632396
2018,May,5,25,Madison,3782,7289,840312,1009,1263,187922,2773,6026,652390
2018,April,4,25,Madison,3843,7372,855644,1015,1282,193675,2828,6090,661969
2018,March,3,25,Madison,3888,7439,868932,1020,1273,192220,2868,6166,676712
2018,February,2,25,Madison,3898,7472,872098,1025,1280,194790,2873,6192,677308
2018,January,1,25,Madison,3953,7585,895050,1037,1305,199050,2916,6280,696000
2017,December,12,25,Madison,3975,7582,904871,1041,1309,203205,2934,6273,701666
2017,November,11,25,Madison,3935,7487,891841,1023,1276,197104,2912,6211,694737
2017,October,10,25,Madison,3966,7557,893255,1036,1294,199309,2930,6263,693946
2017,September,9,25,Madison,3983,7521,896078,1036,1292,198688,2947,6229,697390
2017,August,8,25,Madison,4024,7624,914289,1053,1318,204202,2971,6306,710087
2017,July,7,25,Madison,4062,7699,912199,1056,1313,200459,3006,6386,711740
2017,June,6,25,Madison,4087,7798,924911,1047,1300,198407,3040,6498,726504
2017,May,5,25,Madison,4117,7847,920833,1044,1295,195998,3073,6552,724835
2017,April,4,25,Madison,4149,7906,933946,1042,1298,197320,3107,6608,736626
2017,March,3,25,Madison,4184,8023,950223,1045,1299,199885,3139,6724,750338
2017,February,2,25,Madison,4197,8105,954717,1047,1307,198925,3150,6798,755792
2017,January,1,25,Madison,4220,8140,960556,1056,1312,200549,3164,6828,760007
2016,December,12,25,Madison,4220,8156,968347,1067,1352,204245,3153,6804,764102
2016,November,11,25,Madison,4179,8076,966420,1065,1348,206444,3114,6728,759976
2016,October,10,25,Madison,4160,8085,961692,1057,1342,202301,3103,6743,759391
2016,September,9,25,Madison,4168,8133,960617,1052,1325,200681,3116,6808,759936
2016,August,8,25,Madison,4170,8150,976777,1059,1332,202413,3111,6818,774364
2016,July,7,25,Madison,4149,8086,964542,1048,1325,200220,3101,6761,764322
2016,June,6,25,Madison,4166,8062,968517,1060,1339,202979,3106,6723,765538
2016,May,5,25,Madison,4193,8134,974833,1055,1354,202963,3138,6780,771870
2016,April,4,25,Madison,4338,8352,1012222,1064,1360,205121,3274,6992,807101
2016,March,3,25,Madison,4374,8414,1032035,1064,1376,208331,3310,7038,823704
2016,February,2,25,Madison,4404,8457,1040354,1068,1376,207586,3336,7081,832768
2016,January,1,25,Madison,4447,8584,1056060,1068,1393,209176,3379,7191,846884
2015,December,12,25,Madison,4479,8619,1064669,1059,1384,210075,3420,7235,854594
2015,November,11,25,Madison,4438,8534,1052314,1054,1373,208267,3384,7161,844047
2015,October,10,25,Madison,4505,8706,1077840,1065,1404,211166,3440,7302,866674
2015,September,9,25,Madison,4528,8792,1090552,1064,1405,212040,3464,7387,878512
2015,August,8,25,Madison,4562,8870,1103766,1058,1382,209984,3504,7488,893782
2015,July,7,25,Madison,4578,8971,1096263,1064,1412,207662,3514,7559,888601
2015,June,6,25,Madison,4602,9048,1105091,1057,1422,209113,3545,7626,895978
2015,May,5,25,Madison,4639,9184,1122526,1076,1436,213376,3563,7748,909150
2015,April,4,25,Madison,4673,9214,1137883,1087,1450,217813,3586,7764,920070
2015,March,3,25,Madison,4665,9242,1148723,1080,1436,216888,3585,7806,931835
2015,February,2,25,Madison,4642,9213,1153124,1069,1428,215802,3573,7785,937322
2015,January,1,25,Madison,4635,9207,1165257,1074,1443,218784,3561,7764,946473
2014,December,12,25,Madison,4629,9165,1167958,1009,1273,200550,3620,7892,967408
2014,November,11,25,Madison,4616,9096,1172513,1014,1259,201915,3602,7837,970598
2014,October,10,25,Madison,4642,9216,1189860,1003,1264,204397,3639,7952,985463
2014,September,9,25,Madison,4625,9166,1131372,998,1236,191962,3627,7930,939410
2014,August,8,25,Madison,4639,9194,1146302,1001,1265,197931,3638,7929,948371
2014,July,7,25,Madison,4619,9169,1131130,994,1249,194069,3625,7920,937061
2014,June,6,25,Madison,4691,9315,1155844,1007,1261,195350,3684,8054,960494
2014,May,5,25,Madison,4704,9372,1162596,1013,1267,197712,3691,8105,964884
2014,April,4,25,Madison,4737,9501,1176415,997,1234,193987,3740,8267,982428
2014,March,3,25,Madison,4761,9572,1187441,1009,1263,198991,3752,8309,988450
2014,February,2,25,Madison,4674,9439,1162100,1009,1262,198659,3665,8177,963441
2014,January,1,25,Madison,4692,9487,1157242,1017,1274,201321,3675,8213,955921
2013,December,12,25,Madison,4666,9408,1146080,1028,1295,207670,3638,8113,938410
2013,November,11,25,Madison,4650,9335,1207437,1023,1298,222682,3627,8037,984755
2013,October,10,25,Madison,4615,9291,1218286,1009,1285,213496,3606,8006,1004790
2013,September,9,25,Madison,4597,9265,1199301,984,1257,203688,3613,8008,995613
2013,August,8,25,Madison,4615,9337,1215229,986,1237,203535,3629,8100,1011694
2013,July,7,25,Madison,4576,9304,1213143,979,1223,201086,3597,8081,1012057
2013,June,6,25,Madison,4577,9355,1207205,990,1236,203179,3587,8119,1004026
2013,May,5,25,Madison,4575,9375,1214209,981,1232,202490,3594,8143,1011719
2013,April,4,25,Madison,4547,9333,1200421,981,1240,203085,3566,8093,997336
2013,March,3,25,Madison,4594,9469,1222649,987,1255,203315,3607,8214,1019334
2013,February,2,25,Madison,4520,9349,1206494,980,1228,200660,3540,8121,1005834
2013,January,1,25,Madison,4485,9258,1187156,985,1251,202960,3500,8007,984196
2012,December,12,25,Madison,4426,9146,1173737,971,1224,200232,3455,7922,973505
2012,November,11,25,Madison,4335,8914,1141967,972,1238,203024,3363,7676,938943
2012,October,10,25,Madison,4318,8898,1147813,964,1238,203412,3354,7660,944401
2012,September,9,25,Madison,4348,8944,1157838,966,1244,203852,3382,7700,953986
2012,August,8,25,Madison,4364,9019,1163962,947,1224,200675,3417,7795,963287
2012,July,7,25,Madison,4330,8926,1146681,938,1214,198290,3392,7712,948391
2012,June,6,25,Madison,4357,9016,1151156,942,1252,203077,3415,7764,948079
2012,May,5,25,Madison,4345,9028,1154555,945,1258,205909,3400,7770,948646
2012,April,4,25,Madison,4370,9059,1164712,958,1280,208588,3412,7779,956124
2012,March,3,25,Madison,4409,9107,1204059,958,1273,220645,3451,7834,983414
2012,February,2,25,Madison,4340,9022,1155337,952,1263,205778,3388,7759,949559
2012,January,1,25,Madison,4315,8989,1142009,955,1259,205345,3360,7730,936664
2011,December,12,25,Madison,4299,8937,1154314,956,1270,210287,3343,7667,944027
2011,November,11,25,Madison,4259,8840,1147934,964,1284,212536,3295,7556,935398
2011,October,10,25,Madison,4248,8816,1142892,955,1255,209209,3293,7561,933683
2011,September,9,25,Madison,4258,8882,1155497,942,1253,205262,3316,7629,950235
2011,August,8,25,Madison,4212,8767,1129055,938,1261,204409,3274,7506,924646
2011,July,7,25,Madison,4200,8796,1128015,941,1246,202433,3259,7550,925582
2011,June,6,25,Madison,4194,8815,1126210,938,1253,203178,3256,7562,923032
2011,May,5,25,Madison,4201,8835,1130219,953,1252,206857,3248,7583,923362
2011,April,4,25,Madison,4201,8876,1143084,947,1234,204630,3254,7642,938454
2011,March,3,25,Madison,4219,8923,1181552,958,1265,215922,3261,7658,965630
2011,February,2,25,Madison,4176,8855,1160100,968,1289,215843,3208,7566,944257
2011,January,1,25,Madison,4142,8803,1164757,951,1266,211963,3191,7537,952794
2010,December,12,25,Madison,4119,8734,1158700,948,1248,209265,3171,7486,949435
2010,November,11,25,Madison,4019,8523,1118667,949,1247,208162,3070,7276,910505
2010,October,10,25,Madison,4018,8503,1123701,940,1246,207415,3078,7257,916286
2010,September,9,25,Madison,3985,8500,1122516,909,1194,201076,3076,7306,921440
2010,August,8,25,Madison,3950,8432,1112836,909,1195,200062,3041,7237,912774
2010,July,7,25,Madison,3946,8467,1118049,890,1164,193507,3056,7303,924542
2010,June,6,25,Madison,3916,8434,1112545,893,1202,198837,3023,7232,913708
2010,May,5,25,Madison,3912,8431,1114861,909,1229,204377,3003,7202,910484
2010,April,4,25,Madison,3930,8463,1121638,909,1241,206532,3021,7222,915106
2010,March,3,25,Madison,3906,8457,1132368,910,1239,208955,2996,7218,923413
2010,February,2,25,Madison,3858,8364,1118040,917,1245,208857,2941,7119,909183
2010,January,1,25,Madison,3788,8232,1123567,909,1235,208001,2879,6997,915566
2009,December,12,25,Madison,3725,8078,1085288,905,1223,205259,2820,6855,880029
2009,November,11,25,Madison,3647,7867,1057965,897,1214,204489,2750,6653,853476
2009,October,10,25,Madison,3577,7696,1045008,903,1224,206253,2674,6472,838755
2009,September,9,25,Madison,3523,7556,1012702,893,1192,199780,2630,6364,812922
2009,August,8,25,Madison,3466,7449,996935,897,1203,201035,2569,6246,795900
2009,July,7,25,Madison,3429,7409,989508,861,1156,193002,2568,6253,796506
2009,June,6,25,Madison,3384,7298,981787,857,1129,189664,2527,6169,792123
2009,May,5,25,Madison,3346,7195,963197,842,1093,183099,2504,6102,780098
2009,April,4,25,Madison,3297,7114,948315,842,1097,180686,2455,6017,767629
2009,March,3,25,Madison,3241,6936,802915,840,1108,160721,2401,5828,642194
2009,February,2,25,Madison,3149,6750,778877,834,1098,158633,2315,5652,620244
2009,January,1,25,Madison,3076,6552,702363,821,1066,138488,2255,5486,563875
2008,December,12,25,Madison,3029,6433,711343,809,1030,137296,2220,5403,574047
2008,November,11,25,Madison,2920,6163,683145,800,1001,132603,2120,5162,550542
2008,October,10,25,Madison,2872,6056,673169,790,979,128632,2082,5077,544537
2008,September,9,25,Madison,2757,5790,541714,770,939,94280,1987,4851,447434
2008,August,8,25,Madison,2740,5740,544124,775,937,95072,1965,4803,449052
2008,July,7,25,Madison,2656,5542,520897,774,934,95041,1882,4608,425856
2008,June,6,25,Madison,2625,5502,527232,774,936,94675,1851,4566,432557
2008,May,5,25,Madison,2560,5373,506466,764,913,90346,1796,4460,416120
2008,April,4,25,Madison,2538,5346,507157,747,886,86477,1791,4460,420680
2008,March,3,25,Madison,2502,5323,505487,744,888,87969,1758,4435,417518
2008,February,2,25,Madison,2430,5164,484059,731,867,84613,1699,4297,399446
2008,January,1,25,Madison,2396,5082,481922,732,856,83500,1664,4226,398422
2007,December,12,25,Madison,2338,4925,468596,726,852,83748,1612,4073,384848
2007,November,11,25,Madison,2263,4726,450655,738,881,87520,1525,3845,363135
2007,October,10,25,Madison,2266,4703,456139,740,869,87387,1526,3834,368752
2007,September,9,25,Madison,2276,4723,429919,735,851,80765,1541,3872,349154
2007,August,8,25,Madison,2268,4702,428970,734,847,79649,1534,3855,349321
2007,July,7,25,Madison,2255,4698,422906,718,840,77662,1537,3858,345244
2007,June,6,25,Madison,2282,4761,427018,734,853,78211,1548,3908,348807
2007,May,5,25,Madison,2271,4764,432965,719,823,75125,1552,3941,357840
2007,April,4,25,Madison,2274,4763,434636,714,819,75679,1560,3944,358957
2007,March,3,25,Madison,2267,4783,439808,708,822,75774,1559,3961,364034
2007,February,2,25,Madison,2235,4652,428384,710,839,77812,1525,3813,350572
2007,January,1,25,Madison,2242,4692,430266,699,820,75352,1543,3872,354914
2006,December,12,25,Madison,2209,4604,422323,699,824,76798,1510,3780,345525
2006,November,11,25,Madison,2174,4561,415924,692,808,76186,1482,3753,339738
2006,October,10,25,Madison,2139,4478,407694,699,803,73943,1440,3675,333751
2006,September,9,25,Madison,2100,4331,387001,699,818,73636,1401,3513,313365
2006,August,8,25,Madison,2131,4431,396774,690,802,73030,1441,3629,323744
2006,July,7,25,Madison,2143,4461,394366,702,822,74664,1441,3639,319702
2006,June,6,25,Madison,2194,4583,405006,721,843,77229,1473,3740,327777
2006,May,5,25,Madison,2220,4648,413025,717,834,75043,1503,3814,337982
2006,April,4,25,Madison,2238,4735,423911,724,854,78346,1514,3881,345565
2006,March,3,25,Madison,2237,4735,426477,711,831,75289,1526,3904,351188
2006,February,2,25,Madison,2217,4675,426123,720,852,78871,1497,3823,347252
2006,January,1,25,Madison,2224,4698,415670,731,859,75018,1493,3839,340652
2005,December,12,25,Madison,2182,4585,410507,745,899,80980,1437,3686,329527
2005,November,11,25,Madison,2115,4392,393582,749,893,82694,1366,3499,310888
2005,October,10,25,Madison,2079,4306,388403,725,854,77716,1354,3452,310687
2005,September,9,25,Madison,2076,4321,379056,707,831,72186,1369,3490,306870
2005,August,8,25,Madison,2076,4342,378315,704,829,72458,1372,3513,305857
2005,July,7,25,Madison,2091,4357,381582,700,824,71911,1391,3533,309671
2005,June,6,25,Madison,2101,4418,386799,709,833,73092,1392,3585,313707
2005,May,5,25,Madison,2120,4482,389854,704,825,72002,1416,3657,317852
2005,April,4,25,Madison,2122,4504,396331,713,834,71327,1409,3670,325004
2005,March,3,25,Madison,2145,4528,397901,721,839,70570,1424,3689,327331
2005,February,2,25,Madison,2135,4485,391137,718,843,71445,1417,3642,319692
2005,January,1,25,Madison,2133,4485,390740,717,829,69584,1416,3656,321156
2004,December,12,25,Madison,2124,4449,395073,725,835,72968,1399,3614,322105
2004,November,11,25,Madison,2058,4241,373873,706,812,70526,1352,3429,303347
2004,October,10,25,Madison,2065,4298,386612,683,789,70457,1382,3509,316155
2004,September,9,25,Madison,2041,4286,356799,651,753,62081,1390,3533,294718
2004,August,8,25,Madison,2024,4287,362322,625,715,59677,1399,3572,302645
2004,July,7,25,Madison,2012,4281,360780,596,670,56252,1416,3611,304528
2004,June,6,25,Madison,1954,4162,355934,571,641,54795,1383,3521,301139
2004,May,5,25,Madison,1943,4155,356953,566,632,54177,1377,3523,302776
2004,April,4,25,Madison,1955,4228,356268,574,652,56011,1381,3576,300257
2004,March,3,25,Madison,1925,4151,352245,579,655,56564,1346,3496,295681
2004,February,2,25,Madison,1905,4134,346152,569,643,54938,1336,3491,291214
2004,January,1,25,Madison,1904,4122,346439,579,662,57661,1325,3460,288778
2003,December,12,25,Madison,1872,4026,340344,569,646,54030,1303,3380,286314
2003,November,11,25,Madison,1835,3927,332094,578,673,56989,1257,3254,275105
2003,October,10,25,Madison,1835,3919,330404,579,672,57660,1256,3247,272744
2003,September,9,25,Madison,1780,3814,318659,558,638,54388,1222,3176,264271
2003,August,8,25,Madison,1769,3796,316549,554,627,53504,1215,3169,263045
2003,July,7,25,Madison,1768,3801,315268,556,627,53231,1212,3174,262037
2003,June,6,25,Madison,1786,3848,320264,574,653,56558,1212,3195,263706
2003,May,5,25,Madison,1799,3874,321814,570,653,55436,1229,3221,266378
2003,April,4,25,Madison,1796,3858,324258,571,652,54983,1225,3206,269275
2003,March,3,25,Madison,1748,3722,307634,557,631,52116,1191,3091,255518
2003,February,2,25,Madison,1727,3687,306380,557,628,52357,1170,3059,254023
2003,January,1,25,Madison,1736,3718,307540,561,631,53054,1175,3087,254486
2002,December,12,25,Madison,1712,3673,299525,564,639,54240,1148,3034,245285
2002,November,11,25,Madison,1676,3537,288037,565,631,52876,1111,2906,235161
2002,October,10,25,Madison,1632,3414,282544,561,620,51865,1071,2794,230679
2002,September,9,25,Madison,1598,3313,254470,546,599,45669,1052,2714,208801
2002,August,8,25,Madison,1606,3330,258436,552,617,47839,1054,2713,210597
2002,July,7,25,Madison,1610,3335,257242,546,608,46326,1064,2727,210916
2002,June,6,25,Madison,1584,3270,249729,545,608,46159,1039,2662,203570
2002,May,5,25,Madison,1587,3267,251844,548,623,47017,1039,2644,204827
2002,April,4,25,Madison,1582,3306,254025,553,636,48246,1029,2670,205779
2002,March,3,25,Madison,1579,3260,250243,560,648,50023,1019,2612,200220
2002,February,2,25,Madison,1547,3198,246154,551,650,49853,996,2548,196301
2002,January,1,25,Madison,1524,3178,246088,545,635,48663,979,2543,197425
2018,December,12,26,Monroe,64251,115617,15111898,23515,35142,5256891,40736,80475,9855007
2018,November,11,26,Monroe,64137,115466,15100697,23590,35378,5302557,40547,80088,9798140
2018,October,10,26,Monroe,64348,116096,15166884,23590,35509,5308071,40758,80587,9858813
2018,September,9,26,Monroe,64532,116223,15057901,23689,35672,5288917,40843,80551,9768984
2018,August,8,26,Monroe,64709,116674,15066843,23873,36114,5327685,40836,80560,9739158
2018,July,7,26,Monroe,64812,116866,14916692,23997,36358,5303677,40815,80508,9613015
2018,June,6,26,Monroe,64956,117050,14895142,24113,36614,5339992,40843,80436,9555150
2018,May,5,26,Monroe,65403,117899,15045036,24373,37133,5418037,41030,80766,9626999
2018,April,4,26,Monroe,65578,118401,15079261,24425,37328,5436834,41153,81073,9642427
2018,March,3,26,Monroe,66146,119751,15284845,24675,37811,5512579,41471,81940,9772266
2018,February,2,26,Monroe,65970,119597,15251462,24707,37952,5533224,41263,81645,9718238
2018,January,1,26,Monroe,66348,120356,15422454,24701,38051,5536799,41647,82305,9885655
2017,December,12,26,Monroe,66192,120489,15487242,24764,38285,5591494,41428,82204,9895748
2017,November,11,26,Monroe,65994,120146,15443288,24784,38408,5609556,41210,81738,9833732
2017,October,10,26,Monroe,66167,120454,15520442,24990,38773,5676679,41177,81681,9843763
2017,September,9,26,Monroe,66048,120160,15550484,25122,39173,5748536,40926,80987,9801948
2017,August,8,26,Monroe,66136,120374,15600506,25260,39459,5797547,40876,80915,9802959
2017,July,7,26,Monroe,66105,120324,15379993,25398,39811,5786242,40707,80513,9593751
2017,June,6,26,Monroe,66462,121066,15506132,25572,40057,5830333,40890,81009,9675799
2017,May,5,26,Monroe,66708,121445,15574755,25658,40220,5866681,41050,81225,9708074
2017,April,4,26,Monroe,66826,121977,15659717,25787,40477,5909263,41039,81500,9750454
2017,March,3,26,Monroe,67243,122946,16064254,25922,40750,6040119,41321,82196,10024135
2017,February,2,26,Monroe,67128,122825,15775663,26117,41205,6015223,41011,81620,9760440
2017,January,1,26,Monroe,67131,122775,15791891,26109,41304,6015204,41022,81471,9776687
2016,December,12,26,Monroe,67171,122980,15897047,26176,41499,6057488,40995,81481,9839559
2016,November,11,26,Monroe,66988,122257,15928871,26116,41395,6082078,40872,80862,9846793
2016,October,10,26,Monroe,66851,122188,15890147,26249,41739,6104819,40602,80449,9785328
2016,September,9,26,Monroe,66708,121874,15891685,26254,41828,6121658,40454,80046,9770027
2016,August,8,26,Monroe,66589,121706,15948427,26357,42040,6164883,40232,79666,9783544
2016,July,7,26,Monroe,66324,121238,15822521,26414,42290,6158291,39910,78948,9664230
2016,June,6,26,Monroe,66584,121707,15936139,26582,42497,6208196,40002,79210,9727943
2016,May,5,26,Monroe,66727,121929,15980409,26633,42705,6243742,40094,79224,9736667
2016,April,4,26,Monroe,66932,122413,16032259,26756,42951,6279464,40176,79462,9752795
2016,March,3,26,Monroe,67216,123064,16239901,26832,43106,6305390,40384,79958,9934511
2016,February,2,26,Monroe,66803,122420,16120990,26934,43458,6363734,39869,78962,9757256
2016,January,1,26,Monroe,66925,122540,16176652,26947,43652,6388360,39978,78888,9788292
2015,December,12,26,Monroe,67005,123075,16313750,27020,43852,6439512,39985,79223,9874238
2015,November,11,26,Monroe,66602,122415,16258932,26970,43760,6426809,39632,78655,9832123
2015,October,10,26,Monroe,66830,122860,16394361,27204,44320,6535961,39626,78540,9858400
2015,September,9,26,Monroe,66703,122869,16423934,27237,44521,6574899,39466,78348,9849035
2015,August,8,26,Monroe,66577,122809,16442900,27443,45002,6650851,39134,77807,9792049
2015,July,7,26,Monroe,66696,123080,16378155,27661,45385,6669340,39035,77695,9708815
2015,June,6,26,Monroe,66432,122565,16343089,27776,45747,6719819,38656,76818,9623270
2015,May,5,26,Monroe,66168,122140,16338796,27931,46018,6787594,38237,76122,9551202
2015,April,4,26,Monroe,65996,121716,16325938,28021,46173,6821802,37975,75543,9504136
2015,March,3,26,Monroe,66322,122339,16430619,28146,46480,6875009,38176,75859,9555610
2015,February,2,26,Monroe,66087,122108,16406671,28112,46505,6881326,37975,75603,9525345
2015,January,1,26,Monroe,66477,122439,16550960,28176,46648,6908600,38301,75791,9642360
2014,December,12,26,Monroe,66446,122444,16720620,25062,39187,6055041,41384,83257,10665579
2014,November,11,26,Monroe,66143,121946,16633317,25416,39897,6147277,40727,82049,10486040
2014,October,10,26,Monroe,66383,122391,16744114,25306,39608,6109644,41077,82783,10634470
2014,September,9,26,Monroe,66069,122029,15994913,25530,40161,5972492,40539,81868,10022421
2014,August,8,26,Monroe,66094,122324,16110010,25748,40577,6070301,40346,81747,10039709
2014,July,7,26,Monroe,65947,122132,16062519,25934,40912,6114580,40013,81220,9947939
2014,June,6,26,Monroe,65783,122008,16000951,26015,40926,6117608,39768,81082,9883343
2014,May,5,26,Monroe,65642,121764,15985223,26164,41259,6168795,39478,80505,9816428
2014,April,4,26,Monroe,65329,121359,15936376,26127,41022,6141672,39202,80337,9794704
2014,March,3,26,Monroe,65029,121031,15856910,26181,41103,6161357,38848,79928,9695553
2014,February,2,26,Monroe,64603,120554,15745904,26119,41126,6165001,38484,79428,9580903
2014,January,1,26,Monroe,64437,120105,15663049,26032,40986,6155746,38405,79119,9507303
2013,December,12,26,Monroe,64379,120457,15703484,26005,40932,6168115,38374,79525,9535369
2013,November,11,26,Monroe,71144,127385,22446376,27836,42884,8340287,43308,84501,14106089
2013,October,10,26,Monroe,64265,120608,16754283,25825,40692,6529622,38440,79916,10224661
2013,September,9,26,Monroe,64027,120201,16442871,25907,40834,6467266,38120,79367,9975605
2013,August,8,26,Monroe,63973,120332,16441767,25711,40457,6413825,38262,79875,10027942
2013,July,7,26,Monroe,63499,119470,16301833,25656,40301,6389153,37843,79169,9912680
2013,June,6,26,Monroe,63210,118928,16196402,25781,40459,6421025,37429,78469,9775377
2013,May,5,26,Monroe,62833,118215,16091887,25710,40199,6375387,37123,78016,9716500
2013,April,4,26,Monroe,62401,117598,16022117,25675,40084,6358177,36726,77514,9663940
2013,March,3,26,Monroe,62086,117211,15997930,25586,39990,6347616,36500,77221,9650314
2013,February,2,26,Monroe,61066,115708,15750776,25487,39901,6319950,35579,75807,9430826
2013,January,1,26,Monroe,60963,115802,15751103,25328,39724,6278893,35635,76078,9472210
2012,December,12,26,Monroe,60272,114927,15656940,25211,39509,6288235,35061,75418,9368705
2012,November,11,26,Monroe,59944,114444,15615392,24998,39037,6233621,34946,75407,9381771
2012,October,10,26,Monroe,59980,114604,15672097,24863,38887,6199927,35117,75717,9472170
2012,September,9,26,Monroe,59808,114255,15636263,24692,38685,6169598,35116,75570,9466665
2012,August,8,26,Monroe,59617,114222,15596263,24521,38360,6113984,35096,75862,9482279
2012,July,7,26,Monroe,59438,113789,15500749,24629,38588,6129473,34809,75201,9371276
2012,June,6,26,Monroe,59464,113931,15573657,24668,38654,6195517,34796,75277,9378140
2012,May,5,26,Monroe,59332,113923,15589594,24624,38754,6206276,34708,75169,9383318
2012,April,4,26,Monroe,59055,113536,15463731,24800,39082,6221514,34255,74454,9242217
2012,March,3,26,Monroe,59449,114404,15992905,24892,39241,6493745,34557,75163,9499160
2012,February,2,26,Monroe,58939,113834,15588354,24579,38908,6229598,34360,74926,9358756
2012,January,1,26,Monroe,58987,114033,15588479,24463,38694,6172741,34524,75339,9415738
2011,December,12,26,Monroe,58925,114127,15824547,24301,38438,6204830,34624,75689,9619717
2011,November,11,26,Monroe,58199,112911,15642082,24240,38294,6192197,33959,74617,9449885
2011,October,10,26,Monroe,58019,112495,15579656,24128,38198,6182131,33891,74297,9397525
2011,September,9,26,Monroe,57656,112073,15325870,23987,37851,6060203,33669,74222,9265667
2011,August,8,26,Monroe,57625,112004,15345938,23921,37761,6040009,33704,74243,9305929
2011,July,7,26,Monroe,57187,111277,15189733,24020,37863,6059493,33167,73414,9130240
2011,June,6,26,Monroe,57043,110971,15207163,24000,37841,6069212,33043,73130,9137951
2011,May,5,26,Monroe,56476,110054,15028298,24081,38003,6075037,32395,72051,8953261
2011,April,4,26,Monroe,56322,110025,15051808,24056,38089,6089268,32266,71936,8962540
2011,March,3,26,Monroe,56044,109608,15348448,23937,37970,6162978,32107,71638,9185470
2011,February,2,26,Monroe,55402,108561,15156071,23824,37733,6113442,31578,70828,9042629
2011,January,1,26,Monroe,55220,108078,15099864,23764,37507,6082039,31456,70571,9017825
2010,December,12,26,Monroe,54898,107492,15066993,23458,36917,6006377,31440,70575,9060616
2010,November,11,26,Monroe,54106,106116,14897422,23302,36682,5962099,30804,69434,8935323
2010,October,10,26,Monroe,53968,105862,14858114,23058,36341,5897037,30910,69521,8961077
2010,September,9,26,Monroe,53565,105296,14776123,22881,36147,5858107,30684,69149,8918016
2010,August,8,26,Monroe,53124,104427,14596887,22637,35650,5751016,30487,68777,8845871
2010,July,7,26,Monroe,53015,104187,14580368,22548,35564,5756542,30467,68623,8823826
2010,June,6,26,Monroe,52509,103237,14520550,22345,35231,5741374,30164,68006,8779176
2010,May,5,26,Monroe,52058,102341,14371407,22289,35174,5717264,29769,67167,8654143
2010,April,4,26,Monroe,51672,101568,14296635,22246,35102,5718596,29426,66466,8578039
2010,March,3,26,Monroe,51161,100765,14317199,22136,34901,5711752,29025,65864,8605447
2010,February,2,26,Monroe,50312,99550,14122850,22103,34970,5730984,28209,64580,8391866
2010,January,1,26,Monroe,49905,99023,14189447,21953,34876,5683812,27952,64147,8505635
2009,December,12,26,Monroe,49440,98071,13952126,21675,34512,5625973,27765,63559,8326153
2009,November,11,26,Monroe,48362,96013,13602012,21689,34570,5620349,26673,61443,7981663
2009,October,10,26,Monroe,48270,95744,13727534,21601,34449,5658751,26669,61295,8068783
2009,September,9,26,Monroe,47649,94521,13549627,21191,33842,5511116,26458,60679,8038511
2009,August,8,26,Monroe,46983,93272,13358367,21045,33530,5455142,25938,59742,7903225
2009,July,7,26,Monroe,46529,92256,13221730,20903,33282,5421214,25626,58974,7800516
2009,June,6,26,Monroe,45703,90735,13056220,20737,32973,5394125,24966,57762,7662095
2009,May,5,26,Monroe,45243,89729,12894058,20715,33011,5383661,24528,56718,7510397
2009,April,4,26,Monroe,44568,88350,12726206,20603,32848,5351750,23965,55502,7374456
2009,March,3,26,Monroe,43990,87240,10939574,20464,32604,4664890,23526,54636,6274684
2009,February,2,26,Monroe,43282,85960,10715616,20416,32554,4634993,22866,53406,6080623
2009,January,1,26,Monroe,42879,85311,9995068,20208,32257,4328916,22671,53054,5666152
2008,December,12,26,Monroe,42378,84513,10066469,20110,32188,4364107,22268,52325,5702362
2008,November,11,26,Monroe,41623,83305,9873810,20195,32392,4377231,21428,50913,5496579
2008,October,10,26,Monroe,41469,82707,9841542,20064,32140,4343392,21405,50567,5498150
2008,September,9,26,Monroe,40773,81554,8326788,19862,31866,3602374,20911,49688,4724414
2008,August,8,26,Monroe,40632,81167,8260355,19907,31819,3588239,20725,49348,4672116
2008,July,7,26,Monroe,40431,80734,8237887,19908,31857,3603733,20523,48877,4634154
2008,June,6,26,Monroe,40066,80239,8180377,20036,32222,3642427,20030,48017,4537950
2008,May,5,26,Monroe,39914,79819,8194583,20068,32308,3691684,19846,47511,4502899
2008,April,4,26,Monroe,39714,79457,8182810,20106,32472,3711094,19608,46985,4471716
2008,March,3,26,Monroe,39177,78632,8064761,20017,32387,3684622,19160,46245,4380139
2008,February,2,26,Monroe,38835,78146,8032364,19934,32354,3689916,18901,45792,4342448
2008,January,1,26,Monroe,38794,78169,8101575,19718,32154,3671629,19076,46015,4429946
2007,December,12,26,Monroe,38320,77501,8040402,19804,32402,3701705,18516,45099,4338697
2007,November,11,26,Monroe,38128,77067,8004325,19809,32410,3702717,18319,44657,4301608
2007,October,10,26,Monroe,38167,77112,8023517,19872,32469,3710332,18295,44643,4313185
2007,September,9,26,Monroe,37970,76717,7511476,19709,32156,3464770,18261,44561,4046706
2007,August,8,26,Monroe,37984,76692,7548485,19639,32050,3463008,18345,44642,4085477
2007,July,7,26,Monroe,37903,76658,7532844,19663,32100,3462448,18240,44558,4070396
2007,June,6,26,Monroe,37791,76475,7525179,19652,32185,3478562,18139,44290,4046617
2007,May,5,26,Monroe,37812,76435,7576786,19729,32290,3518225,18083,44145,4058561
2007,April,4,26,Monroe,37654,76160,7510360,19661,32277,3501809,17993,43883,4008551
2007,March,3,26,Monroe,37594,76203,7551548,19594,32207,3501078,18000,43996,4050470
2007,February,2,26,Monroe,37476,76016,7491563,19621,32454,3515856,17855,43562,3975707
2007,January,1,26,Monroe,37609,76302,7529715,19579,32380,3493440,18030,43922,4036275
2006,December,12,26,Monroe,37607,76334,7624893,19639,32590,3556954,17968,43744,4067939
2006,November,11,26,Monroe,37505,76010,7627781,19641,32525,3574662,17864,43485,4053119
2006,October,10,26,Monroe,37583,76212,7638899,19693,32670,3569944,17890,43542,4068955
2006,September,9,26,Monroe,37520,76157,7409175,19491,32359,3445155,18029,43798,3964020
2006,August,8,26,Monroe,37564,76130,7454451,19475,32396,3451669,18089,43734,4002782
2006,July,7,26,Monroe,37297,75540,7369012,19472,32465,3458082,17825,43075,3910930
2006,June,6,26,Monroe,37283,75541,7348564,19556,32521,3470437,17727,43020,3878127
2006,May,5,26,Monroe,37163,75336,7341804,19485,32549,3483675,17678,42787,3858129
2006,April,4,26,Monroe,37118,75402,7340894,19406,32530,3468816,17712,42872,3872078
2006,March,3,26,Monroe,37167,75571,7413604,19441,32665,3501071,17726,42906,3912533
2006,February,2,26,Monroe,37048,75541,7343404,19355,32853,3494115,17693,42688,3849289
2006,January,1,26,Monroe,37326,75917,7313533,19286,32656,3445295,18040,43261,3868238
2005,December,12,26,Monroe,37561,76550,7508206,19419,33054,3541032,18142,43496,3967174
2005,November,11,26,Monroe,37257,76044,7396484,19262,32760,3499616,17995,43284,3896868
2005,October,10,26,Monroe,37325,76285,7436232,19253,32877,3519638,18072,43408,3916594
2005,September,9,26,Monroe,37298,76378,7267839,19058,32632,3391579,18240,43746,3876260
2005,August,8,26,Monroe,37272,76157,7255000,19045,32585,3393627,18227,43572,3861373
2005,July,7,26,Monroe,37118,75913,7189234,19150,33012,3407979,17968,42901,3781255
2005,June,6,26,Monroe,37219,75953,7204304,19270,33033,3424368,17949,42920,3779936
2005,May,5,26,Monroe,37198,75911,7182954,19299,33212,3412972,17899,42699,3769982
2005,April,4,26,Monroe,37181,75747,7145092,19736,33677,3452552,17445,42070,3692540
2005,March,3,26,Monroe,37157,75786,7165445,19834,34111,3496800,17323,41675,3668645
2005,February,2,26,Monroe,37045,75676,7109545,19970,34419,3505531,17075,41257,3604014
2005,January,1,26,Monroe,37156,75966,7120972,20077,34679,3509142,17079,41287,3611830
2004,December,12,26,Monroe,36976,75600,7132370,19922,34400,3491670,17054,41200,3640700
2004,November,11,26,Monroe,36226,74562,7012035,19656,34116,3470158,16570,40446,3541877
2004,October,10,26,Monroe,36151,74758,7077415,19327,33861,3467856,16824,40897,3609559
2004,September,9,26,Monroe,35444,73820,6481323,18807,33357,3198116,16637,40463,3283207
2004,August,8,26,Monroe,34875,73046,6441728,18358,32894,3173730,16517,40152,3267998
2004,July,7,26,Monroe,34482,72539,6408701,18091,32635,3164173,16391,39904,3244528
2004,June,6,26,Monroe,33922,71793,6302415,17748,32277,3118939,16174,39516,3183476
2004,May,5,26,Monroe,33968,71890,6300835,17757,32237,3108631,16211,39653,3192204
2004,April,4,26,Monroe,33828,71579,6282239,17677,32105,3096671,16151,39474,3185568
2004,March,3,26,Monroe,33688,71349,6274692,17558,31991,3093438,16130,39358,3181254
2004,February,2,26,Monroe,33437,71137,6231228,17457,31817,3060010,15980,39320,3171218
2004,January,1,26,Monroe,33427,71011,6235780,17339,31615,3042221,16088,39396,3193559
2003,December,12,26,Monroe,32936,70400,6158991,17025,31235,2988068,15911,39165,3170923
2003,November,11,26,Monroe,32531,69799,6110669,16823,30841,2944220,15708,38958,3166449
2003,October,10,26,Monroe,32572,69930,6198398,16655,30683,2981147,15917,39247,3217251
2003,September,9,26,Monroe,32248,69188,5988322,16335,30103,2846347,15913,39085,3141975
2003,August,8,26,Monroe,31955,68558,5907356,16487,30204,2847361,15468,38354,3059995
2003,July,7,26,Monroe,31609,67840,5876687,16392,29805,2841323,15217,38035,3035364
2003,June,6,26,Monroe,31174,66892,5761787,16236,29412,2786828,14938,37480,2974959
2003,May,5,26,Monroe,30997,66563,5749039,15985,29012,2759970,15012,37551,2989069
2003,April,4,26,Monroe,30434,65408,5639308,15834,28819,2733548,14600,36589,2905760
2003,March,3,26,Monroe,30270,65158,5595365,15909,28881,2737995,14361,36277,2857370
2003,February,2,26,Monroe,29708,64076,5506106,15630,28511,2688765,14078,35565,2817341
2003,January,1,26,Monroe,29315,63246,5419716,15317,28143,2627842,13998,35103,2791874
2002,December,12,26,Monroe,29147,62679,5352622,15263,28104,2626805,13884,34575,2725817
2002,November,11,26,Monroe,28977,62520,5347156,15168,27986,2620035,13809,34534,2727121
2002,October,10,26,Monroe,28842,62302,5360868,14987,27676,2590393,13855,34626,2770475
2002,September,9,26,Monroe,28535,61749,4974018,14818,27559,2414263,13717,34190,2559755
2002,August,8,26,Monroe,28599,61795,5006240,14945,27819,2439235,13654,33976,2567005
2002,July,7,26,Monroe,28284,61248,4926160,14890,27799,2424321,13394,33449,2501839
2002,June,6,26,Monroe,28147,60738,4887676,14985,27857,2434578,13162,32881,2453098
2002,May,5,26,Monroe,27917,60256,4866110,15036,27887,2448400,12881,32369,2417710
2002,April,4,26,Monroe,27774,59832,4855143,15136,27991,2480568,12638,31841,2374575
2002,March,3,26,Monroe,27668,59635,4859502,15308,28292,2519546,12360,31343,2339956
2002,February,2,26,Monroe,27063,58579,4757156,15207,28170,2497697,11856,30409,2259459
2002,January,1,26,Monroe,26983,58347,4762736,15205,28260,2508472,11778,30087,2254264
2018,December,12,27,Montgomery,4267,8328,1013618,1407,2068,306927,2860,6260,706691
2018,November,11,27,Montgomery,4259,8288,1015790,1413,2058,308499,2846,6230,707291
2018,October,10,27,Montgomery,4271,8298,1025684,1414,2032,304873,2857,6266,720811
2018,September,9,27,Montgomery,4270,8311,1016153,1405,2015,300046,2865,6296,716107
2018,August,8,27,Montgomery,4283,8342,1022592,1430,2075,309989,2853,6267,712603
2018,July,7,27,Montgomery,4293,8352,1009088,1413,2044,302554,2880,6308,706534
2018,June,6,27,Montgomery,4333,8486,1018907,1418,2047,301681,2915,6439,717226
2018,May,5,27,Montgomery,4391,8600,1029450,1436,2109,307558,2955,6491,721892
2018,April,4,27,Montgomery,4454,8767,1052254,1449,2149,313520,3005,6618,738734
2018,March,3,27,Montgomery,4524,8918,1070101,1469,2209,322306,3055,6709,747795
2018,February,2,27,Montgomery,4517,8945,1076435,1457,2170,318805,3060,6775,757630
2018,January,1,27,Montgomery,4561,9067,1096328,1485,2203,328940,3076,6864,767388
2017,December,12,27,Montgomery,4509,9003,1082837,1448,2178,321525,3061,6825,761312
2017,November,11,27,Montgomery,4450,8962,1078578,1425,2151,317777,3025,6811,760801
2017,October,10,27,Montgomery,4414,8925,1077247,1439,2200,326952,2975,6725,750295
2017,September,9,27,Montgomery,4413,8919,1071661,1425,2142,314382,2988,6777,757279
2017,August,8,27,Montgomery,4437,8968,1083167,1431,2137,314281,3006,6831,768886
2017,July,7,27,Montgomery,4468,9090,1088984,1424,2119,308990,3044,6971,779994
2017,June,6,27,Montgomery,4519,9145,1097165,1434,2134,313276,3085,7011,783889
2017,May,5,27,Montgomery,4559,9197,1105805,1456,2168,318336,3103,7029,787469
2017,April,4,27,Montgomery,4535,9168,1107083,1446,2135,315465,3089,7033,791618
2017,March,3,27,Montgomery,4613,9331,1126265,1469,2170,321060,3144,7161,805205
2017,February,2,27,Montgomery,4633,9384,1135856,1466,2147,316014,3167,7237,819842
2017,January,1,27,Montgomery,4642,9345,1135313,1473,2168,321593,3169,7177,813720
2016,December,12,27,Montgomery,4628,9403,1147094,1455,2158,320800,3173,7245,826294
2016,November,11,27,Montgomery,4596,9303,1138047,1444,2136,320668,3152,7167,817379
2016,October,10,27,Montgomery,4622,9375,1145249,1464,2174,322493,3158,7201,822756
2016,September,9,27,Montgomery,4633,9378,1159759,1476,2223,328201,3157,7155,831558
2016,August,8,27,Montgomery,4659,9449,1176311,1501,2288,337152,3158,7161,839159
2016,July,7,27,Montgomery,4608,9343,1162222,1493,2247,330328,3115,7096,831894
2016,June,6,27,Montgomery,4636,9438,1166268,1481,2253,330404,3155,7185,835864
2016,May,5,27,Montgomery,4630,9434,1170525,1478,2273,331323,3152,7161,839202
2016,April,4,27,Montgomery,4713,9600,1189697,1484,2272,331105,3229,7328,858592
2016,March,3,27,Montgomery,4755,9699,1201294,1493,2278,329587,3262,7421,871707
2016,February,2,27,Montgomery,4736,9681,1204035,1476,2227,325948,3260,7454,878087
2016,January,1,27,Montgomery,4765,9718,1210049,1503,2277,332403,3262,7441,877646
2015,December,12,27,Montgomery,4785,9763,1221098,1512,2303,337310,3273,7460,883788
2015,November,11,27,Montgomery,4722,9566,1199519,1498,2285,333834,3224,7281,865685
2015,October,10,27,Montgomery,4722,9535,1205009,1502,2272,337772,3220,7263,867237
2015,September,9,27,Montgomery,4720,9587,1226994,1482,2265,337007,3238,7322,889987
2015,August,8,27,Montgomery,4688,9540,1225072,1483,2281,339857,3205,7259,885215
2015,July,7,27,Montgomery,4631,9445,1201326,1480,2281,334799,3151,7164,866527
2015,June,6,27,Montgomery,4695,9602,1222474,1498,2315,340477,3197,7287,881997
2015,May,5,27,Montgomery,4680,9551,1212202,1476,2298,338937,3204,7253,873265
2015,April,4,27,Montgomery,4680,9630,1218008,1469,2306,336731,3211,7324,881277
2015,March,3,27,Montgomery,4735,9689,1248665,1469,2272,346844,3266,7417,901821
2015,February,2,27,Montgomery,4738,9766,1238251,1448,2264,331283,3290,7502,906968
2015,January,1,27,Montgomery,4740,9829,1229630,1483,2331,336085,3257,7498,893545
2014,December,12,27,Montgomery,4736,9797,1244759,1368,2020,307728,3368,7777,937031
2014,November,11,27,Montgomery,4737,9768,1253809,1386,2042,313685,3351,7726,940124
2014,October,10,27,Montgomery,4783,9832,1271412,1395,2040,320446,3388,7792,950966
2014,September,9,27,Montgomery,4786,9854,1220279,1417,2111,319303,3369,7743,900976
2014,August,8,27,Montgomery,4806,9929,1240055,1407,2100,318808,3399,7829,921247
2014,July,7,27,Montgomery,4836,10010,1254764,1419,2132,325005,3417,7878,929759
2014,June,6,27,Montgomery,4845,10047,1249420,1402,2110,320290,3443,7937,929130
2014,May,5,27,Montgomery,4853,9996,1248554,1394,2100,319686,3459,7896,928868
2014,April,4,27,Montgomery,4879,10069,1252888,1406,2120,325414,3473,7949,927474
2014,March,3,27,Montgomery,4872,10056,1248214,1400,2078,318383,3472,7978,929831
2014,February,2,27,Montgomery,4827,10022,1241008,1380,2059,313960,3447,7963,927048
2014,January,1,27,Montgomery,4836,10120,1243183,1391,2088,318419,3445,8032,924764
2013,December,12,27,Montgomery,4748,9939,1227531,1370,2011,311049,3378,7928,916482
2013,November,11,27,Montgomery,5130,10393,1665144,1427,2082,379271,3703,8311,1285873
2013,October,10,27,Montgomery,4743,9956,1329528,1343,1968,322767,3400,7988,1006761
2013,September,9,27,Montgomery,4702,9911,1313484,1357,2023,329180,3345,7888,984304
2013,August,8,27,Montgomery,4720,9971,1312773,1339,1987,321814,3381,7984,990959
2013,July,7,27,Montgomery,4694,9899,1315061,1337,1993,326430,3357,7906,988631
2013,June,6,27,Montgomery,4717,9956,1310096,1336,2010,323799,3381,7946,986297
2013,May,5,27,Montgomery,4699,9936,1307222,1335,2002,325118,3364,7934,982104
2013,April,4,27,Montgomery,4692,9966,1313254,1347,2016,327566,3345,7950,985688
2013,March,3,27,Montgomery,4689,9987,1311954,1356,2044,328444,3333,7943,983510
2013,February,2,27,Montgomery,4608,9832,1291572,1341,2023,323862,3267,7809,967710
2013,January,1,27,Montgomery,4599,9840,1298082,1366,2041,330559,3233,7799,967523
2012,December,12,27,Montgomery,4500,9577,1264678,1374,2054,331528,3126,7523,933150
2012,November,11,27,Montgomery,4454,9481,1252247,1311,1962,311758,3143,7519,940489
2012,October,10,27,Montgomery,4465,9513,1257987,1326,1979,315456,3139,7534,942531
2012,September,9,27,Montgomery,4447,9470,1255075,1298,1923,308134,3149,7547,946941
2012,August,8,27,Montgomery,4448,9444,1251638,1301,1930,311603,3147,7514,940035
2012,July,7,27,Montgomery,4402,9278,1233165,1283,1860,299706,3119,7418,933459
2012,June,6,27,Montgomery,4467,9444,1249173,1284,1867,301575,3183,7577,947598
2012,May,5,27,Montgomery,4455,9435,1241643,1298,1893,302945,3157,7542,938698
2012,April,4,27,Montgomery,4453,9402,1236882,1303,1918,307507,3150,7484,929375
2012,March,3,27,Montgomery,4468,9511,1276646,1308,1921,326364,3160,7590,950282
2012,February,2,27,Montgomery,4426,9448,1234337,1293,1895,301907,3133,7553,932430
2012,January,1,27,Montgomery,4424,9450,1226669,1284,1879,299297,3140,7571,927372
2011,December,12,27,Montgomery,4422,9480,1255974,1293,1903,308165,3129,7577,947809
2011,November,11,27,Montgomery,4337,9322,1222760,1262,1842,299353,3075,7480,923407
2011,October,10,27,Montgomery,4327,9319,1231362,1276,1914,311385,3051,7405,919977
2011,September,9,27,Montgomery,4424,9495,1323523,1280,1856,319018,3144,7639,1004505
2011,August,8,27,Montgomery,4336,9306,1224358,1260,1846,295428,3076,7460,928930
2011,July,7,27,Montgomery,4301,9250,1212102,1262,1887,300166,3039,7363,911936
2011,June,6,27,Montgomery,4306,9319,1217393,1251,1851,294694,3055,7468,922699
2011,May,5,27,Montgomery,4321,9344,1221497,1269,1863,300137,3052,7481,921360
2011,April,4,27,Montgomery,4266,9240,1203956,1259,1854,294923,3007,7386,909033
2011,March,3,27,Montgomery,4257,9195,1219208,1255,1851,300523,3002,7344,918685
2011,February,2,27,Montgomery,4225,9147,1207340,1245,1840,298201,2980,7307,909139
2011,January,1,27,Montgomery,4264,9238,1222741,1272,1858,301715,2992,7380,921026
2010,December,12,27,Montgomery,4229,9179,1214700,1248,1828,298163,2981,7351,916537
2010,November,11,27,Montgomery,4165,9109,1197390,1227,1793,293114,2938,7316,904276
2010,October,10,27,Montgomery,4175,9096,1212128,1224,1762,292595,2951,7334,919533
2010,September,9,27,Montgomery,4172,9068,1214929,1204,1701,282592,2968,7367,932337
2010,August,8,27,Montgomery,4177,9081,1223562,1215,1746,289284,2962,7335,934278
2010,July,7,27,Montgomery,4138,8980,1206884,1203,1726,284225,2935,7254,922659
2010,June,6,27,Montgomery,4117,8923,1195900,1187,1690,281807,2930,7233,914093
2010,May,5,27,Montgomery,4064,8833,1187544,1169,1647,276193,2895,7186,911351
2010,April,4,27,Montgomery,4054,8862,1187927,1157,1631,273499,2897,7231,914428
2010,March,3,27,Montgomery,4074,8910,1189277,1160,1619,270236,2914,7291,919041
2010,February,2,27,Montgomery,4029,8804,1182319,1170,1646,272748,2859,7158,909571
2010,January,1,27,Montgomery,3995,8805,1186146,1167,1648,273766,2828,7157,912380
2009,December,12,27,Montgomery,3906,8564,1138216,1159,1645,275061,2747,6919,863155
2009,November,11,27,Montgomery,3844,8467,1126971,1133,1619,265609,2711,6848,861362
2009,October,10,27,Montgomery,3799,8374,1126653,1135,1626,269385,2664,6748,857268
2009,September,9,27,Montgomery,3729,8177,1116322,1099,1553,259816,2630,6624,856506
2009,August,8,27,Montgomery,3693,8115,1105245,1106,1590,264196,2587,6525,841049
2009,July,7,27,Montgomery,3644,7967,1095198,1098,1587,263010,2546,6380,832188
2009,June,6,27,Montgomery,3609,7918,1097185,1084,1569,260548,2525,6349,836637
2009,May,5,27,Montgomery,3576,7860,1097002,1081,1535,256903,2495,6325,840099
2009,April,4,27,Montgomery,3538,7722,1084935,1079,1546,255859,2459,6176,829076
2009,March,3,27,Montgomery,3525,7711,926451,1085,1552,224811,2440,6159,701640
2009,February,2,27,Montgomery,3465,7573,914416,1085,1531,222774,2380,6042,691642
2009,January,1,27,Montgomery,3441,7523,846913,1091,1517,201290,2350,6006,645623
2008,December,12,27,Montgomery,3394,7349,842699,1091,1512,204113,2303,5837,638586
2008,November,11,27,Montgomery,3280,7149,825278,1064,1485,198089,2216,5664,627189
2008,October,10,27,Montgomery,3203,6909,799145,1057,1474,197293,2146,5435,601852
2008,September,9,27,Montgomery,3150,6845,670424,1032,1408,144321,2118,5437,526103
2008,August,8,27,Montgomery,3091,6727,657023,1021,1418,145102,2070,5309,511921
2008,July,7,27,Montgomery,3089,6707,658286,1019,1400,141478,2070,5307,516808
2008,June,6,27,Montgomery,3075,6712,658786,1000,1343,134602,2075,5369,524184
2008,May,5,27,Montgomery,3096,6767,665639,1014,1384,141172,2082,5383,524467
2008,April,4,27,Montgomery,3086,6711,659240,1021,1375,139491,2065,5336,519749
2008,March,3,27,Montgomery,3057,6656,660807,1014,1361,139840,2043,5295,520967
2008,February,2,27,Montgomery,3003,6503,647024,1019,1359,139858,1984,5144,507166
2008,January,1,27,Montgomery,3001,6559,652936,1014,1346,138646,1987,5213,514290
2007,December,12,27,Montgomery,2914,6345,633276,1012,1372,142992,1902,4973,490284
2007,November,11,27,Montgomery,2836,6231,626476,1003,1359,143418,1833,4872,483058
2007,October,10,27,Montgomery,2834,6188,622234,998,1344,140561,1836,4844,481673
2007,September,9,27,Montgomery,2819,6106,580044,984,1295,126550,1835,4811,453494
2007,August,8,27,Montgomery,2765,5987,567279,969,1263,122203,1796,4724,445076
2007,July,7,27,Montgomery,2752,5961,564834,962,1263,120829,1790,4698,444005
2007,June,6,27,Montgomery,2760,5988,564774,945,1225,116061,1815,4763,448713
2007,May,5,27,Montgomery,2768,5959,560733,935,1208,116055,1833,4751,444678
2007,April,4,27,Montgomery,2781,5932,557936,940,1207,115218,1841,4725,442718
2007,March,3,27,Montgomery,2816,6011,570810,947,1250,122175,1869,4761,448635
2007,February,2,27,Montgomery,2752,5894,551822,938,1237,120379,1814,4657,431443
2007,January,1,27,Montgomery,2788,5986,565032,933,1219,121922,1855,4767,443110
2006,December,12,27,Montgomery,2748,5856,549632,949,1231,122273,1799,4625,427359
2006,November,11,27,Montgomery,2677,5748,544641,934,1216,124313,1743,4532,420328
2006,October,10,27,Montgomery,2641,5700,550276,942,1238,126826,1699,4462,423450
2006,September,9,27,Montgomery,2676,5747,557404,948,1276,135062,1728,4471,422342
2006,August,8,27,Montgomery,2570,5656,531383,890,1197,119191,1680,4459,412192
2006,July,7,27,Montgomery,2736,6057,613920,886,1166,119155,1850,4891,494765
2006,June,6,27,Montgomery,2544,5556,511190,877,1140,112090,1667,4416,399100
2006,May,5,27,Montgomery,2561,5593,514526,871,1105,108034,1690,4488,406492
2006,April,4,27,Montgomery,2529,5533,508759,865,1087,108336,1664,4446,400423
2006,March,3,27,Montgomery,2546,5617,512620,887,1127,110604,1659,4490,402016
2006,February,2,27,Montgomery,2514,5561,505030,911,1180,116594,1603,4381,388436
2006,January,1,27,Montgomery,2547,5657,508070,905,1172,111655,1642,4485,396415
2005,December,12,27,Montgomery,2498,5545,504766,896,1161,116647,1602,4384,388119
2005,November,11,27,Montgomery,2484,5509,506919,902,1179,118970,1582,4330,387949
2005,October,10,27,Montgomery,2487,5497,505608,898,1187,118457,1589,4310,387151
2005,September,9,27,Montgomery,2435,5342,479152,876,1156,113305,1559,4186,365847
2005,August,8,27,Montgomery,2395,5240,464654,858,1132,108059,1537,4108,356595
2005,July,7,27,Montgomery,2422,5333,472792,858,1138,109047,1564,4195,363745
2005,June,6,27,Montgomery,2464,5391,483643,866,1156,107868,1598,4235,375775
2005,May,5,27,Montgomery,2476,5417,482855,863,1139,105374,1613,4278,377481
2005,April,4,27,Montgomery,2492,5388,482339,895,1196,111471,1597,4192,370868
2005,March,3,27,Montgomery,2518,5471,493431,917,1243,115882,1601,4228,377549
2005,February,2,27,Montgomery,2505,5415,480655,919,1250,114232,1586,4165,366423
2005,January,1,27,Montgomery,2490,5424,485777,906,1232,113069,1584,4192,372708
2004,December,12,27,Montgomery,2435,5363,475224,906,1264,115768,1529,4099,359456
2004,November,11,27,Montgomery,2427,5368,479652,923,1306,122371,1504,4062,357281
2004,October,10,27,Montgomery,2411,5334,479901,920,1320,125027,1491,4014,354874
2004,September,9,27,Montgomery,2395,5294,447978,902,1317,116865,1493,3977,331113
2004,August,8,27,Montgomery,2350,5205,444821,885,1294,118437,1465,3911,326384
2004,July,7,27,Montgomery,2361,5241,450243,879,1263,117419,1482,3978,332824
2004,June,6,27,Montgomery,2331,5224,444863,842,1223,114562,1489,4001,330301
2004,May,5,27,Montgomery,2356,5261,450110,841,1241,117322,1515,4020,332788
2004,April,4,27,Montgomery,2362,5312,456559,832,1226,117232,1530,4086,339327
2004,March,3,27,Montgomery,2383,5379,465593,838,1248,119299,1545,4131,346294
2004,February,2,27,Montgomery,2359,5329,462217,838,1249,120068,1521,4080,342149
2004,January,1,27,Montgomery,2350,5322,458165,838,1254,121892,1512,4068,336273
2003,December,12,27,Montgomery,2264,5115,435126,822,1197,114049,1442,3918,321077
2003,November,11,27,Montgomery,2279,5152,440902,792,1165,109082,1487,3987,331820
2003,October,10,27,Montgomery,2270,5109,443373,762,1104,104352,1508,4005,339021
2003,September,9,27,Montgomery,2237,5022,432812,742,1060,98235,1495,3962,334577
2003,August,8,27,Montgomery,2205,4973,423736,737,1065,97664,1468,3908,326072
2003,July,7,27,Montgomery,2214,5010,423055,734,1035,95834,1480,3975,327221
2003,June,6,27,Montgomery,2211,4987,421104,742,1050,97645,1469,3937,323459
2003,May,5,27,Montgomery,2208,4961,421294,740,1029,96922,1468,3932,324372
2003,April,4,27,Montgomery,2160,4866,411204,705,983,90817,1455,3883,320387
2003,March,3,27,Montgomery,2174,4876,415208,700,963,88388,1474,3913,326820
2003,February,2,27,Montgomery,2133,4708,401245,709,963,89843,1424,3745,311402
2003,January,1,27,Montgomery,2108,4697,396644,695,973,90501,1413,3724,306143
2002,December,12,27,Montgomery,2021,4473,380205,695,955,89595,1326,3518,290610
2002,November,11,27,Montgomery,2025,4489,381741,702,979,92853,1323,3510,288888
2002,October,10,27,Montgomery,2033,4523,383789,695,958,90806,1338,3565,292983
2002,September,9,27,Montgomery,1985,4436,360638,680,943,85222,1305,3493,275416
2002,August,8,27,Montgomery,1983,4413,360722,673,905,81262,1310,3508,279460
2002,July,7,27,Montgomery,1945,4355,350405,657,900,80014,1288,3455,270391
2002,June,6,27,Montgomery,1937,4352,350226,657,928,81866,1280,3424,268360
2002,May,5,27,Montgomery,1936,4339,348092,665,931,83475,1271,3408,264617
2002,April,4,27,Montgomery,1949,4372,355470,667,955,85466,1282,3417,270004
2002,March,3,27,Montgomery,1961,4439,364845,658,966,85779,1303,3473,279066
2002,February,2,27,Montgomery,1928,4370,359115,638,904,80501,1290,3466,278614
2002,January,1,27,Montgomery,1921,4373,358598,645,893,80035,1276,3480,278563
2018,December,12,28,Nassau,31608,47110,5944844,13495,17266,2473580,18113,29844,3471264
2018,November,11,28,Nassau,31785,47502,6014743,13550,17419,2498408,18235,30083,3516335
2018,October,10,28,Nassau,32073,48056,6119737,13657,17591,2534984,18416,30465,3584753
2018,September,9,28,Nassau,32047,48025,6033438,13501,17447,2487702,18546,30578,3545736
2018,August,8,28,Nassau,32245,48525,6109152,13545,17528,2507119,18700,30997,3602033
2018,July,7,28,Nassau,32403,48788,6060226,13557,17509,2473330,18846,31279,3586896
2018,June,6,28,Nassau,32668,49290,6096172,13681,17692,2491115,18987,31598,3605057
2018,May,5,28,Nassau,32908,49756,6173105,13730,17795,2509026,19178,31961,3664079
2018,April,4,28,Nassau,33138,50230,6202655,13708,17724,2493671,19430,32506,3708984
2018,March,3,28,Nassau,33520,51095,6296533,13745,17833,2500003,19775,33262,3796530
2018,February,2,28,Nassau,33703,51567,6344172,13783,17934,2508855,19920,33633,3835317
2018,January,1,28,Nassau,34033,52192,6443435,13967,18188,2571283,20066,34004,3872152
2017,December,12,28,Nassau,34304,52813,6567827,14107,18448,2635022,20197,34365,3932805
2017,November,11,28,Nassau,34512,53291,6659213,14153,18540,2647448,20359,34751,4011765
2017,October,10,28,Nassau,34477,53228,6669899,14201,18653,2679868,20276,34575,3990031
2017,September,9,28,Nassau,34660,53368,6727108,14282,18740,2709059,20378,34628,4018049
2017,August,8,28,Nassau,34905,53939,6819939,14381,18948,2745786,20524,34991,4074153
2017,July,7,28,Nassau,35053,54235,6732356,14447,19010,2708103,20606,35225,4024253
2017,June,6,28,Nassau,35456,54975,6846034,14598,19289,2750802,20858,35686,4095232
2017,May,5,28,Nassau,35612,55217,6869893,14655,19329,2759239,20957,35888,4110654
2017,April,4,28,Nassau,35818,55685,6917579,14748,19573,2788076,21070,36112,4129503
2017,March,3,28,Nassau,36352,56771,7087678,14938,19890,2848154,21414,36881,4239524
2017,February,2,28,Nassau,36304,56833,7083786,14894,19920,2845855,21410,36913,4237931
2017,January,1,28,Nassau,36865,57892,7210544,15094,20231,2892060,21771,37661,4318484
2016,December,12,28,Nassau,37112,58481,7305333,15132,20336,2920889,21980,38145,4384444
2016,November,11,28,Nassau,37084,58299,7329584,15113,20318,2929257,21971,37981,4400327
2016,October,10,28,Nassau,37311,58856,7420367,15222,20504,2959586,22089,38352,4460781
2016,September,9,28,Nassau,37488,59106,7485208,15347,20677,2992077,22141,38429,4493131
2016,August,8,28,Nassau,37695,59451,7577666,15380,20721,3006273,22315,38730,4571393
2016,July,7,28,Nassau,37707,59404,7517715,15471,20936,3007671,22236,38468,4510044
2016,June,6,28,Nassau,37998,60007,7621742,15593,21134,3042164,22405,38873,4579578
2016,May,5,28,Nassau,38446,60669,7720171,15587,21215,3063888,22859,39454,4656283
2016,April,4,28,Nassau,38791,61358,7822112,15687,21381,3085872,23104,39977,4736240
2016,March,3,28,Nassau,39235,62164,7973235,15837,21571,3137988,23398,40593,4835247
2016,February,2,28,Nassau,39270,62474,8014534,15866,21670,3157212,23404,40804,4857322
2016,January,1,28,Nassau,39860,63573,8178862,16044,21920,3196319,23816,41653,4982543
2015,December,12,28,Nassau,40195,64381,8322806,16156,22191,3245110,24039,42190,5077696
2015,November,11,28,Nassau,40244,64637,8393746,16135,22253,3270896,24109,42384,5122850
2015,October,10,28,Nassau,40385,64866,8467528,16379,22608,3336249,24006,42258,5131279
2015,September,9,28,Nassau,40566,65197,8557180,16459,22758,3369825,24107,42439,5187355
2015,August,8,28,Nassau,40670,65509,8703722,16594,22976,3435385,24076,42533,5268337
2015,July,7,28,Nassau,41052,66098,8638518,16806,23293,3440083,24246,42805,5198435
2015,June,6,28,Nassau,41115,66161,8654838,16865,23432,3471438,24250,42729,5183400
2015,May,5,28,Nassau,41031,66092,8658169,16951,23545,3484383,24080,42547,5173786
2015,April,4,28,Nassau,41106,66190,8731154,16973,23584,3521149,24133,42606,5210005
2015,March,3,28,Nassau,41278,66418,8776922,17061,23740,3552514,24217,42678,5224408
2015,February,2,28,Nassau,41295,66675,8837581,17018,23701,3567571,24277,42974,5270010
2015,January,1,28,Nassau,41522,66923,8874000,17086,23728,3572069,24436,43195,5301931
2014,December,12,28,Nassau,41961,67922,9115859,16302,22580,3420991,25659,45342,5694868
2014,November,11,28,Nassau,41688,67508,9113209,16170,22342,3392147,25518,45166,5721062
2014,October,10,28,Nassau,41801,67917,9271668,16213,22467,3437027,25588,45450,5834641
2014,September,9,28,Nassau,41581,67748,8939576,16262,22457,3377793,25319,45291,5561783
2014,August,8,28,Nassau,41706,68164,9072031,16247,22462,3386669,25459,45702,5685362
2014,July,7,28,Nassau,41687,68219,9155343,16183,22395,3398853,25504,45824,5756490
2014,June,6,28,Nassau,41560,68165,9142530,16110,22334,3384864,25450,45831,5757666
2014,May,5,28,Nassau,41398,68059,9133057,16061,22253,3379896,25337,45806,5753161
2014,April,4,28,Nassau,41108,67645,9095625,16040,22198,3382669,25068,45447,5712956
2014,March,3,28,Nassau,40907,67543,9075703,15950,22071,3357775,24957,45472,5717928
2014,February,2,28,Nassau,40570,67203,9001044,15965,22099,3360316,24605,45104,5640728
2014,January,1,28,Nassau,40958,67878,9073286,16062,22290,3397459,24896,45588,5675827
2013,December,12,28,Nassau,41110,68233,9182706,16011,22195,3388996,25099,46038,5793710
2013,November,11,28,Nassau,42284,69417,10200161,16603,22885,3848367,25681,46532,6351794
2013,October,10,28,Nassau,40933,68054,9838810,16031,22263,3630057,24902,45791,6208753
2013,September,9,28,Nassau,40906,68062,9725473,16072,22413,3614005,24834,45649,6111468
2013,August,8,28,Nassau,41126,68566,9818668,16086,22339,3603106,25040,46227,6215562
2013,July,7,28,Nassau,40988,68463,9818866,16007,22272,3594282,24981,46191,6224584
2013,June,6,28,Nassau,41099,68639,9836502,16036,22259,3594335,25063,46380,6242167
2013,May,5,28,Nassau,40976,68569,9825826,16086,22412,3613735,24890,46157,6212091
2013,April,4,28,Nassau,40982,68736,9857067,16174,22600,3656904,24808,46136,6200163
2013,March,3,28,Nassau,40973,68782,9907143,16200,22607,3668747,24773,46175,6238396
2013,February,2,28,Nassau,40653,68243,9810154,16181,22626,3663632,24472,45617,6146522
2013,January,1,28,Nassau,40783,68615,9832290,16212,22700,3668467,24571,45915,6163823
2012,December,12,28,Nassau,41570,70148,10098477,16358,22815,3711532,25212,47333,6386945
2012,November,11,28,Nassau,41725,70267,14726349,16678,23269,5539705,25047,46998,9186644
2012,October,10,28,Nassau,40628,68329,9915360,16468,22995,3760824,24160,45334,6154536
2012,September,9,28,Nassau,40256,67712,9812629,16444,22996,3756880,23812,44716,6055749
2012,August,8,28,Nassau,40046,67425,9787467,16382,22962,3763263,23664,44463,6024204
2012,July,7,28,Nassau,39717,66928,9722207,16335,22936,3761499,23382,43992,5960708
2012,June,6,28,Nassau,39752,67083,9744384,16534,23228,3821388,23218,43855,5922996
2012,May,5,28,Nassau,39506,66682,9695493,16494,23212,3821940,23012,43470,5873553
2012,April,4,28,Nassau,39120,66186,9639339,16431,23072,3773536,22689,43114,5865803
2012,March,3,28,Nassau,39364,66680,9817080,16489,23209,3839569,22875,43471,5977511
2012,February,2,28,Nassau,38584,65268,9618486,16362,23085,3787823,22222,42183,5830663
2012,January,1,28,Nassau,38328,64798,9455539,16400,23148,3790140,21928,41650,5665399
2011,December,12,28,Nassau,38756,65605,9702677,16530,23337,3852849,22226,42268,5849828
2011,November,11,28,Nassau,38155,64606,9556038,16475,23315,3845645,21680,41291,5710393
2011,October,10,28,Nassau,38043,64430,9522228,16555,23453,3867716,21488,40977,5654512
2011,September,9,28,Nassau,38578,65609,9698918,16604,23573,3883908,21974,42036,5815010
2011,August,8,28,Nassau,37508,63590,9363418,16419,23274,3811937,21089,40316,5551481
2011,July,7,28,Nassau,37240,63214,9261983,16450,23288,3785864,20790,39926,5476119
2011,June,6,28,Nassau,36938,62741,9197410,16373,23174,3760319,20565,39567,5437091
2011,May,5,28,Nassau,36364,61787,9070771,16195,23001,3724126,20169,38786,5346645
2011,April,4,28,Nassau,35815,60861,8984345,16144,22952,3711283,19671,37909,5273062
2011,March,3,28,Nassau,35626,60544,9159512,16225,23032,3798693,19401,37512,5360819
2011,February,2,28,Nassau,34569,58851,8831351,16017,22719,3722708,18552,36132,5108643
2011,January,1,28,Nassau,34048,58154,8759345,15906,22622,3723677,18142,35532,5035668
2010,December,12,28,Nassau,33831,57641,8766512,15833,22554,3720369,17998,35087,5046143
2010,November,11,28,Nassau,32866,55932,8521543,15554,22140,3650297,17312,33792,4871246
2010,October,10,28,Nassau,32394,55079,8411319,15395,21825,3611722,16999,33254,4799597
2010,September,9,28,Nassau,31726,53859,8210896,15248,21622,3562019,16478,32237,4648877
2010,August,8,28,Nassau,31323,53054,8169052,15114,21344,3539353,16209,31710,4629699
2010,July,7,28,Nassau,30465,51441,7857387,14940,21117,3493190,15525,30324,4364197
2010,June,6,28,Nassau,29778,50336,7999401,14573,20546,3481734,15205,29790,4517667
2010,May,5,28,Nassau,28790,48432,7854010,14366,20130,3404235,14424,28302,4449775
2010,April,4,28,Nassau,27747,46631,7279161,14104,19829,3338633,13643,26802,3940528
2010,March,3,28,Nassau,27407,45903,7202093,14119,19827,3347753,13288,26076,3854340
2010,February,2,28,Nassau,26670,44658,6875682,13824,19376,3234463,12846,25282,3641219
2010,January,1,28,Nassau,26671,44759,7068573,13844,19438,3250334,12827,25321,3818239
2009,December,12,28,Nassau,26199,43933,6780548,13611,19101,3202934,12588,24832,3577614
2009,November,11,28,Nassau,25504,42638,6509152,13440,18867,3124547,12064,23771,3384605
2009,October,10,28,Nassau,25448,42425,6632758,13363,18749,3134580,12085,23676,3498178
2009,September,9,28,Nassau,24833,41064,6380830,13199,18460,3102256,11634,22604,3278574
2009,August,8,28,Nassau,24239,40103,6200451,12871,17965,2990086,11368,22138,3210365
2009,July,7,28,Nassau,23945,39421,6119187,12765,17836,2967308,11180,21585,3151879
2009,June,6,28,Nassau,23414,38463,6072468,12661,17660,2959101,10753,20803,3113367
2009,May,5,28,Nassau,22743,37328,5974185,12451,17406,2976127,10292,19922,2998058
2009,April,4,28,Nassau,21975,36007,5631847,12169,17081,2870380,9806,18926,2761467
2009,March,3,28,Nassau,21401,35109,4858693,11975,16820,2501809,9426,18289,2356884
2009,February,2,28,Nassau,20672,33877,4576655,11638,16278,2380654,9034,17599,2196001
2009,January,1,28,Nassau,20566,33647,4332615,11617,16265,2287372,8949,17382,2045243
2008,December,12,28,Nassau,20077,32865,4336964,11338,15942,2258901,8739,16923,2078063
2008,November,11,28,Nassau,19489,31813,4150164,11154,15610,2180114,8335,16203,1970050
2008,October,10,28,Nassau,19444,31609,4090532,11159,15594,2169238,8285,16015,1921294
2008,September,9,28,Nassau,19106,31031,3494935,11029,15384,1861853,8077,15647,1633082
2008,August,8,28,Nassau,18971,30775,3474116,10985,15332,1848798,7986,15443,1625318
2008,July,7,28,Nassau,18737,30313,3421621,10956,15262,1849061,7781,15051,1572560
2008,June,6,28,Nassau,18571,29916,3340976,10953,15159,1814260,7618,14757,1526716
2008,May,5,28,Nassau,18306,29459,3334632,10826,15018,1786343,7480,14441,1548289
2008,April,4,28,Nassau,18024,28952,3261795,10845,14983,1796189,7179,13969,1465606
2008,March,3,28,Nassau,17738,28410,3193108,10685,14739,1758187,7053,13671,1434921
2008,February,2,28,Nassau,17479,28038,3141875,10524,14604,1724909,6955,13434,1416966
2008,January,1,28,Nassau,17521,28086,3166624,10547,14695,1739245,6974,13391,1427379
2007,December,12,28,Nassau,17303,27725,3138566,10417,14494,1720191,6886,13231,1418375
2007,November,11,28,Nassau,17083,27390,3072940,10329,14442,1693230,6754,12948,1379710
2007,October,10,28,Nassau,17100,27410,3083734,10361,14548,1714438,6739,12862,1369296
2007,September,9,28,Nassau,17058,27207,2892359,10311,14380,1604600,6747,12827,1287759
2007,August,8,28,Nassau,17026,27170,2898315,10292,14379,1606549,6734,12791,1291766
2007,July,7,28,Nassau,16959,26913,2876938,10291,14252,1606452,6668,12661,1270486
2007,June,6,28,Nassau,16899,26864,2838799,10242,14148,1572159,6657,12716,1266640
2007,May,5,28,Nassau,16807,26707,2826247,10125,14031,1566737,6682,12676,1259510
2007,April,4,28,Nassau,16694,26623,2807436,10125,14036,1571342,6569,12587,1236094
2007,March,3,28,Nassau,16576,26451,2809768,10025,13877,1556697,6551,12574,1253071
2007,February,2,28,Nassau,16284,26073,2727167,9826,13644,1510379,6458,12429,1216788
2007,January,1,28,Nassau,16370,26374,2794123,9823,13728,1535486,6547,12646,1258637
2006,December,12,28,Nassau,16368,26384,2794256,9839,13760,1520315,6529,12624,1273941
2006,November,11,28,Nassau,16255,26191,2819217,9845,13752,1560478,6410,12439,1258739
2006,October,10,28,Nassau,16284,26281,2758678,9867,13848,1515796,6417,12433,1242882
2006,September,9,28,Nassau,16171,26121,2677871,9851,13879,1478191,6320,12242,1199680
2006,August,8,28,Nassau,16107,26100,2678822,9808,13835,1482909,6299,12265,1195913
2006,July,7,28,Nassau,15973,25833,2669007,9773,13769,1478974,6200,12064,1190033
2006,June,6,28,Nassau,15905,25837,2647535,9720,13737,1456355,6185,12100,1191180
2006,May,5,28,Nassau,15851,25738,2645784,9689,13733,1453166,6162,12005,1192618
2006,April,4,28,Nassau,15703,25479,2605683,9629,13611,1433231,6074,11868,1172452
2006,March,3,28,Nassau,15783,25702,2657957,9660,13738,1465078,6123,11964,1192879
2006,February,2,28,Nassau,15651,25578,2614408,9530,13620,1435519,6121,11958,1178889
2006,January,1,28,Nassau,15790,25800,2613546,9587,13672,1434382,6203,12128,1179164
2005,December,12,28,Nassau,15781,25829,2681954,9582,13718,1467299,6199,12111,1214655
2005,November,11,28,Nassau,15749,25714,2640353,9649,13760,1462481,6100,11954,1177872
2005,October,10,28,Nassau,15687,25590,2630694,9565,13641,1443476,6122,11949,1187218
2005,September,9,28,Nassau,15645,25551,2561028,9510,13549,1402987,6135,12002,1158041
2005,August,8,28,Nassau,15675,25614,2584405,9433,13427,1395799,6242,12187,1188606
2005,July,7,28,Nassau,15518,25308,2538525,9257,13154,1352688,6261,12154,1185837
2005,June,6,28,Nassau,15822,25488,2527987,9585,13339,1352634,6237,12149,1175353
2005,May,5,28,Nassau,16098,25823,2515162,9873,13723,1354594,6225,12100,1160568
2005,April,4,28,Nassau,16762,26379,2495492,10577,14361,1355546,6185,12018,1139946
2005,March,3,28,Nassau,17095,26865,2552502,10840,14688,1376617,6255,12177,1175885
2005,February,2,28,Nassau,17161,26785,2484951,11143,14954,1369034,6018,11831,1115917
2005,January,1,28,Nassau,17141,26781,2462681,11238,15073,1363163,5903,11708,1099518
2004,December,12,28,Nassau,17185,26908,2510126,11332,15216,1383965,5853,11692,1126161
2004,November,11,28,Nassau,16319,25869,2440293,10681,14521,1347016,5638,11348,1093277
2004,October,10,28,Nassau,15298,24754,2368881,9784,13616,1293764,5514,11138,1075117
2004,September,9,28,Nassau,14440,23791,2176288,9007,12830,1195398,5433,10961,980890
2004,August,8,28,Nassau,13347,22641,2153841,8002,11843,1172773,5345,10798,981068
2004,July,7,28,Nassau,12552,21687,2078155,7395,11189,1127324,5157,10498,950831
2004,June,6,28,Nassau,11745,20779,2036659,6692,10474,1114334,5053,10305,922325
2004,May,5,28,Nassau,11550,20462,2020478,6633,10293,1109804,4917,10169,910674
2004,April,4,28,Nassau,11341,20185,1976611,6504,10099,1074178,4837,10086,902433
2004,March,3,28,Nassau,11300,20129,1955799,6534,10085,1064276,4766,10044,891523
2004,February,2,28,Nassau,11037,19702,1909133,6362,9854,1042388,4675,9848,866745
2004,January,1,28,Nassau,11003,19718,1887181,6343,9862,1031620,4660,9856,855561
2003,December,12,28,Nassau,10975,19620,1884704,6277,9687,1016937,4698,9933,867767
2003,November,11,28,Nassau,10874,19423,1868831,6228,9575,1001327,4646,9848,867504
2003,October,10,28,Nassau,10883,19443,1858630,6287,9709,1019416,4596,9734,839214
2003,September,9,28,Nassau,11076,19777,1889196,6347,9738,1019611,4729,10039,869585
2003,August,8,28,Nassau,10583,18988,1796090,6126,9480,970294,4457,9508,825796
2003,July,7,28,Nassau,10625,18890,1785046,6169,9441,973491,4456,9449,811555
2003,June,6,28,Nassau,10510,18777,1740876,6150,9458,957630,4360,9319,783246
2003,May,5,28,Nassau,10419,18515,1731539,6088,9276,943114,4331,9239,788425
2003,April,4,28,Nassau,10340,18401,1707911,6081,9282,942672,4259,9119,765239
2003,March,3,28,Nassau,10138,17881,1663447,5910,8826,902540,4228,9055,760907
2003,February,2,28,Nassau,9999,17573,1624281,5859,8731,887267,4140,8842,737014
2003,January,1,28,Nassau,9892,17580,1635694,5795,8761,900222,4097,8819,735472
2002,December,12,28,Nassau,9969,17591,1619816,5843,8733,883030,4126,8858,736786
2002,November,11,28,Nassau,9957,17463,1603039,5856,8711,872723,4101,8752,730316
2002,October,10,28,Nassau,10026,17523,1619790,5936,8830,893511,4090,8693,726279
2002,September,9,28,Nassau,9913,17215,1424446,5899,8712,786824,4014,8503,637622
2002,August,8,28,Nassau,9963,17370,1434897,5924,8751,783756,4039,8619,651141
2002,July,7,28,Nassau,9951,17322,1426137,5980,8875,796539,3971,8447,629598
2002,June,6,28,Nassau,9902,17203,1417634,5935,8800,791076,3967,8403,626558
2002,May,5,28,Nassau,9902,17216,1420016,5977,8918,794460,3925,8298,625556
2002,April,4,28,Nassau,9843,17160,1422518,5980,9002,807577,3863,8158,614941
2002,March,3,28,Nassau,9897,17401,1471370,6030,9173,833724,3867,8228,637646
2002,February,2,28,Nassau,9675,17045,1413997,5960,9097,816949,3715,7948,597048
2002,January,1,28,Nassau,9672,17112,1422554,5936,9086,817409,3736,8026,605145
2018,December,12,29,Niagara,16526,28665,3639695,5222,7062,1100630,11304,21603,2539065
2018,November,11,29,Niagara,16382,28411,3614308,5181,6986,1093093,11201,21425,2521215
2018,October,10,29,Niagara,16399,28504,3654463,5191,7027,1100284,11208,21477,2554179
2018,September,9,29,Niagara,16467,28679,3637590,5203,7092,1093604,11264,21587,2543986
2018,August,8,29,Niagara,16585,28878,3673242,5264,7177,1104631,11321,21701,2568611
2018,July,7,29,Niagara,16669,29020,3674125,5285,7226,1106796,11384,21794,2567329
2018,June,6,29,Niagara,16859,29488,3711981,5318,7296,1110237,11541,22192,2601744
2018,May,5,29,Niagara,16952,29662,3738231,5347,7384,1124709,11605,22278,2613522
2018,April,4,29,Niagara,16975,29782,3736757,5355,7465,1137556,11620,22317,2599201
2018,March,3,29,Niagara,17222,30309,3804714,5429,7576,1153029,11793,22733,2651685
2018,February,2,29,Niagara,17104,30203,3785268,5426,7598,1157655,11678,22605,2627613
2018,January,1,29,Niagara,17173,30323,3805661,5456,7649,1165206,11717,22674,2640455
2017,December,12,29,Niagara,17071,30161,3802032,5456,7610,1168756,11615,22551,2633276
2017,November,11,29,Niagara,16889,29885,3767620,5411,7574,1166751,11478,22311,2600869
2017,October,10,29,Niagara,17017,30102,3813302,5445,7674,1177353,11572,22428,2635949
2017,September,9,29,Niagara,17000,30117,3816381,5452,7679,1174914,11548,22438,2641467
2017,August,8,29,Niagara,17153,30323,3862077,5488,7719,1184021,11665,22604,2678056
2017,July,7,29,Niagara,17228,30481,3841242,5515,7802,1181648,11713,22679,2659594
2017,June,6,29,Niagara,17440,30925,3897553,5530,7818,1184343,11910,23107,2713210
2017,May,5,29,Niagara,17593,31156,3949406,5576,7925,1203086,12017,23231,2746320
2017,April,4,29,Niagara,17622,31316,3950232,5597,8014,1215241,12025,23302,2734991
2017,March,3,29,Niagara,17816,31728,4042393,5639,8088,1233877,12177,23640,2808516
2017,February,2,29,Niagara,17650,31433,3983155,5631,8097,1227189,12019,23336,2755966
2017,January,1,29,Niagara,17695,31461,3974800,5648,8134,1237132,12047,23327,2737668
2016,December,12,29,Niagara,17600,31327,3967496,5680,8201,1248752,11920,23126,2718744
2016,November,11,29,Niagara,17452,30990,3946087,5623,8165,1241207,11829,22825,2704880
2016,October,10,29,Niagara,17408,30905,3933450,5634,8153,1235193,11774,22752,2698257
2016,September,9,29,Niagara,17397,30876,3940363,5684,8213,1252217,11713,22663,2688146
2016,August,8,29,Niagara,17423,30954,3960846,5692,8251,1257859,11731,22703,2702987
2016,July,7,29,Niagara,17438,30955,3965412,5770,8418,1276940,11668,22537,2688472
2016,June,6,29,Niagara,17545,31151,3995489,5811,8495,1289606,11734,22656,2705883
2016,May,5,29,Niagara,17644,31270,4019165,5867,8578,1308658,11777,22692,2710507
2016,April,4,29,Niagara,17898,31737,4079141,5853,8609,1309930,12045,23128,2769211
2016,March,3,29,Niagara,17938,31825,4108375,5887,8671,1322794,12051,23154,2785581
2016,February,2,29,Niagara,17876,31844,4090458,5881,8696,1314831,11995,23148,2775627
2016,January,1,29,Niagara,17939,31911,4098603,5917,8769,1327895,12022,23142,2770708
2015,December,12,29,Niagara,17863,31908,4118148,5896,8776,1330570,11967,23132,2787578
2015,November,11,29,Niagara,17738,31665,4103079,5894,8734,1328332,11844,22931,2774747
2015,October,10,29,Niagara,17750,31686,4118558,5909,8783,1337897,11841,22903,2780661
2015,September,9,29,Niagara,17812,31845,4162091,5953,8847,1351708,11859,22998,2810383
2015,August,8,29,Niagara,17913,32079,4202225,5975,8940,1365160,11938,23139,2837065
2015,July,7,29,Niagara,18002,32301,4200268,6022,9046,1368424,11980,23255,2831844
2015,June,6,29,Niagara,18157,32607,4239663,6039,9109,1372046,12118,23498,2867617
2015,May,5,29,Niagara,18205,32696,4265267,6108,9285,1398489,12097,23411,2866778
2015,April,4,29,Niagara,18278,32874,4261072,6096,9231,1395734,12182,23643,2865338
2015,March,3,29,Niagara,18449,33194,4318062,6123,9269,1401935,12326,23925,2916127
2015,February,2,29,Niagara,18239,32935,4256299,6097,9311,1393684,12142,23624,2862615
2015,January,1,29,Niagara,18361,33137,4298453,6134,9384,1409845,12227,23753,2888608
2014,December,12,29,Niagara,18246,32972,4295882,5653,8274,1288545,12593,24698,3007337
2014,November,11,29,Niagara,18136,32864,4279284,5696,8338,1302261,12440,24526,2977023
2014,October,10,29,Niagara,18142,32884,4329471,5687,8308,1303296,12455,24576,3026175
2014,September,9,29,Niagara,17953,32536,4111252,5640,8154,1234221,12313,24382,2877031
2014,August,8,29,Niagara,17940,32580,4155571,5636,8159,1245113,12304,24421,2910458
2014,July,7,29,Niagara,17879,32434,4136391,5670,8208,1262445,12209,24226,2873946
2014,June,6,29,Niagara,18022,32797,4184621,5698,8324,1273231,12324,24473,2911390
2014,May,5,29,Niagara,18055,32860,4196113,5728,8389,1279882,12327,24471,2916231
2014,April,4,29,Niagara,17930,32599,4159623,5712,8305,1276936,12218,24294,2882687
2014,March,3,29,Niagara,17872,32556,4196821,5720,8370,1283663,12152,24186,2913158
2014,February,2,29,Niagara,17604,32024,4092725,5711,8329,1278571,11893,23695,2814154
2014,January,1,29,Niagara,17444,31798,4041259,5731,8378,1283364,11713,23420,2757895
2013,December,12,29,Niagara,17248,31479,3986571,5670,8281,1271115,11578,23198,2715456
2013,November,11,29,Niagara,17676,32046,4716987,5827,8508,1577975,11849,23538,3139012
2013,October,10,29,Niagara,17148,31483,4326702,5668,8310,1368684,11480,23173,2958018
2013,September,9,29,Niagara,16904,31033,4187136,5571,8167,1321675,11333,22866,2865461
2013,August,8,29,Niagara,16995,31258,4295350,5588,8164,1358611,11407,23094,2936739
2013,July,7,29,Niagara,16995,31245,4363435,5617,8176,1389683,11378,23069,2973752
2013,June,6,29,Niagara,17083,31458,4244352,5623,8207,1333387,11460,23251,2910965
2013,May,5,29,Niagara,17069,31417,4231924,5598,8175,1323265,11471,23242,2908659
2013,April,4,29,Niagara,17031,31375,4226380,5641,8226,1338038,11390,23149,2888342
2013,March,3,29,Niagara,17078,31488,4254347,5647,8259,1342124,11431,23229,2912223
2013,February,2,29,Niagara,16955,31291,4223303,5593,8165,1322552,11362,23126,2900751
2013,January,1,29,Niagara,16869,31131,4204602,5597,8132,1323516,11272,22999,2881086
2012,December,12,29,Niagara,16684,30784,4154717,5592,8078,1320925,11092,22706,2833792
2012,November,11,29,Niagara,16571,30629,4132836,5556,8033,1315063,11015,22596,2817773
2012,October,10,29,Niagara,16486,30399,4129145,5503,7874,1293963,10983,22525,2835182
2012,September,9,29,Niagara,16304,30045,4064175,5391,7696,1264488,10913,22349,2799687
2012,August,8,29,Niagara,16375,30165,4088930,5392,7658,1259496,10983,22507,2829434
2012,July,7,29,Niagara,16246,29995,4049053,5328,7568,1239428,10918,22427,2809625
2012,June,6,29,Niagara,16341,30230,4096968,5345,7574,1252300,10996,22656,2844668
2012,May,5,29,Niagara,16240,29951,4073314,5259,7433,1227591,10981,22518,2845723
2012,April,4,29,Niagara,16137,29714,3994714,5258,7455,1217721,10879,22259,2776993
2012,March,3,29,Niagara,16373,30286,4141545,5256,7420,1253152,11117,22866,2888393
2012,February,2,29,Niagara,16068,29820,4025574,5224,7401,1216453,10844,22419,2809121
2012,January,1,29,Niagara,15991,29698,4005966,5220,7349,1213632,10771,22349,2792334
2011,December,12,29,Niagara,15849,29491,4006860,5163,7285,1210729,10686,22206,2796131
2011,November,11,29,Niagara,15669,29223,3975347,5127,7232,1203120,10542,21991,2772227
2011,October,10,29,Niagara,15737,29415,3997277,5100,7186,1194622,10637,22229,2802655
2011,September,9,29,Niagara,15736,29418,3957813,5004,7073,1161815,10732,22345,2795998
2011,August,8,29,Niagara,15729,29427,3965280,4967,7035,1160565,10762,22392,2804715
2011,July,7,29,Niagara,15740,29500,3963432,4942,6996,1144394,10798,22504,2819038
2011,June,6,29,Niagara,15774,29699,3999483,4977,7062,1160429,10797,22637,2839054
2011,May,5,29,Niagara,15765,29760,4005122,4984,7097,1170399,10781,22663,2834723
2011,April,4,29,Niagara,15746,29743,4004496,5036,7167,1174655,10710,22576,2829841
2011,March,3,29,Niagara,15595,29582,4082981,5002,7087,1193916,10593,22495,2889065
2011,February,2,29,Niagara,15328,29165,4006345,4945,7009,1173493,10383,22156,2832852
2011,January,1,29,Niagara,15162,28963,3943947,4971,7102,1183942,10191,21861,2760005
2010,December,12,29,Niagara,15069,28779,3962347,4906,7021,1173238,10163,21758,2789109
2010,November,11,29,Niagara,14839,28376,3889758,4862,6952,1165166,9977,21424,2724592
2010,October,10,29,Niagara,14826,28324,3891574,4881,7021,1171548,9945,21303,2720026
2010,September,9,29,Niagara,14726,28194,3882022,4749,6846,1139298,9977,21348,2742724
2010,August,8,29,Niagara,14683,28076,3872123,4747,6828,1138228,9936,21248,2733895
2010,July,7,29,Niagara,14657,28086,3883962,4732,6807,1135316,9925,21279,2748646
2010,June,6,29,Niagara,14549,27844,3863717,4771,6833,1152157,9778,21011,2711560
2010,May,5,29,Niagara,14321,27542,3773691,4730,6815,1140156,9591,20727,2633535
2010,April,4,29,Niagara,14281,27466,3815521,4743,6813,1154539,9538,20653,2660982
2010,March,3,29,Niagara,14112,27110,3793471,4719,6732,1140589,9393,20378,2652882
2010,February,2,29,Niagara,13779,26547,3724186,4697,6715,1140332,9082,19832,2583854
2010,January,1,29,Niagara,13633,26274,3722686,4691,6673,1130859,8942,19601,2591827
2009,December,12,29,Niagara,13460,26047,3622227,4650,6641,1122541,8810,19406,2499686
2009,November,11,29,Niagara,13276,25598,3564788,4629,6580,1107985,8647,19018,2456803
2009,October,10,29,Niagara,13211,25385,3523936,4615,6534,1109286,8596,18851,2414650
2009,September,9,29,Niagara,13112,25265,3525534,4532,6430,1084753,8580,18835,2440781
2009,August,8,29,Niagara,12936,24901,3468493,4543,6425,1083725,8393,18476,2384768
2009,July,7,29,Niagara,12856,24703,3479218,4494,6321,1069462,8362,18382,2409756
2009,June,6,29,Niagara,12696,24366,3446600,4476,6278,1066198,8220,18088,2380402
2009,May,5,29,Niagara,12507,23952,3412398,4474,6240,1065547,8033,17712,2346851
2009,April,4,29,Niagara,12381,23643,3366357,4511,6253,1065020,7870,17390,2301337
2009,March,3,29,Niagara,12138,23177,2874646,4463,6171,921632,7675,17006,1953014
2009,February,2,29,Niagara,11797,22585,2784332,4417,6123,909172,7380,16462,1875160
2009,January,1,29,Niagara,11585,22187,2562659,4421,6154,838567,7164,16033,1724092
2008,December,12,29,Niagara,11267,21585,2535858,4337,6043,836360,6930,15542,1699498
2008,November,11,29,Niagara,10979,21028,2481824,4272,5877,806874,6707,15151,1674950
2008,October,10,29,Niagara,10856,20848,2463172,4281,5892,815915,6575,14956,1647257
2008,September,9,29,Niagara,10615,20431,2024410,4168,5786,636780,6447,14645,1387630
2008,August,8,29,Niagara,10595,20399,2021741,4209,5874,642313,6386,14525,1379428
2008,July,7,29,Niagara,10456,20146,2018934,4178,5816,640766,6278,14330,1378168
2008,June,6,29,Niagara,10370,19961,1998953,4164,5788,638009,6206,14173,1360944
2008,May,5,29,Niagara,10360,19876,2012230,4222,5873,649952,6138,14003,1362278
2008,April,4,29,Niagara,10163,19479,1978545,4193,5845,647326,5970,13634,1331219
2008,March,3,29,Niagara,10042,19233,1956804,4193,5870,652209,5849,13363,1304595
2008,February,2,29,Niagara,9822,18826,1899708,4176,5814,641350,5646,13012,1258358
2008,January,1,29,Niagara,9713,18635,1910029,4161,5813,648961,5552,12822,1261068
2007,December,12,29,Niagara,9578,18322,1877867,4163,5826,651197,5415,12496,1226670
2007,November,11,29,Niagara,9483,18137,1869537,4141,5813,653147,5342,12324,1216390
2007,October,10,29,Niagara,9462,18047,1858987,4204,5914,658540,5258,12133,1200447
2007,September,9,29,Niagara,9404,17942,1733648,4099,5746,600502,5305,12196,1133146
2007,August,8,29,Niagara,9485,18080,1758752,4127,5801,607815,5358,12279,1150937
2007,July,7,29,Niagara,9436,18047,1744534,4120,5795,606496,5316,12252,1138038
2007,June,6,29,Niagara,9513,18172,1764343,4186,5916,628118,5327,12256,1136225
2007,May,5,29,Niagara,9536,18234,1778530,4157,5873,619933,5379,12361,1158597
2007,April,4,29,Niagara,9441,18124,1754465,4145,5861,621360,5296,12263,1133105
2007,March,3,29,Niagara,9540,18307,1790776,4177,5951,629377,5363,12356,1161399
2007,February,2,29,Niagara,9356,18015,1750388,4198,6043,643489,5158,11972,1106899
2007,January,1,29,Niagara,9351,18098,1761279,4168,6026,638559,5183,12072,1122720
2006,December,12,29,Niagara,9245,17966,1759108,4150,5972,632893,5095,11994,1126215
2006,November,11,29,Niagara,9212,17815,1770150,4167,6008,663242,5045,11807,1106908
2006,October,10,29,Niagara,9274,17927,1783066,4184,6067,653313,5090,11860,1129753
2006,September,9,29,Niagara,9405,18179,1730985,4181,6136,633897,5224,12043,1097088
2006,August,8,29,Niagara,9433,18253,1730188,4180,6142,628961,5253,12111,1101227
2006,July,7,29,Niagara,9489,18410,1751507,4234,6265,645791,5255,12145,1105716
2006,June,6,29,Niagara,9572,18557,1753560,4240,6278,645854,5332,12279,1107706
2006,May,5,29,Niagara,9562,18606,1764838,4296,6446,662639,5266,12160,1102199
2006,April,4,29,Niagara,9604,18667,1764959,4385,6555,684674,5219,12112,1080285
2006,March,3,29,Niagara,9634,18711,1795208,4377,6547,681307,5257,12164,1113901
2006,February,2,29,Niagara,9438,18379,1760853,4370,6569,687523,5068,11810,1073330
2006,January,1,29,Niagara,9410,18405,1730620,4377,6593,675773,5033,11812,1054847
2005,December,12,29,Niagara,9345,18345,1768850,4373,6651,700729,4972,11694,1068121
2005,November,11,29,Niagara,9143,17902,1734783,4364,6580,700690,4779,11322,1034093
2005,October,10,29,Niagara,9113,17819,1725061,4370,6578,699092,4743,11241,1025969
2005,September,9,29,Niagara,8963,17642,1661034,4182,6307,647077,4781,11335,1013957
2005,August,8,29,Niagara,8944,17561,1646480,4198,6357,649316,4746,11204,997164
2005,July,7,29,Niagara,8929,17571,1653657,4212,6403,656664,4717,11168,996993
2005,June,6,29,Niagara,8998,17661,1665687,4259,6495,661890,4739,11166,1003797
2005,May,5,29,Niagara,8943,17573,1652827,4244,6429,647422,4699,11144,1005405
2005,April,4,29,Niagara,8997,17609,1647740,4338,6559,654327,4659,11050,993413
2005,March,3,29,Niagara,8997,17607,1641560,4360,6549,652916,4637,11058,988644
2005,February,2,29,Niagara,8881,17310,1612041,4350,6507,646565,4531,10803,965476
2005,January,1,29,Niagara,8705,17007,1558937,4267,6415,624734,4438,10592,934203
2004,December,12,29,Niagara,8929,17323,1614332,4386,6567,650080,4543,10756,964252
2004,November,11,29,Niagara,8590,16821,1554051,4206,6357,620538,4384,10464,933513
2004,October,10,29,Niagara,8417,16638,1537734,4079,6223,616901,4338,10415,920833
2004,September,9,29,Niagara,8188,16322,1407880,3845,5985,561348,4343,10337,846532
2004,August,8,29,Niagara,7994,16123,1391380,3709,5874,557571,4285,10249,833809
2004,July,7,29,Niagara,7897,15993,1393802,3617,5783,558647,4280,10210,835155
2004,June,6,29,Niagara,7839,15976,1399266,3532,5667,553706,4307,10309,845560
2004,May,5,29,Niagara,7872,16088,1410163,3588,5782,562711,4284,10306,847452
2004,April,4,29,Niagara,7858,16078,1428078,3524,5698,556449,4334,10380,871629
2004,March,3,29,Niagara,7752,15833,1416136,3506,5681,558777,4246,10152,857359
2004,February,2,29,Niagara,7532,15427,1365703,3467,5579,545129,4065,9848,820574
2004,January,1,29,Niagara,7465,15338,1353721,3423,5531,539892,4042,9807,813829
2003,December,12,29,Niagara,7288,14955,1309107,3336,5377,519436,3952,9578,789671
2003,November,11,29,Niagara,7170,14732,1270169,3282,5278,504238,3888,9454,765931
2003,October,10,29,Niagara,7181,14729,1290743,3271,5273,513738,3910,9456,777005
2003,September,9,29,Niagara,7194,14731,1261627,3256,5234,493006,3938,9497,768621
2003,August,8,29,Niagara,7137,14612,1244239,3210,5112,481702,3927,9500,762537
2003,July,7,29,Niagara,7153,14623,1254192,3205,5070,482071,3948,9553,772121
2003,June,6,29,Niagara,7069,14375,1229275,3226,5131,488587,3843,9244,740688
2003,May,5,29,Niagara,7050,14310,1229189,3264,5164,493521,3786,9146,735668
2003,April,4,29,Niagara,6983,14192,1215694,3262,5187,497379,3721,9005,718315
2003,March,3,29,Niagara,6914,14085,1205303,3264,5132,497170,3650,8953,708133
2003,February,2,29,Niagara,6774,13879,1173884,3223,5084,488448,3551,8795,685436
2003,January,1,29,Niagara,6715,13741,1171550,3249,5155,500802,3466,8586,670748
2002,December,12,29,Niagara,6599,13547,1146372,3239,5222,499624,3360,8325,646748
2002,November,11,29,Niagara,6529,13289,1135873,3207,5160,496613,3322,8129,639260
2002,October,10,29,Niagara,6443,13171,1118159,3211,5200,499932,3232,7971,618227
2002,September,9,29,Niagara,6380,13068,1030014,3173,5207,461614,3207,7861,568400
2002,August,8,29,Niagara,6384,13087,1038909,3188,5232,461787,3196,7855,577122
2002,July,7,29,Niagara,6380,13063,1025634,3231,5303,466256,3149,7760,559378
2002,June,6,29,Niagara,6415,13153,1039768,3220,5272,464795,3195,7881,574973
2002,May,5,29,Niagara,6434,13223,1044603,3216,5295,471363,3218,7928,573240
2002,April,4,29,Niagara,6455,13289,1058988,3263,5422,482459,3192,7867,576529
2002,March,3,29,Niagara,6480,13369,1073303,3285,5475,492115,3195,7894,581188
2002,February,2,29,Niagara,6352,13057,1039379,3271,5471,487686,3081,7586,551693
2002,January,1,29,Niagara,6339,13055,1043855,3308,5549,489716,3031,7506,554139
2016,June,6,3,Broome,16713,30528,3905432,6899,10530,1606328,9814,19998,2299104
2016,May,5,3,Broome,16776,30662,3930794,6888,10484,1602392,9888,20178,2328402
2016,April,4,3,Broome,17179,31333,4033301,6929,10599,1627404,10250,20734,2405897
2016,March,3,3,Broome,17282,31533,4081021,6953,10696,1641955,10329,20837,2439066
2016,February,2,3,Broome,17107,31211,4024839,6970,10708,1640167,10137,20503,2384672
2016,January,1,3,Broome,17150,31373,4039879,6954,10672,1638378,10196,20701,2401501
2015,October,10,3,Broome,17018,31370,4055848,6906,10702,1638803,10112,20668,2417045
2015,September,9,3,Broome,17022,31422,4070076,6863,10685,1632674,10159,20737,2437402
2015,August,8,3,Broome,16989,31480,4090459,6811,10633,1631287,10178,20847,2459172
2015,July,7,3,Broome,17101,31699,4096412,6868,10804,1640096,10233,20895,2456316
2015,June,6,3,Broome,17052,31482,4064868,6847,10692,1630866,10205,20790,2434002
2015,May,5,3,Broome,17042,31517,4059218,6841,10692,1629206,10201,20825,2430012
2015,April,4,3,Broome,17157,31822,4115160,6840,10678,1633580,10317,21144,2481580
2015,March,3,3,Broome,17193,31818,4148046,6896,10783,1653016,10297,21035,2495030
2015,February,2,3,Broome,16993,31445,4095721,6814,10637,1621528,10179,20808,2474193
2015,January,1,3,Broome,17044,31494,4088536,6867,10701,1632718,10177,20793,2455818
2014,December,12,3,Broome,16989,31349,4108446,5930,8568,1373468,11059,22781,2734978
2014,November,11,3,Broome,16783,30927,4055349,5929,8529,1374967,10854,22398,2680382
2014,October,10,3,Broome,16972,31293,4125144,5973,8589,1387964,10999,22704,2737180
2014,September,9,3,Broome,16877,31221,3942760,5949,8605,1339297,10928,22616,2603463
2014,August,8,3,Broome,17009,31530,3996781,5937,8611,1341904,11072,22919,2654877
2014,July,7,3,Broome,17044,31579,4029804,6007,8651,1363304,11037,22928,2666500
2014,June,6,3,Broome,17093,31677,4025078,5939,8611,1345832,11154,23066,2679246
2014,May,5,3,Broome,17104,31683,4023613,5919,8539,1337339,11185,23144,2686274
2014,April,4,3,Broome,17141,31737,4031322,5940,8524,1340779,11201,23213,2690543
2014,March,3,3,Broome,17098,31703,4043850,5952,8593,1349513,11146,23110,2694337
2014,February,2,3,Broome,16927,31363,3989135,5952,8579,1343354,10975,22784,2645781
2014,January,1,3,Broome,16874,31378,3973713,5993,8708,1359118,10881,22670,2614595
2013,December,12,3,Broome,16797,31226,3961316,5990,8815,1373470,10807,22411,2587846
2013,November,11,3,Broome,18277,32806,5471575,6409,9264,1756780,11868,23542,3714795
2013,October,10,3,Broome,16911,31465,4290600,6082,8942,1488835,10829,22523,2801765
2013,September,9,3,Broome,16787,31280,4220506,6075,8993,1485407,10712,22287,2735099
2013,August,8,3,Broome,16815,31245,4225659,6126,9057,1497538,10689,22188,2728121
2013,July,7,3,Broome,16745,31119,4223222,6176,9156,1517963,10569,21963,2705259
2013,June,6,3,Broome,16694,30969,4192193,6150,9138,1509318,10544,21831,2682875
2013,May,5,3,Broome,16724,31004,4179998,6161,9148,1511531,10563,21856,2668467
2013,April,4,3,Broome,16683,30940,4171997,6141,9178,1518265,10542,21762,2653732
2013,March,3,3,Broome,16713,31008,4184657,6173,9224,1526701,10540,21784,2657956
2013,February,2,3,Broome,16510,30664,4122615,6145,9156,1507658,10365,21508,2614957
2013,January,1,3,Broome,16504,30614,4127170,6194,9219,1519886,10310,21395,2607284
2012,December,12,3,Broome,16279,30189,4075069,6123,9128,1507152,10156,21061,2567917
2012,November,11,3,Broome,16136,29870,4024127,6108,9098,1495383,10028,20772,2528744
2012,October,10,3,Broome,16094,29839,4055281,6068,8971,1481382,10026,20868,2573899
2012,September,9,3,Broome,16029,29766,4056082,6010,8911,1478651,10019,20855,2577431
2012,August,8,3,Broome,16018,29806,4058165,5960,8876,1471067,10058,20930,2587098
2012,July,7,3,Broome,15854,29431,3996739,5936,8762,1455510,9918,20669,2541229
2012,June,6,3,Broome,15895,29556,4009626,5913,8748,1454105,9982,20808,2555521
2012,May,5,3,Broome,15779,29342,3968164,5925,8688,1451717,9854,20654,2516447
2012,April,4,3,Broome,15820,29423,3983010,5917,8680,1448389,9903,20743,2534621
2012,March,3,3,Broome,15947,29685,4095475,5993,8897,1499105,9954,20788,2596370
2012,February,2,3,Broome,15767,29378,3967633,5938,8807,1454670,9829,20571,2512963
2012,January,1,3,Broome,15757,29621,3996896,5904,8773,1450665,9853,20848,2546231
2011,December,12,3,Broome,15822,29762,4070073,5904,8843,1469845,9918,20919,2600228
2011,November,11,3,Broome,15680,29518,4049837,5872,8815,1462902,9808,20703,2586935
2011,October,10,3,Broome,16373,31094,4380145,5945,8930,1499717,10428,22164,2880428
2011,September,9,3,Broome,15969,30222,4462990,5926,8879,1600231,10043,21343,2862759
2011,August,8,3,Broome,15710,29491,4008808,5926,8870,1467741,9784,20621,2541067
2011,July,7,3,Broome,15671,29472,3995091,5940,8864,1467806,9731,20608,2527285
2011,June,6,3,Broome,15613,29406,3980687,5900,8853,1463349,9713,20553,2517338
2011,May,5,3,Broome,15506,29260,3955384,5955,8911,1475807,9551,20349,2479577
2011,April,4,3,Broome,15494,29162,3933995,5965,8903,1469666,9529,20259,2464329
2011,March,3,3,Broome,15565,29221,4043266,5986,8915,1497497,9579,20306,2545769
2011,February,2,3,Broome,15344,29002,4002123,5972,8916,1496781,9372,20086,2505342
2011,January,1,3,Broome,15315,28987,3998692,5969,8841,1485556,9346,20146,2513136
2010,December,12,3,Broome,15232,28971,3994713,5928,8780,1478298,9304,20191,2516415
2010,November,11,3,Broome,14970,28544,3926988,5856,8643,1454659,9114,19901,2472329
2010,October,10,3,Broome,14924,28479,3938663,5857,8678,1457996,9067,19801,2480667
2010,September,9,3,Broome,14871,28278,3914978,5766,8461,1423088,9105,19817,2491890
2010,August,8,3,Broome,14689,27976,3886991,5729,8398,1414990,8960,19578,2472001
2010,July,7,3,Broome,14720,28059,3903468,5778,8480,1429609,8942,19579,2473859
2010,June,6,3,Broome,14532,27763,3848008,5685,8333,1409407,8847,19430,2438601
2010,May,5,3,Broome,14437,27755,3837041,5640,8277,1399879,8797,19478,2437162
2010,April,4,3,Broome,14369,27563,3806903,5698,8365,1414783,8671,19198,2392120
2010,March,3,3,Broome,14373,27690,3834446,5717,8414,1421404,8656,19276,2413042
2010,February,2,3,Broome,14079,27192,3784752,5704,8401,1418929,8375,18791,2365823
2010,January,1,3,Broome,14028,27110,3816255,5694,8363,1411893,8334,18747,2404362
2009,December,12,3,Broome,13839,26862,3727145,5659,8325,1404319,8180,18537,2322826
2009,November,11,3,Broome,13549,26349,3671938,5583,8235,1388722,7966,18114,2283216
2009,October,10,3,Broome,13484,26178,3672891,5553,8158,1385920,7931,18020,2286971
2009,September,9,3,Broome,13134,25420,3565724,5371,7815,1329072,7763,17605,2236652
2009,August,8,3,Broome,13012,25183,3550582,5334,7777,1319389,7678,17406,2231193
2009,July,7,3,Broome,12792,24755,3486000,5261,7613,1290669,7531,17142,2195331
2009,June,6,3,Broome,12623,24449,3468875,5213,7551,1287108,7410,16898,2181767
2009,May,5,3,Broome,12374,23939,3397856,5093,7332,1248978,7281,16607,2148878
2009,April,4,3,Broome,12228,23792,3374477,5028,7309,1237294,7200,16483,2137183
2009,March,3,3,Broome,12140,23604,2916618,5044,7316,1087839,7096,16288,1828779
2009,February,2,3,Broome,11879,23126,2854345,4966,7210,1071420,6913,15916,1782925
2009,January,1,3,Broome,11721,22916,2649393,4915,7178,993757,6806,15738,1655636
2008,December,12,3,Broome,11471,22426,2645581,4805,6923,973428,6666,15503,1672153
2008,November,11,3,Broome,11232,21954,2590789,4718,6756,947723,6514,15198,1643066
2008,October,10,3,Broome,11058,21596,2553200,4635,6515,919807,6423,15081,1633393
2008,September,9,3,Broome,10845,21140,2171656,4608,6530,793665,6237,14610,1377991
2008,August,8,3,Broome,10735,20834,2142570,4633,6547,796220,6102,14287,1346350
2008,July,7,3,Broome,10731,20865,2157967,4661,6621,802041,6070,14244,1355926
2008,June,6,3,Broome,10569,20519,2122295,4604,6460,777893,5965,14059,1344402
2008,May,5,3,Broome,10498,20382,2114413,4623,6525,784131,5875,13857,1330282
2008,April,4,3,Broome,10463,20348,2103046,4586,6465,774645,5877,13883,1328401
2008,March,3,3,Broome,10385,20202,2080596,4571,6423,768742,5814,13779,1311854
2008,February,2,3,Broome,10213,19896,2038348,4531,6381,762767,5682,13515,1275581
2008,January,1,3,Broome,10252,19909,2051223,4568,6463,772422,5684,13446,1278801
2007,December,12,3,Broome,10053,19539,2044263,4503,6359,766380,5550,13180,1277883
2007,November,11,3,Broome,9923,19337,2016341,4480,6348,766982,5443,12989,1249359
2007,October,10,3,Broome,9872,19151,2005794,4508,6397,771120,5364,12754,1234674
2007,September,9,3,Broome,9842,19155,1902699,4483,6419,734369,5359,12736,1168330
2007,August,8,3,Broome,9844,19185,1907992,4461,6373,732659,5383,12812,1175333
2007,July,7,3,Broome,9793,19157,1907180,4427,6392,729052,5366,12765,1178128
2007,June,6,3,Broome,9773,19090,1895742,4390,6346,718111,5383,12744,1177631
2007,May,5,3,Broome,9724,18949,1887586,4395,6370,726299,5329,12579,1161287
2007,April,4,3,Broome,9599,18796,1876237,4361,6346,728162,5238,12450,1148075
2007,March,3,3,Broome,9666,18982,1891451,4410,6475,738643,5256,12507,1152808
2007,February,2,3,Broome,9479,18680,1853444,4395,6512,737144,5084,12168,1116300
2007,January,1,3,Broome,9589,18938,1885518,4453,6627,756871,5136,12311,1128647
2006,December,12,3,Broome,9519,18755,1876094,4427,6586,755920,5092,12169,1120174
2006,November,11,3,Broome,9335,18365,1854617,4374,6499,757131,4961,11866,1097486
2006,October,10,3,Broome,9400,18485,1867559,4406,6579,755271,4994,11906,1112288
2006,September,9,3,Broome,9358,18414,1806511,4382,6641,742652,4976,11773,1063859
2006,August,8,3,Broome,9480,18546,1831954,4423,6699,747325,5057,11847,1084629
2006,July,7,3,Broome,10020,20031,2072761,4435,6763,768712,5585,13268,1304049
2006,June,6,3,Broome,9415,18459,1813030,4417,6692,745723,4998,11767,1067307
2006,May,5,3,Broome,9337,18244,1803547,4407,6664,744449,4930,11580,1059098
2006,April,4,3,Broome,9299,18195,1787391,4366,6631,737421,4933,11564,1049970
2006,March,3,3,Broome,9265,18172,1780361,4369,6664,740900,4896,11508,1039461
2006,February,2,3,Broome,9084,17952,1753197,4326,6679,740671,4758,11273,1012526
2006,January,1,3,Broome,9102,18064,1739008,4333,6689,726442,4769,11375,1012566
2005,December,12,3,Broome,8968,17834,1744533,4240,6539,725914,4728,11295,1018619
2005,November,11,3,Broome,8798,17417,1704550,4204,6454,711465,4594,10963,993085
2005,October,10,3,Broome,8738,17257,1698001,4231,6538,720827,4507,10719,977174
2005,September,9,3,Broome,8669,17101,1641490,4212,6589,711054,4457,10512,930436
2005,August,8,3,Broome,8597,16936,1617953,4171,6560,705736,4426,10376,912217
2005,July,7,3,Broome,8673,17102,1629562,4212,6612,712255,4461,10490,917307
2005,June,6,3,Broome,8718,17167,1635114,4225,6572,704113,4493,10595,931001
2005,May,5,3,Broome,8691,17147,1630784,4285,6674,720720,4406,10473,910064
2005,April,4,3,Broome,8711,17066,1614478,4323,6640,705969,4388,10426,908509
2005,March,3,3,Broome,8759,17189,1635773,4311,6619,701007,4448,10570,934766
2005,February,2,3,Broome,8621,16894,1588459,4333,6711,705207,4288,10183,883252
2005,January,1,3,Broome,8545,16800,1582150,4287,6664,693567,4258,10136,888583
2004,December,12,3,Broome,8517,16708,1586258,4292,6640,693545,4225,10068,892713
2004,November,11,3,Broome,8215,16170,1540824,4169,6508,684777,4046,9662,856047
2004,October,10,3,Broome,8103,16019,1540241,4071,6431,683326,4032,9588,856915
2004,September,9,3,Broome,7935,15814,1415883,3948,6282,629326,3987,9532,786557
2004,August,8,3,Broome,7752,15634,1400701,3793,6142,620018,3959,9492,780683
2004,July,7,3,Broome,7714,15552,1389041,3788,6182,627615,3926,9370,761426
2004,June,6,3,Broome,7518,15243,1357201,3673,6025,616274,3845,9218,740927
2004,May,5,3,Broome,7573,15297,1369559,3701,6078,622046,3872,9219,747513
2004,April,4,3,Broome,7476,15172,1351893,3677,6059,620849,3799,9113,731044
2004,March,3,3,Broome,7451,15174,1346911,3647,5984,613088,3804,9190,733823
2004,February,2,3,Broome,7391,15040,1326323,3614,5862,595934,3777,9178,730389
2004,January,1,3,Broome,7349,15059,1325526,3562,5790,586849,3787,9269,738677
2003,December,12,3,Broome,7225,14744,1302562,3552,5741,582541,3673,9003,720021
2003,November,11,3,Broome,6992,14263,1243851,3434,5557,556076,3558,8706,687775
2003,October,10,3,Broome,6975,14154,1256201,3382,5420,547955,3593,8734,708246
2003,September,9,3,Broome,6849,13896,1212286,3268,5261,518559,3581,8635,693727
2003,August,8,3,Broome,6872,13921,1218492,3270,5257,515060,3602,8664,703432
2003,July,7,3,Broome,6827,13764,1202572,3232,5141,506657,3595,8623,695915
2003,June,6,3,Broome,6840,13700,1190355,3268,5135,506900,3572,8565,683455
2003,May,5,3,Broome,6827,13729,1195771,3266,5154,508715,3561,8575,687056
2003,April,4,3,Broome,6772,13540,1174971,3241,5071,501474,3531,8469,673497
2003,March,3,3,Broome,6700,13495,1161411,3198,5025,495047,3502,8470,666364
2003,February,2,3,Broome,6612,13292,1135610,3161,4975,484993,3451,8317,650617
2003,January,1,3,Broome,6610,13371,1134115,3169,5003,490261,3441,8368,643854
2002,December,12,3,Broome,6565,13264,1123715,3153,4959,487650,3412,8305,636065
2002,November,11,3,Broome,6451,13012,1110444,3125,4944,486104,3326,8068,624340
2002,October,10,3,Broome,6499,13065,1116889,3186,5076,495081,3313,7989,621808
2002,September,9,3,Broome,6447,12924,1026545,3143,5010,455368,3304,7914,571177
2002,August,8,3,Broome,6392,12821,1022578,3156,5085,462052,3236,7736,560526
2002,July,7,3,Broome,6374,12804,1024677,3173,5052,460069,3201,7752,564608
2002,June,6,3,Broome,6295,12563,992514,3137,4954,448612,3158,7609,543902
2002,May,5,3,Broome,6242,12442,992460,3088,4903,444623,3154,7539,547837
2002,April,4,3,Broome,6157,12248,975368,3086,4913,446036,3071,7335,529332
2002,March,3,3,Broome,6146,12256,966719,3088,4898,442191,3058,7358,524528
2002,February,2,3,Broome,6013,11951,938075,3033,4786,429021,2980,7165,509054
2002,January,1,3,Broome,6000,11905,938534,3010,4694,420727,2990,7211,517807
2018,December,12,30,Oneida,19604,38637,4831624,7249,11638,1721008,12355,26999,3110616
2018,November,11,30,Oneida,19636,38772,4860245,7307,11786,1735045,12329,26986,3125200
2018,October,10,30,Oneida,19582,38696,4873631,7346,11810,1748621,12236,26886,3125010
2018,September,9,30,Oneida,19564,38645,4814235,7331,11856,1727915,12233,26789,3086320
2018,August,8,30,Oneida,19565,38690,4851034,7344,11921,1746225,12221,26769,3104809
2018,July,7,30,Oneida,19612,38711,4807864,7376,12058,1737301,12236,26653,3070563
2018,June,6,30,Oneida,19782,39089,4848683,7409,12121,1748083,12373,26968,3100600
2018,May,5,30,Oneida,19830,39216,4857131,7445,12178,1758380,12385,27038,3098751
2018,April,4,30,Oneida,19958,39476,4881297,7474,12272,1770460,12484,27204,3110837
2018,March,3,30,Oneida,20149,39896,4946815,7476,12290,1767388,12673,27606,3179427
2018,February,2,30,Oneida,20085,39822,4925796,7464,12303,1777560,12621,27519,3148236
2018,January,1,30,Oneida,20271,40334,4988786,7479,12427,1792270,12792,27907,3196516
2017,December,12,30,Oneida,20216,40281,4996014,7494,12447,1802924,12722,27834,3193090
2017,November,11,30,Oneida,20140,40148,4998854,7481,12464,1813054,12659,27684,3185800
2017,October,10,30,Oneida,20016,40063,4989227,7484,12518,1810845,12532,27545,3178382
2017,September,9,30,Oneida,19812,39698,4919966,7489,12594,1821858,12323,27104,3098108
2017,August,8,30,Oneida,19781,39584,4904134,7517,12624,1820859,12264,26960,3083275
2017,July,7,30,Oneida,19700,39612,4861877,7559,12833,1827932,12141,26779,3033945
2017,June,6,30,Oneida,19715,39494,4885916,7591,12877,1842519,12124,26617,3043397
2017,May,5,30,Oneida,19611,39257,4868630,7562,12828,1838122,12049,26429,3030508
2017,April,4,30,Oneida,19523,39119,4788808,7590,12819,1836523,11933,26300,2952285
2017,March,3,30,Oneida,19640,39267,4815752,7691,13046,1866599,11949,26221,2949153
2017,February,2,30,Oneida,19691,39484,4833486,7666,13069,1862742,12025,26415,2970744
2017,January,1,30,Oneida,19731,39521,4829490,7650,12981,1854827,12081,26540,2974663
2016,December,12,30,Oneida,19758,39640,4861433,7656,12977,1848099,12102,26663,3013334
2016,November,11,30,Oneida,19720,39452,4891977,7711,13116,1886376,12009,26336,3005601
2016,October,10,30,Oneida,19644,39312,4862309,7742,13242,1895198,11902,26070,2967111
2016,September,9,30,Oneida,19710,39403,4918689,7796,13304,1913179,11914,26099,3005510
2016,August,8,30,Oneida,19639,39171,4902184,7859,13383,1927044,11780,25788,2975140
2016,July,7,30,Oneida,19652,39285,4908648,7872,13486,1931711,11780,25799,2976937
2016,June,6,30,Oneida,19774,39606,4946863,7910,13594,1949252,11864,26012,2997611
2016,May,5,30,Oneida,20029,39998,4999841,7894,13551,1931270,12135,26447,3068571
2016,April,4,30,Oneida,20005,40051,4998566,7886,13565,1935218,12119,26486,3063348
2016,March,3,30,Oneida,20198,40529,5092849,7896,13622,1950571,12302,26907,3142278
2016,February,2,30,Oneida,20087,40437,5042557,7904,13741,1963508,12183,26696,3079049
2016,January,1,30,Oneida,20117,40563,5061005,7918,13812,1980300,12199,26751,3080705
2015,December,12,30,Oneida,20161,40675,5101299,7972,13938,1993993,12189,26737,3107306
2015,November,11,30,Oneida,20123,40764,5107787,7988,14015,2007993,12135,26749,3099794
2015,October,10,30,Oneida,20208,40879,5133710,8008,14071,2018247,12200,26808,3115463
2015,September,9,30,Oneida,20328,41205,5189090,8049,14239,2037676,12279,26966,3151414
2015,August,8,30,Oneida,20342,41239,5213587,8098,14433,2073201,12244,26806,3140386
2015,July,7,30,Oneida,20500,41511,5241673,8133,14468,2068697,12367,27043,3172976
2015,June,6,30,Oneida,20416,41339,5255591,8146,14605,2090929,12270,26734,3164662
2015,May,5,30,Oneida,20337,41239,5248890,8195,14714,2110627,12142,26525,3138263
2015,April,4,30,Oneida,20361,41133,5220646,8164,14672,2101746,12197,26461,3118900
2015,March,3,30,Oneida,20435,41286,5256260,8161,14719,2105041,12274,26567,3151219
2015,February,2,30,Oneida,20319,41106,5196940,8142,14735,2102123,12177,26371,3094817
2015,January,1,30,Oneida,20590,41719,5312058,8209,14823,2118248,12381,26896,3193810
2014,December,12,30,Oneida,20572,41516,5352015,7340,12494,1863877,13232,29022,3488138
2014,November,11,30,Oneida,20437,41270,5302896,7357,12580,1874086,13080,28690,3428810
2014,October,10,30,Oneida,20582,41610,5382599,7371,12627,1882920,13211,28983,3499679
2014,September,9,30,Oneida,20502,41484,5152394,7324,12497,1794935,13178,28987,3357459
2014,August,8,30,Oneida,20574,41586,5171967,7346,12481,1802905,13228,29105,3369062
2014,July,7,30,Oneida,20621,41750,5194890,7367,12549,1815915,13254,29201,3378975
2014,June,6,30,Oneida,20647,41899,5220652,7334,12500,1810827,13313,29399,3409825
2014,May,5,30,Oneida,20646,41931,5202908,7367,12572,1832172,13279,29359,3370736
2014,April,4,30,Oneida,20672,42002,5193171,7385,12544,1826125,13287,29458,3367046
2014,March,3,30,Oneida,20757,42232,5224400,7402,12615,1836618,13355,29617,3387782
2014,February,2,30,Oneida,20601,42047,5193594,7375,12552,1826778,13226,29495,3366816
2014,January,1,30,Oneida,20596,41974,5193085,7353,12505,1824067,13243,29469,3369018
2013,December,12,30,Oneida,20355,41412,5119198,7308,12435,1818777,13047,28977,3300421
2013,November,11,30,Oneida,20989,42091,5894419,7587,12749,2122369,13402,29342,3772050
2013,October,10,30,Oneida,20489,41719,5540072,7333,12447,1946425,13156,29272,3593647
2013,September,9,30,Oneida,20418,41567,5437755,7318,12526,1918065,13100,29041,3519690
2013,August,8,30,Oneida,20431,41577,5455632,7181,12121,1875890,13250,29456,3579742
2013,July,7,30,Oneida,20422,41666,5455528,7155,12055,1860283,13267,29611,3595245
2013,June,6,30,Oneida,20383,41625,5453482,7147,12028,1864644,13236,29597,3588838
2013,May,5,30,Oneida,20425,41705,5467866,7115,11934,1845527,13310,29771,3622339
2013,April,4,30,Oneida,20262,41524,5413926,7090,11839,1829633,13172,29685,3584293
2013,March,3,30,Oneida,20298,41555,5433622,7049,11758,1819723,13249,29797,3613899
2013,February,2,30,Oneida,20089,41271,5390737,7036,11821,1818612,13053,29450,3572125
2013,January,1,30,Oneida,20186,41362,5414242,6994,11669,1794368,13192,29693,3619874
2012,December,12,30,Oneida,19968,40949,5371249,7039,11691,1807128,12929,29258,3564121
2012,November,11,30,Oneida,19916,40918,5378978,7002,11630,1811063,12914,29288,3567915
2012,October,10,30,Oneida,19861,40763,5372214,6979,11587,1808237,12882,29176,3563977
2012,September,9,30,Oneida,19813,40688,5371127,6863,11311,1764426,12950,29377,3606701
2012,August,8,30,Oneida,19727,40472,5348178,6837,11222,1751220,12890,29250,3596958
2012,July,7,30,Oneida,19604,40259,5295738,6817,11183,1736387,12787,29076,3559351
2012,June,6,30,Oneida,19631,40409,5322962,6794,11157,1744649,12837,29252,3578313
2012,May,5,30,Oneida,19548,40205,5305126,6798,11160,1755686,12750,29045,3549440
2012,April,4,30,Oneida,19531,40179,5297623,6799,11191,1760062,12732,28988,3537561
2012,March,3,30,Oneida,19694,40547,5505385,6836,11303,1833960,12858,29244,3671425
2012,February,2,30,Oneida,19402,40143,5278412,6809,11229,1765832,12593,28914,3512580
2012,January,1,30,Oneida,19381,40109,5265675,6760,11123,1741121,12621,28986,3524554
2011,December,12,30,Oneida,19367,40180,5374266,6656,10971,1738937,12711,29209,3635329
2011,November,11,30,Oneida,19116,39702,5315886,6624,10787,1715475,12492,28915,3600411
2011,October,10,30,Oneida,18947,39415,5315146,6522,10630,1684649,12425,28785,3630497
2011,September,9,30,Oneida,18789,39127,5222532,6329,10187,1603594,12460,28940,3618938
2011,August,8,30,Oneida,18757,39077,5252261,6284,10105,1588232,12473,28972,3664029
2011,July,7,30,Oneida,18580,38708,5179075,6200,9907,1549561,12380,28801,3629514
2011,June,6,30,Oneida,18472,38445,5140972,6172,9805,1532638,12300,28640,3608334
2011,May,5,30,Oneida,18297,38146,5116092,6116,9690,1510039,12181,28456,3606053
2011,April,4,30,Oneida,18192,37967,5116985,6070,9578,1501407,12122,28389,3615578
2011,March,3,30,Oneida,18055,37745,5175110,5958,9374,1497339,12097,28371,3677771
2011,February,2,30,Oneida,17804,37158,5082769,5870,9160,1467948,11934,27998,3614821
2011,January,1,30,Oneida,17745,37128,5068183,5809,9023,1441823,11936,28105,3626360
2010,December,12,30,Oneida,17620,36949,5065021,5755,8897,1425059,11865,28052,3639962
2010,November,11,30,Oneida,17383,36426,4969098,5742,8858,1423976,11641,27568,3545122
2010,October,10,30,Oneida,17366,36443,4995607,5735,8871,1430890,11631,27572,3564717
2010,September,9,30,Oneida,17234,36161,4954313,5727,8823,1423028,11507,27338,3531285
2010,August,8,30,Oneida,17106,35903,4923487,5700,8811,1410269,11406,27092,3513218
2010,July,7,30,Oneida,17122,35846,4900783,5695,8831,1409903,11427,27015,3490880
2010,June,6,30,Oneida,17122,35836,4900801,5662,8741,1409953,11460,27095,3490848
2010,May,5,30,Oneida,16997,35574,4884077,5707,8906,1438816,11290,26668,3445261
2010,April,4,30,Oneida,17043,35660,4917725,5696,8906,1437901,11347,26754,3479824
2010,March,3,30,Oneida,16883,35295,4901841,5686,8805,1425390,11197,26490,3476451
2010,February,2,30,Oneida,16592,34649,4783796,5662,8745,1412338,10930,25904,3371458
2010,January,1,30,Oneida,16630,34788,4849051,5658,8785,1422300,10972,26003,3426751
2009,December,12,30,Oneida,16475,34545,4754298,5569,8562,1386917,10906,25983,3367381
2009,November,11,30,Oneida,16135,33802,4651696,5566,8498,1377994,10569,25304,3273702
2009,October,10,30,Oneida,16027,33468,4639575,5494,8344,1365139,10533,25124,3274436
2009,September,9,30,Oneida,15763,32837,4547864,5406,8210,1331422,10357,24627,3216442
2009,August,8,30,Oneida,15505,32272,4475445,5379,8177,1327175,10126,24095,3148270
2009,July,7,30,Oneida,15347,31879,4454521,5355,8153,1322839,9992,23726,3131682
2009,June,6,30,Oneida,15075,31230,4383828,5334,8098,1317520,9741,23132,3066308
2009,May,5,30,Oneida,14929,30945,4372824,5331,8128,1324165,9598,22817,3048659
2009,April,4,30,Oneida,14629,30308,4275090,5283,8104,1310039,9346,22204,2965051
2009,March,3,30,Oneida,14467,30003,3701018,5251,8065,1143793,9216,21938,2557225
2009,February,2,30,Oneida,14117,29187,3581756,5230,8048,1132785,8887,21139,2448971
2009,January,1,30,Oneida,13999,28955,3311928,5227,8019,1031467,8772,20936,2280461
2008,December,12,30,Oneida,13744,28435,3309986,5172,7910,1037153,8572,20525,2272833
2008,November,11,30,Oneida,13460,27927,3230595,5140,7885,1027092,8320,20042,2203503
2008,October,10,30,Oneida,13476,27922,3241018,5149,7883,1027068,8327,20039,2213950
2008,September,9,30,Oneida,13260,27410,2677885,5079,7707,830731,8181,19703,1847154
2008,August,8,30,Oneida,13208,27252,2661242,5085,7722,835839,8123,19530,1825403
2008,July,7,30,Oneida,13167,27194,2679381,5071,7690,826745,8096,19504,1852636
2008,June,6,30,Oneida,13063,26941,2643165,5050,7587,811470,8013,19354,1831695
2008,May,5,30,Oneida,12971,26800,2649035,5093,7702,825019,7878,19098,1824016
2008,April,4,30,Oneida,12842,26512,2627842,5077,7678,831139,7765,18834,1796703
2008,March,3,30,Oneida,12735,26337,2603581,5065,7707,831456,7670,18630,1772125
2008,February,2,30,Oneida,12530,25937,2574445,5053,7685,840216,7477,18252,1734229
2008,January,1,30,Oneida,12534,25929,2572777,5063,7675,832753,7471,18254,1740024
2007,December,12,30,Oneida,12349,25570,2562501,5054,7703,848979,7295,17867,1713522
2007,November,11,30,Oneida,12246,25402,2537219,5002,7544,834796,7244,17858,1702423
2007,October,10,30,Oneida,12228,25258,2523437,4953,7421,811837,7275,17837,1711600
2007,September,9,30,Oneida,12255,25269,2387827,4944,7336,757210,7311,17933,1630617
2007,August,8,30,Oneida,12235,25230,2371646,4937,7338,759112,7298,17892,1612534
2007,July,7,30,Oneida,12254,25296,2367522,4964,7379,757104,7290,17917,1610418
2007,June,6,30,Oneida,12295,25424,2373491,4960,7391,756218,7335,18033,1617273
2007,May,5,30,Oneida,12273,25297,2365860,4955,7399,757315,7318,17898,1608545
2007,April,4,30,Oneida,12169,25130,2350766,4976,7459,768349,7193,17671,1582417
2007,March,3,30,Oneida,12309,25419,2396657,5003,7485,776305,7306,17934,1620352
2007,February,2,30,Oneida,11997,24863,2316925,4958,7374,762582,7039,17489,1554343
2007,January,1,30,Oneida,12242,25319,2382344,4940,7281,759157,7302,18038,1623187
2006,December,12,30,Oneida,12301,25369,2413672,5009,7351,777634,7292,18018,1636038
2006,November,11,30,Oneida,12147,25031,2392310,4959,7321,780401,7188,17710,1611909
2006,October,10,30,Oneida,12175,25043,2381419,4970,7346,766005,7205,17697,1615414
2006,September,9,30,Oneida,12137,25013,2303914,4961,7354,747376,7176,17659,1556538
2006,August,8,30,Oneida,12164,24973,2285505,5009,7426,747250,7155,17547,1538255
2006,July,7,30,Oneida,12170,25059,2279104,5051,7546,761029,7119,17513,1518075
2006,June,6,30,Oneida,12253,25216,2300852,5087,7622,770864,7166,17594,1529988
2006,May,5,30,Oneida,12287,25234,2320226,5087,7592,775396,7200,17642,1544830
2006,April,4,30,Oneida,12204,25170,2312455,4998,7460,760942,7206,17710,1551513
2006,March,3,30,Oneida,12312,25379,2347388,4999,7466,759441,7313,17913,1587947
2006,February,2,30,Oneida,12152,25274,2309871,4961,7405,751264,7191,17869,1558607
2006,January,1,30,Oneida,12159,25304,2268059,4979,7434,742308,7180,17870,1525751
2005,December,12,30,Oneida,12209,25444,2337626,5012,7527,773198,7197,17917,1564428
2005,November,11,30,Oneida,12083,25252,2308344,5006,7484,756778,7077,17768,1551566
2005,October,10,30,Oneida,12039,25150,2305753,5033,7579,767044,7006,17571,1538709
2005,September,9,30,Oneida,12007,25099,2240876,4953,7438,732150,7054,17661,1508726
2005,August,8,30,Oneida,11959,25003,2234434,4932,7455,735979,7027,17548,1498455
2005,July,7,30,Oneida,11917,24988,2222622,4889,7425,730643,7028,17563,1491979
2005,June,6,30,Oneida,11888,24887,2199678,4900,7418,722154,6988,17469,1477524
2005,May,5,30,Oneida,11889,24937,2209757,4948,7497,724665,6941,17440,1485092
2005,April,4,30,Oneida,12001,25064,2212292,5019,7630,737630,6982,17434,1474662
2005,March,3,30,Oneida,12000,25071,2227348,5041,7653,741260,6959,17418,1486088
2005,February,2,30,Oneida,11871,24799,2178892,5072,7706,735194,6799,17093,1443698
2005,January,1,30,Oneida,11908,24968,2198981,5082,7700,731938,6826,17268,1467043
2004,December,12,30,Oneida,11767,24654,2197445,5048,7638,731737,6719,17016,1465708
2004,November,11,30,Oneida,11519,24177,2157735,4921,7465,727541,6598,16712,1430194
2004,October,10,30,Oneida,11371,24055,2158240,4830,7412,731062,6541,16643,1427178
2004,September,9,30,Oneida,11147,23689,1974371,4650,7185,665560,6497,16504,1308811
2004,August,8,30,Oneida,10974,23509,1966477,4486,7009,659597,6488,16500,1306880
2004,July,7,30,Oneida,10958,23472,1960434,4421,6895,649841,6537,16577,1310593
2004,June,6,30,Oneida,10826,23384,1957974,4289,6670,638286,6537,16714,1319688
2004,May,5,30,Oneida,10864,23375,1964613,4287,6651,638836,6577,16724,1325777
2004,April,4,30,Oneida,10852,23369,1961756,4271,6604,631416,6581,16765,1330340
2004,March,3,30,Oneida,10828,23331,1977569,4212,6504,621812,6616,16827,1355757
2004,February,2,30,Oneida,10706,23085,1949276,4177,6463,620201,6529,16622,1329075
2004,January,1,30,Oneida,10728,23182,1950631,4151,6400,613018,6577,16782,1337613
2003,December,12,30,Oneida,10623,23008,1951012,4106,6316,604458,6517,16692,1346554
2003,November,11,30,Oneida,10463,22562,1908476,4080,6258,590373,6383,16304,1318103
2003,October,10,30,Oneida,10443,22530,1920916,4083,6230,602774,6360,16300,1318142
2003,September,9,30,Oneida,10372,22315,1875369,4055,6150,586990,6317,16165,1288379
2003,August,8,30,Oneida,10235,22068,1844674,4037,6145,582424,6198,15923,1262250
2003,July,7,30,Oneida,10275,22144,1851383,4057,6104,584100,6218,16040,1267283
2003,June,6,30,Oneida,10217,22034,1839020,4025,6040,573707,6192,15994,1265313
2003,May,5,30,Oneida,10157,21912,1823977,4007,6024,569837,6150,15888,1254140
2003,April,4,30,Oneida,10170,21959,1835029,4013,6004,569056,6157,15955,1265973
2003,March,3,30,Oneida,10135,21776,1811696,3987,5963,567377,6148,15813,1244319
2003,February,2,30,Oneida,10020,21523,1794185,3963,5942,565140,6057,15581,1229045
2003,January,1,30,Oneida,10014,21527,1789970,3954,5923,558976,6060,15604,1230994
2002,December,12,30,Oneida,9853,21136,1768810,3951,5895,563215,5902,15241,1205595
2002,November,11,30,Oneida,9734,20777,1739812,3960,5926,561373,5774,14851,1178439
2002,October,10,30,Oneida,9683,20566,1729503,3946,5956,563872,5737,14610,1165631
2002,September,9,30,Oneida,9499,20261,1577413,3900,5909,514686,5599,14352,1062727
2002,August,8,30,Oneida,9558,20309,1584535,3902,5909,513109,5656,14400,1071426
2002,July,7,30,Oneida,9497,20256,1566325,3888,5917,510370,5609,14339,1055955
2002,June,6,30,Oneida,9517,20304,1567066,3906,5971,512601,5611,14333,1054465
2002,May,5,30,Oneida,9474,20266,1576053,3890,6013,515193,5584,14253,1060860
2002,April,4,30,Oneida,9518,20370,1596076,3873,5980,515556,5645,14390,1080520
2002,March,3,30,Oneida,9560,20461,1627235,3890,6038,523418,5670,14423,1103817
2002,February,2,30,Oneida,9398,20143,1590117,3869,5996,519952,5529,14147,1070165
2002,January,1,30,Oneida,9406,20160,1605540,3879,5994,524557,5527,14166,1080983
2018,December,12,31,Onondaga,35182,66466,8372754,12527,20276,2968567,22655,46190,5404187
2018,November,11,31,Onondaga,35266,66819,8413333,12544,20330,2984779,22722,46489,5428554
2018,October,10,31,Onondaga,35416,67259,8483508,12690,20577,3016802,22726,46682,5466706
2018,September,9,31,Onondaga,35204,66976,8358845,12648,20571,2994406,22556,46405,5364439
2018,August,8,31,Onondaga,35282,67192,8402018,12678,20630,3000086,22604,46562,5401932
2018,July,7,31,Onondaga,35380,67479,8386564,12758,20761,2996331,22622,46718,5390233
2018,June,6,31,Onondaga,35611,67749,8387301,12777,20858,2998063,22834,46891,5389238
2018,May,5,31,Onondaga,35861,68127,8488475,12883,21049,3032558,22978,47078,5455917
2018,April,4,31,Onondaga,35880,68063,8459025,12904,21073,3038153,22976,46990,5420872
2018,March,3,31,Onondaga,36326,69024,8589533,12981,21271,3072351,23345,47753,5517182
2018,February,2,31,Onondaga,36143,68959,8585080,12865,21215,3050871,23278,47744,5534209
2018,January,1,31,Onondaga,36269,69088,8620370,12996,21369,3083203,23273,47719,5537167
2017,December,12,31,Onondaga,36307,69352,8670574,12994,21511,3108756,23313,47841,5561818
2017,November,11,31,Onondaga,36336,69496,8739707,12989,21593,3127511,23347,47903,5612196
2017,October,10,31,Onondaga,36497,69976,8766046,13152,21892,3152416,23345,48084,5613630
2017,September,9,31,Onondaga,36397,69848,8781917,13180,22061,3179345,23217,47787,5602572
2017,August,8,31,Onondaga,36453,69926,8819127,13194,22116,3178738,23259,47810,5640389
2017,July,7,31,Onondaga,36543,70222,8825486,13194,22132,3173527,23349,48090,5651959
2017,June,6,31,Onondaga,36731,70515,8875316,13295,22309,3204824,23436,48206,5670492
2017,May,5,31,Onondaga,36850,70697,8867223,13324,22291,3198476,23526,48406,5668747
2017,April,4,31,Onondaga,36879,70740,8804988,13400,22535,3202900,23479,48205,5602088
2017,March,3,31,Onondaga,37277,71631,8933039,13575,22791,3246454,23702,48840,5686585
2017,February,2,31,Onondaga,37147,71510,8864412,13565,22881,3245723,23582,48629,5618689
2017,January,1,31,Onondaga,37319,71864,8894481,13544,22939,3251970,23775,48925,5642511
2016,December,12,31,Onondaga,37534,72371,8997500,13589,23134,3297853,23945,49237,5699647
2016,November,11,31,Onondaga,37196,71616,8940448,13483,22910,3276304,23713,48706,5664144
2016,October,10,31,Onondaga,37323,71917,9019177,13574,23104,3299129,23749,48813,5720048
2016,September,9,31,Onondaga,37290,71715,9036248,13487,22837,3271398,23803,48878,5764850
2016,August,8,31,Onondaga,37263,71564,9065343,13510,22809,3268066,23753,48755,5797277
2016,July,7,31,Onondaga,37185,71232,8996326,13487,22758,3239998,23698,48474,5756328
2016,June,6,31,Onondaga,37378,71398,9046515,13467,22521,3221343,23911,48877,5825172
2016,May,5,31,Onondaga,37667,71812,9136511,13430,22505,3224576,24237,49307,5911935
2016,April,4,31,Onondaga,38333,72630,9274847,13438,22542,3219822,24895,50088,6055025
2016,March,3,31,Onondaga,38435,72865,9346097,13408,22493,3220717,25027,50372,6125380
2016,February,2,31,Onondaga,38401,72867,9355838,13310,22327,3205170,25091,50540,6150668
2016,January,1,31,Onondaga,38468,73126,9377704,13375,22455,3217026,25093,50671,6160678
2015,December,12,31,Onondaga,38599,73616,9470218,13407,22531,3239626,25192,51085,6230592
2015,November,11,31,Onondaga,38349,73222,9432753,13294,22501,3226927,25055,50721,6205826
2015,October,10,31,Onondaga,38679,73795,9562676,13398,22759,3261627,25281,51036,6301049
2015,September,9,31,Onondaga,38571,73607,9590579,13294,22647,3264709,25277,50960,6325870
2015,August,8,31,Onondaga,38562,73637,9599581,13332,22711,3270410,25230,50926,6329171
2015,July,7,31,Onondaga,38731,74090,9536294,13409,22895,3269776,25322,51195,6266518
2015,June,6,31,Onondaga,38618,73845,9473573,13398,22853,3258207,25220,50992,6215366
2015,May,5,31,Onondaga,38848,74400,9580553,13492,23103,3301714,25356,51297,6278839
2015,April,4,31,Onondaga,38829,74349,9541564,13496,23200,3311488,25333,51149,6230076
2015,March,3,31,Onondaga,38965,74834,9637585,13459,23197,3313137,25506,51637,6324448
2015,February,2,31,Onondaga,38737,74498,9634271,13334,23005,3300074,25403,51493,6334197
2015,January,1,31,Onondaga,38795,74559,9638569,13423,23143,3319192,25372,51416,6319377
2014,December,12,31,Onondaga,38709,74266,9677580,12020,19440,2935708,26689,54826,6741872
2014,November,11,31,Onondaga,38563,74277,9727114,12019,19395,2939675,26544,54882,6787439
2014,October,10,31,Onondaga,38650,74442,9788520,11998,19382,2946883,26652,55060,6841637
2014,September,9,31,Onondaga,38440,74160,9351328,11939,19267,2822164,26501,54893,6529164
2014,August,8,31,Onondaga,38564,74515,9465001,11966,19228,2829983,26598,55287,6635018
2014,July,7,31,Onondaga,38580,74540,9494087,11937,19185,2834872,26643,55355,6659215
2014,June,6,31,Onondaga,38603,74732,9482969,11907,19148,2824603,26696,55584,6658366
2014,May,5,31,Onondaga,38552,74599,9452113,11883,19042,2812043,26669,55557,6640070
2014,April,4,31,Onondaga,38217,74005,9364702,11752,18701,2768942,26465,55304,6595760
2014,March,3,31,Onondaga,38240,74310,9409059,11798,18851,2788487,26442,55459,6620572
2014,February,2,31,Onondaga,37967,73963,9337626,11669,18579,2751090,26298,55384,6586536
2014,January,1,31,Onondaga,37906,73760,9270426,11682,18687,2763630,26224,55073,6506796
2013,December,12,31,Onondaga,37880,73796,9303309,11732,18750,2796210,26148,55046,6507099
2013,November,11,31,Onondaga,39731,75862,11276102,12559,19675,3496213,27172,56187,7779889
2013,October,10,31,Onondaga,38039,74339,10064454,11908,19056,3019908,26131,55283,7044546
2013,September,9,31,Onondaga,37814,74081,9899831,11908,19071,2982592,25906,55010,6917239
2013,August,8,31,Onondaga,38016,74866,10001229,11841,18969,2972410,26175,55897,7028819
2013,July,7,31,Onondaga,37953,74671,9969503,11830,18874,2961052,26123,55797,7008451
2013,June,6,31,Onondaga,37873,74440,9909094,11810,18770,2939592,26063,55670,6969502
2013,May,5,31,Onondaga,37994,74696,9953497,11892,18898,2963186,26102,55798,6990311
2013,April,4,31,Onondaga,37703,74201,9849140,11903,18988,2965820,25800,55213,6883320
2013,March,3,31,Onondaga,38014,74936,9949747,11917,19052,2977508,26097,55884,6972239
2013,February,2,31,Onondaga,37520,74046,9807445,11908,19041,2970228,25612,55005,6837217
2013,January,1,31,Onondaga,37552,74103,9824826,11949,19147,2984151,25603,54956,6840675
2012,December,12,31,Onondaga,37232,73519,9786342,11879,19046,2985248,25353,54473,6801094
2012,November,11,31,Onondaga,37022,73249,9779581,11809,18862,2964012,25213,54387,6815569
2012,October,10,31,Onondaga,36965,73161,9825094,11739,18712,2953533,25226,54449,6871561
2012,September,9,31,Onondaga,36617,72561,9744104,11669,18555,2933028,24948,54006,6811076
2012,August,8,31,Onondaga,36443,72353,9712349,11652,18460,2920618,24791,53893,6791731
2012,July,7,31,Onondaga,36387,72116,9630481,11695,18400,2915187,24692,53716,6715294
2012,June,6,31,Onondaga,36499,72423,9658226,11725,18311,2917619,24774,54112,6740607
2012,May,5,31,Onondaga,36370,72072,9640077,11680,18228,2912150,24690,53844,6727927
2012,April,4,31,Onondaga,36045,71446,9513596,11716,18292,2907329,24329,53154,6606267
2012,March,3,31,Onondaga,36236,71728,9676378,11787,18383,2974170,24449,53345,6702208
2012,February,2,31,Onondaga,35932,71366,9508636,11689,18192,2891683,24243,53174,6616953
2012,January,1,31,Onondaga,35712,71138,9450501,11650,18192,2894804,24062,52946,6555697
2011,December,12,31,Onondaga,35706,71306,9596531,11607,18104,2918363,24099,53202,6678168
2011,November,11,31,Onondaga,35220,70618,9504001,11483,17891,2874170,23737,52727,6629831
2011,October,10,31,Onondaga,35037,70289,9481450,11563,18037,2904478,23474,52252,6576972
2011,September,9,31,Onondaga,34743,69876,9361700,11434,17829,2853780,23309,52047,6507920
2011,August,8,31,Onondaga,34461,69604,9322233,11370,17674,2819534,23091,51930,6502699
2011,July,7,31,Onondaga,34159,69099,9253970,11354,17736,2846581,22805,51363,6407389
2011,June,6,31,Onondaga,33885,68572,9152874,11343,17740,2834727,22542,50832,6318147
2011,May,5,31,Onondaga,33571,67949,9096377,11176,17383,2786360,22395,50566,6310017
2011,April,4,31,Onondaga,33268,67515,9002773,11173,17426,2785424,22095,50089,6217349
2011,March,3,31,Onondaga,33157,67502,9182206,11113,17328,2815804,22044,50174,6366402
2011,February,2,31,Onondaga,32655,66736,9073918,11069,17303,2815412,21586,49433,6258506
2011,January,1,31,Onondaga,32485,66438,9000306,10993,17165,2786066,21492,49273,6214240
2010,December,12,31,Onondaga,32371,66448,9029532,10824,16873,2738466,21547,49575,6291066
2010,November,11,31,Onondaga,31688,65157,8875622,10625,16557,2689366,21063,48600,6186256
2010,October,10,31,Onondaga,31551,64827,8890472,10678,16636,2706146,20873,48191,6184326
2010,September,9,31,Onondaga,31357,64638,8860991,10434,16253,2638769,20923,48385,6222222
2010,August,8,31,Onondaga,30953,63760,8733015,10484,16200,2635558,20469,47560,6097457
2010,July,7,31,Onondaga,30860,63684,8736428,10413,16056,2615276,20447,47628,6121152
2010,June,6,31,Onondaga,30569,62980,8626857,10404,15976,2625150,20165,47004,6001707
2010,May,5,31,Onondaga,30287,62652,8559699,10338,15878,2609812,19949,46774,5949887
2010,April,4,31,Onondaga,29940,61891,8442659,10300,15851,2596457,19640,46040,5846202
2010,March,3,31,Onondaga,29726,61402,8408682,10254,15805,2590592,19472,45597,5818090
2010,February,2,31,Onondaga,29236,60583,8319587,10238,15790,2600748,18998,44793,5718839
2010,January,1,31,Onondaga,28987,60084,8322942,10228,15767,2585875,18759,44317,5737067
2009,December,12,31,Onondaga,28555,59288,8137193,10043,15497,2550445,18512,43791,5586748
2009,November,11,31,Onondaga,27888,58030,7976940,10009,15310,2528491,17879,42720,5448449
2009,October,10,31,Onondaga,27687,57708,7989080,9939,15143,2507221,17748,42565,5481859
2009,September,9,31,Onondaga,27153,56593,7861062,9766,14932,2461567,17387,41661,5399495
2009,August,8,31,Onondaga,26643,55535,7743821,9600,14592,2400105,17043,40943,5343716
2009,July,7,31,Onondaga,26237,54743,7670465,9524,14409,2388566,16713,40334,5281899
2009,June,6,31,Onondaga,25811,53857,7572652,9416,14150,2352248,16395,39707,5220404
2009,May,5,31,Onondaga,25320,52741,7465133,9318,13908,2315826,16002,38833,5149307
2009,April,4,31,Onondaga,24753,51665,7347042,9212,13720,2283270,15541,37945,5063772
2009,March,3,31,Onondaga,24102,50451,6217700,9045,13479,1958498,15057,36972,4259202
2009,February,2,31,Onondaga,23412,49172,6050117,8913,13279,1927339,14499,35893,4122778
2009,January,1,31,Onondaga,23039,48486,5602137,8776,13087,1742847,14263,35399,3859290
2008,December,12,31,Onondaga,22486,47558,5579733,8586,12826,1715840,13900,34732,3863893
2008,November,11,31,Onondaga,22066,46667,5496194,8567,12694,1704050,13499,33973,3792144
2008,October,10,31,Onondaga,21922,46284,5475840,8530,12572,1675572,13392,33712,3800268
2008,September,9,31,Onondaga,21422,45228,4547057,8381,12241,1346850,13041,32987,3200207
2008,August,8,31,Onondaga,21203,44902,4507513,8329,12168,1329670,12874,32734,3177843
2008,July,7,31,Onondaga,21046,44602,4478644,8252,11977,1308140,12794,32625,3170504
2008,June,6,31,Onondaga,20849,44109,4428592,8209,11914,1304524,12640,32195,3124068
2008,May,5,31,Onondaga,20713,43854,4399047,8208,11939,1306424,12505,31915,3092623
2008,April,4,31,Onondaga,20500,43426,4339721,8194,11868,1294024,12306,31558,3045697
2008,March,3,31,Onondaga,20399,43221,4318651,8214,11866,1294981,12185,31355,3023670
2008,February,2,31,Onondaga,20070,42438,4217324,8158,11775,1274368,11912,30663,2942956
2008,January,1,31,Onondaga,19945,42272,4219913,8111,11712,1265924,11834,30560,2953989
2007,December,12,31,Onondaga,19658,41665,4220278,8074,11691,1279959,11584,29974,2940319
2007,November,11,31,Onondaga,19524,41378,4224376,8052,11738,1292637,11472,29640,2931739
2007,October,10,31,Onondaga,19474,41176,4239891,8082,11744,1293708,11392,29432,2946183
2007,September,9,31,Onondaga,19333,40896,3960391,7983,11571,1202697,11350,29325,2757694
2007,August,8,31,Onondaga,19423,40960,3965809,7996,11579,1194147,11427,29381,2771662
2007,July,7,31,Onondaga,19418,40972,3959813,8050,11644,1204622,11368,29328,2755191
2007,June,6,31,Onondaga,19512,41271,3982351,8088,11781,1217125,11424,29490,2765226
2007,May,5,31,Onondaga,19503,41052,3971221,8147,11887,1233411,11356,29165,2737810
2007,April,4,31,Onondaga,19433,40984,3958710,8147,11962,1241329,11286,29022,2717381
2007,March,3,31,Onondaga,19534,41233,4002907,8264,12218,1277830,11270,29015,2725077
2007,February,2,31,Onondaga,19325,41010,3948435,8179,12161,1259902,11146,28849,2688533
2007,January,1,31,Onondaga,19478,41388,4010553,8202,12196,1281430,11276,29192,2729123
2006,December,12,31,Onondaga,19488,41432,4067244,8177,12148,1294521,11311,29284,2772723
2006,November,11,31,Onondaga,19342,41180,4057559,8117,12169,1316830,11225,29011,2740729
2006,October,10,31,Onondaga,19429,41361,4071776,8178,12280,1296565,11251,29081,2775211
2006,September,9,31,Onondaga,19487,41467,3956836,8143,12363,1273501,11344,29104,2683335
2006,August,8,31,Onondaga,19612,41775,3997711,8222,12411,1273762,11390,29364,2723949
2006,July,7,31,Onondaga,19522,41565,3959399,8328,12659,1300444,11194,28906,2658955
2006,June,6,31,Onondaga,19579,41754,3995117,8278,12552,1294922,11301,29202,2700195
2006,May,5,31,Onondaga,19402,41449,3945492,8279,12687,1290962,11123,28762,2654530
2006,April,4,31,Onondaga,19372,41448,3938616,8355,12857,1318401,11017,28591,2620215
2006,March,3,31,Onondaga,19459,41605,3966897,8460,13208,1354411,10999,28397,2612486
2006,February,2,31,Onondaga,19211,41250,3925770,8353,13102,1347340,10858,28148,2578430
2006,January,1,31,Onondaga,19250,41379,3879166,8383,13207,1330273,10867,28172,2548893
2005,December,12,31,Onondaga,19245,41426,3955866,8420,13231,1368414,10825,28195,2587452
2005,November,11,31,Onondaga,19168,41157,3941644,8387,13107,1361233,10781,28050,2580411
2005,October,10,31,Onondaga,19165,41293,3971689,8432,13378,1382805,10733,27915,2588884
2005,September,9,31,Onondaga,19166,41223,3856948,8321,13185,1322269,10845,28038,2534679
2005,August,8,31,Onondaga,19125,41188,3857270,8323,13199,1321275,10802,27989,2535995
2005,July,7,31,Onondaga,19182,41279,3878050,8401,13360,1343130,10781,27919,2534920
2005,June,6,31,Onondaga,19251,41257,3853049,8536,13534,1354809,10715,27723,2498240
2005,May,5,31,Onondaga,19330,41206,3853314,8716,13847,1377923,10614,27359,2475391
2005,April,4,31,Onondaga,19611,41680,3870031,9047,14251,1406921,10564,27429,2463110
2005,March,3,31,Onondaga,19639,41711,3867079,9107,14380,1410375,10532,27331,2456704
2005,February,2,31,Onondaga,19686,41653,3860913,9266,14632,1432089,10420,27021,2428824
2005,January,1,31,Onondaga,19744,41828,3878889,9323,14810,1451001,10421,27018,2427888
2004,December,12,31,Onondaga,19693,41685,3903121,9414,14945,1468798,10279,26740,2434323
2004,November,11,31,Onondaga,19191,41040,3859230,9119,14739,1463998,10072,26301,2395232
2004,October,10,31,Onondaga,18829,40600,3852412,8882,14645,1477166,9947,25955,2375246
2004,September,9,31,Onondaga,18436,40111,3557562,8535,14292,1360576,9901,25819,2196986
2004,August,8,31,Onondaga,18014,39732,3543058,8223,14093,1369122,9791,25639,2173936
2004,July,7,31,Onondaga,17833,39474,3511775,8067,14019,1371582,9766,25455,2140193
2004,June,6,31,Onondaga,17490,39188,3483256,7764,13678,1358238,9726,25510,2125018
2004,May,5,31,Onondaga,17444,39012,3480171,7809,13708,1365094,9635,25304,2115077
2004,April,4,31,Onondaga,17286,38493,3429989,7764,13558,1354339,9522,24935,2075650
2004,March,3,31,Onondaga,17219,38469,3447408,7783,13740,1386258,9436,24729,2061150
2004,February,2,31,Onondaga,16911,37872,3387585,7695,13507,1368064,9216,24365,2019521
2004,January,1,31,Onondaga,16837,37805,3382463,7605,13444,1362502,9232,24361,2019961
2003,December,12,31,Onondaga,16550,37390,3355007,7368,13096,1316218,9182,24294,2038789
2003,November,11,31,Onondaga,16318,36760,3301436,7308,12888,1292838,9010,23872,2008598
2003,October,10,31,Onondaga,16279,36632,3336016,7309,12748,1307979,8970,23884,2028037
2003,September,9,31,Onondaga,16095,36300,3249502,7178,12591,1259680,8917,23709,1989822
2003,August,8,31,Onondaga,15868,35829,3194566,7077,12335,1225657,8791,23494,1968909
2003,July,7,31,Onondaga,15813,35582,3179450,7038,12191,1221939,8775,23391,1957511
2003,June,6,31,Onondaga,15737,35320,3148693,7044,12156,1218172,8693,23164,1930521
2003,May,5,31,Onondaga,15568,34809,3103237,6949,11952,1191258,8619,22857,1911979
2003,April,4,31,Onondaga,15460,34600,3086277,7017,12035,1208070,8443,22565,1878207
2003,March,3,31,Onondaga,15383,34473,3073784,7045,12136,1227344,8338,22337,1846440
2003,February,2,31,Onondaga,15160,34062,3034138,6886,11825,1191304,8274,22237,1842834
2003,January,1,31,Onondaga,14939,33755,2981092,6877,12001,1204121,8062,21754,1776971
2002,December,12,31,Onondaga,14681,33149,2940071,6774,11843,1180841,7907,21306,1759230
2002,November,11,31,Onondaga,14563,32937,2924902,6752,11777,1177737,7811,21160,1747165
2002,October,10,31,Onondaga,14438,32627,2910138,6800,11934,1199764,7638,20693,1710374
2002,September,9,31,Onondaga,14145,31793,2667171,6655,11648,1088385,7490,20145,1578786
2002,August,8,31,Onondaga,14226,31960,2683645,6702,11793,1103112,7524,20167,1580533
2002,July,7,31,Onondaga,14027,31536,2622408,6715,11824,1096319,7312,19712,1526089
2002,June,6,31,Onondaga,13965,31475,2606122,6698,11792,1100951,7267,19683,1505171
2002,May,5,31,Onondaga,13952,31297,2600870,6689,11793,1096459,7263,19504,1504411
2002,April,4,31,Onondaga,13927,31102,2579058,6837,12063,1127223,7090,19039,1451835
2002,March,3,31,Onondaga,13962,31192,2596765,6924,12152,1148683,7038,19040,1448082
2002,February,2,31,Onondaga,13668,30633,2533073,6826,12033,1132714,6842,18600,1400359
2002,January,1,31,Onondaga,13665,30677,2526006,6885,12282,1149927,6780,18395,1376079
2018,December,12,32,Ontario,5020,8566,1037172,1697,2203,345668,3323,6363,691504
2018,November,11,32,Ontario,4975,8493,1041120,1677,2204,349889,3298,6289,691231
2018,October,10,32,Ontario,4926,8425,1034051,1679,2202,347337,3247,6223,686714
2018,September,9,32,Ontario,4918,8384,1013729,1671,2191,343332,3247,6193,670397
2018,August,8,32,Ontario,4941,8459,1037172,1669,2215,351302,3272,6244,685870
2018,July,7,32,Ontario,4960,8479,1029944,1690,2216,348628,3270,6263,681316
2018,June,6,32,Ontario,4993,8552,1043440,1697,2228,347935,3296,6324,695505
2018,May,5,32,Ontario,5043,8650,1050042,1712,2250,353692,3331,6400,696350
2018,April,4,32,Ontario,5104,8776,1058978,1717,2236,353987,3387,6540,704991
2018,March,3,32,Ontario,5148,8895,1060841,1714,2265,349211,3434,6630,711630
2018,February,2,32,Ontario,5139,8929,1067034,1707,2233,349798,3432,6696,717236
2018,January,1,32,Ontario,5130,8948,1062506,1736,2273,353146,3394,6675,709360
2017,December,12,32,Ontario,5100,8921,1063530,1726,2281,355547,3374,6640,707983
2017,November,11,32,Ontario,5021,8714,1041008,1692,2218,344736,3329,6496,696272
2017,October,10,32,Ontario,5055,8764,1051079,1714,2224,352661,3341,6540,698418
2017,September,9,32,Ontario,5060,8754,1053950,1712,2182,344074,3348,6572,709876
2017,August,8,32,Ontario,5098,8844,1072285,1726,2230,349078,3372,6614,723207
2017,July,7,32,Ontario,5077,8797,1051896,1702,2191,340292,3375,6606,711604
2017,June,6,32,Ontario,5117,8935,1065130,1716,2212,346256,3401,6723,718874
2017,May,5,32,Ontario,5143,8954,1075940,1714,2217,347120,3429,6737,728820
2017,April,4,32,Ontario,5216,9125,1089255,1732,2247,352339,3484,6878,736916
2017,March,3,32,Ontario,5238,9172,1094510,1736,2262,352473,3502,6910,742037
2017,February,2,32,Ontario,5257,9239,1110264,1703,2221,346640,3554,7018,763624
2017,January,1,32,Ontario,5255,9252,1102837,1715,2267,349087,3540,6985,753750
2016,December,12,32,Ontario,5202,9139,1082173,1709,2299,351940,3493,6840,730233
2016,November,11,32,Ontario,5185,9058,1091393,1723,2315,363593,3462,6743,727800
2016,October,10,32,Ontario,5168,9093,1100442,1701,2295,354424,3467,6798,746018
2016,September,9,32,Ontario,5187,9123,1099136,1712,2288,353749,3475,6835,745387
2016,August,8,32,Ontario,5217,9126,1110837,1692,2239,345391,3525,6887,765446
2016,July,7,32,Ontario,5186,9056,1100588,1704,2318,354207,3482,6738,746381
2016,June,6,32,Ontario,5229,9139,1112531,1718,2301,350914,3511,6838,761617
2016,May,5,32,Ontario,5308,9296,1135775,1741,2358,363098,3567,6938,772677
2016,April,4,32,Ontario,5384,9477,1167933,1721,2335,362233,3663,7142,805700
2016,March,3,32,Ontario,5474,9653,1194646,1725,2335,362226,3749,7318,832420
2016,February,2,32,Ontario,5437,9619,1182309,1706,2314,361178,3731,7305,821131
2016,January,1,32,Ontario,5443,9706,1182572,1720,2370,362736,3723,7336,819836
2015,December,12,32,Ontario,5460,9730,1193169,1733,2370,363785,3727,7360,829384
2015,November,11,32,Ontario,5406,9631,1182239,1721,2357,364619,3685,7274,817620
2015,October,10,32,Ontario,5392,9676,1189877,1726,2347,363297,3666,7329,826580
2015,September,9,32,Ontario,5454,9778,1200799,1714,2334,360889,3740,7444,839910
2015,August,8,32,Ontario,5489,9833,1225796,1728,2350,364779,3761,7483,861017
2015,July,7,32,Ontario,5516,9890,1220301,1718,2351,361741,3798,7539,858560
2015,June,6,32,Ontario,5599,10079,1249089,1734,2381,365941,3865,7698,883148
2015,May,5,32,Ontario,5694,10230,1280850,1770,2438,376871,3924,7792,903979
2015,April,4,32,Ontario,5788,10461,1322024,1774,2452,385333,4014,8009,936691
2015,March,3,32,Ontario,5844,10623,1341249,1772,2455,382858,4072,8168,958391
2015,February,2,32,Ontario,5807,10565,1336527,1756,2458,381101,4051,8107,955426
2015,January,1,32,Ontario,5808,10573,1330415,1766,2445,381798,4042,8128,948617
2014,December,12,32,Ontario,5779,10517,1330851,1564,2013,326771,4215,8504,1004080
2014,November,11,32,Ontario,5743,10440,1316653,1575,2054,331864,4168,8386,984789
2014,October,10,32,Ontario,5709,10339,1312477,1599,2111,340302,4110,8228,972175
2014,September,9,32,Ontario,5705,10367,1265678,1585,2112,327425,4120,8255,938253
2014,August,8,32,Ontario,5716,10416,1285314,1598,2152,333945,4118,8264,951369
2014,July,7,32,Ontario,5730,10428,1285422,1610,2155,339787,4120,8273,945635
2014,June,6,32,Ontario,5734,10439,1281467,1589,2120,332946,4145,8319,948521
2014,May,5,32,Ontario,5773,10502,1300350,1611,2147,338055,4162,8355,962295
2014,April,4,32,Ontario,5800,10496,1301632,1627,2149,340030,4173,8347,961602
2014,March,3,32,Ontario,5779,10513,1315201,1608,2112,334662,4171,8401,980539
2014,February,2,32,Ontario,5728,10457,1299614,1568,2056,323851,4160,8401,975763
2014,January,1,32,Ontario,5687,10345,1278055,1600,2097,330940,4087,8248,947115
2013,December,12,32,Ontario,5573,10140,1252855,1550,2009,321458,4023,8131,931397
2013,November,11,32,Ontario,6059,10664,1776964,1618,2062,402141,4441,8602,1374823
2013,October,10,32,Ontario,5601,10241,1349058,1556,2018,342409,4045,8223,1006649
2013,September,9,32,Ontario,5557,10272,1323148,1584,2149,349931,3973,8123,973217
2013,August,8,32,Ontario,5595,10319,1340141,1574,2091,345396,4021,8228,994745
2013,July,7,32,Ontario,5591,10326,1338814,1554,2056,340868,4037,8270,997946
2013,June,6,32,Ontario,5625,10436,1359324,1567,2091,347796,4058,8345,1011528
2013,May,5,32,Ontario,5589,10356,1341841,1561,2077,346994,4028,8279,994847
2013,April,4,32,Ontario,5633,10453,1353968,1570,2077,349983,4063,8376,1003985
2013,March,3,32,Ontario,5629,10439,1361115,1556,2086,350575,4073,8353,1010540
2013,February,2,32,Ontario,5543,10299,1329556,1547,2069,343958,3996,8230,985598
2013,January,1,32,Ontario,5537,10276,1324661,1562,2107,348756,3975,8169,975905
2012,December,12,32,Ontario,5432,10037,1301086,1563,2074,348269,3869,7963,952817
2012,November,11,32,Ontario,5378,9904,1282428,1557,2079,346203,3821,7825,936225
2012,October,10,32,Ontario,5410,9962,1301405,1558,2076,348523,3852,7886,952882
2012,September,9,32,Ontario,5394,9906,1292318,1545,2037,343748,3849,7869,948570
2012,August,8,32,Ontario,5397,9929,1298002,1562,2082,348841,3835,7847,949161
2012,July,7,32,Ontario,5353,9888,1288590,1549,2057,346265,3804,7831,942325
2012,June,6,32,Ontario,5433,9998,1304109,1555,2065,348231,3878,7933,955878
2012,May,5,32,Ontario,5448,10008,1299771,1555,2064,347773,3893,7944,951998
2012,April,4,32,Ontario,5399,9939,1287560,1560,2076,348016,3839,7863,939544
2012,March,3,32,Ontario,5483,10109,1395601,1578,2123,379859,3905,7986,1015742
2012,February,2,32,Ontario,5374,9991,1299921,1552,2097,350350,3822,7894,949571
2012,January,1,32,Ontario,5377,10011,1294152,1557,2095,350685,3820,7916,943467
2011,December,12,32,Ontario,5384,10061,1323368,1562,2111,354773,3822,7950,968595
2011,November,11,32,Ontario,5279,9892,1300628,1544,2085,350784,3735,7807,949844
2011,October,10,32,Ontario,5274,9897,1299299,1546,2113,353179,3728,7784,946120
2011,September,9,32,Ontario,5264,9915,1291805,1522,2078,344149,3742,7837,947656
2011,August,8,32,Ontario,5261,9946,1300602,1535,2093,349503,3726,7853,951099
2011,July,7,32,Ontario,5229,9901,1288786,1546,2126,352667,3683,7775,936119
2011,June,6,32,Ontario,5235,9936,1299439,1535,2108,348598,3700,7828,950841
2011,May,5,32,Ontario,5211,9880,1285910,1547,2103,348193,3664,7777,937717
2011,April,4,32,Ontario,5231,9953,1298347,1545,2133,350474,3686,7820,947873
2011,March,3,32,Ontario,5282,10038,1337652,1581,2194,366504,3701,7844,971148
2011,February,2,32,Ontario,5233,9965,1328334,1561,2135,359170,3672,7830,969164
2011,January,1,32,Ontario,5117,9742,1299545,1548,2120,356693,3569,7622,942852
2010,December,12,32,Ontario,5082,9676,1288186,1544,2088,352087,3538,7588,936099
2010,November,11,32,Ontario,4949,9451,1253975,1535,2093,351512,3414,7358,902463
2010,October,10,32,Ontario,4945,9392,1262199,1548,2100,359108,3397,7292,903091
2010,September,9,32,Ontario,4890,9299,1247627,1505,2060,350909,3385,7239,896718
2010,August,8,32,Ontario,4889,9320,1244102,1492,2028,344228,3397,7292,899874
2010,July,7,32,Ontario,4867,9288,1242918,1482,2025,343269,3385,7263,899649
2010,June,6,32,Ontario,4802,9160,1231169,1484,2001,342216,3318,7159,888953
2010,May,5,32,Ontario,4787,9157,1228209,1472,1945,333555,3315,7212,894654
2010,April,4,32,Ontario,4801,9137,1224961,1468,1938,331141,3333,7199,893820
2010,March,3,32,Ontario,4715,9006,1229752,1472,1980,337842,3243,7026,891910
2010,February,2,32,Ontario,4603,8739,1188655,1434,1924,326193,3169,6815,862462
2010,January,1,32,Ontario,4569,8687,1193628,1478,1968,336457,3091,6719,857171
2009,December,12,32,Ontario,4471,8484,1155840,1418,1856,317091,3053,6628,838749
2009,November,11,32,Ontario,4357,8342,1138663,1431,1910,321997,2926,6432,816666
2009,October,10,32,Ontario,4305,8202,1114717,1421,1895,323923,2884,6307,790794
2009,September,9,32,Ontario,4220,8025,1095189,1373,1810,310254,2847,6215,784935
2009,August,8,32,Ontario,4183,7954,1088447,1367,1832,311245,2816,6122,777202
2009,July,7,32,Ontario,4138,7848,1080618,1344,1786,302947,2794,6062,777671
2009,June,6,32,Ontario,4108,7755,1082720,1339,1730,299782,2769,6025,782938
2009,May,5,32,Ontario,4059,7608,1059915,1307,1697,291225,2752,5911,768690
2009,April,4,32,Ontario,4095,7704,1074993,1338,1749,299667,2757,5955,775326
2009,March,3,32,Ontario,4028,7601,917165,1314,1732,262267,2714,5869,654898
2009,February,2,32,Ontario,3925,7378,887567,1324,1746,262126,2601,5632,625441
2009,January,1,32,Ontario,3850,7229,811042,1331,1786,245452,2519,5443,565590
2008,December,12,32,Ontario,3732,6953,795656,1300,1752,243461,2432,5201,552195
2008,November,11,32,Ontario,3600,6701,774269,1282,1700,236036,2318,5001,538233
2008,October,10,32,Ontario,3528,6586,757334,1289,1716,236247,2239,4870,521087
2008,September,9,32,Ontario,3433,6379,594151,1271,1697,182061,2162,4682,412090
2008,August,8,32,Ontario,3461,6425,612888,1269,1705,186560,2192,4720,426328
2008,July,7,32,Ontario,3446,6384,604109,1270,1694,181994,2176,4690,422115
2008,June,6,32,Ontario,3437,6405,607490,1261,1692,185418,2176,4713,422072
2008,May,5,32,Ontario,3401,6385,603832,1260,1686,182532,2141,4699,421300
2008,April,4,32,Ontario,3382,6432,609529,1242,1672,180976,2140,4760,428553
2008,March,3,32,Ontario,3346,6340,598145,1271,1743,188883,2075,4597,409262
2008,February,2,32,Ontario,3275,6197,586773,1237,1654,178895,2038,4543,407878
2008,January,1,32,Ontario,3249,6160,577931,1243,1700,183599,2006,4460,394332
2007,December,12,32,Ontario,3193,6056,569098,1231,1691,183826,1962,4365,385272
2007,November,11,32,Ontario,3138,5929,555506,1221,1654,178211,1917,4275,377295
2007,October,10,32,Ontario,3139,5887,560835,1213,1621,177773,1926,4266,383062
2007,September,9,32,Ontario,3154,5941,533016,1239,1685,173669,1915,4256,359347
2007,August,8,32,Ontario,3169,5929,544024,1270,1742,182938,1899,4187,361086
2007,July,7,32,Ontario,3170,5945,544538,1271,1751,181753,1899,4194,362785
2007,June,6,32,Ontario,3228,6057,548221,1281,1754,181445,1947,4303,366776
2007,May,5,32,Ontario,3232,6107,557862,1265,1735,180917,1967,4372,376945
2007,April,4,32,Ontario,3224,6109,552980,1264,1759,183734,1960,4350,369246
2007,March,3,32,Ontario,3297,6275,568170,1301,1823,190312,1996,4452,377858
2007,February,2,32,Ontario,3231,6156,557186,1274,1760,183516,1957,4396,373670
2007,January,1,32,Ontario,3249,6172,559499,1307,1794,189267,1942,4378,370232
2006,December,12,32,Ontario,3224,6008,558150,1302,1773,193100,1922,4235,365050
2006,November,11,32,Ontario,3174,5903,552099,1283,1764,193037,1891,4139,359062
2006,October,10,32,Ontario,3122,5792,543408,1299,1799,198954,1823,3993,344454
2006,September,9,32,Ontario,3099,5764,521179,1274,1768,187531,1825,3996,333648
2006,August,8,32,Ontario,3156,5883,542220,1308,1828,198267,1848,4055,343953
2006,July,7,32,Ontario,3131,5880,533544,1279,1798,190705,1852,4082,342839
2006,June,6,32,Ontario,3197,6024,544662,1288,1819,192238,1909,4205,352424
2006,May,5,32,Ontario,3215,6063,556513,1309,1829,197115,1906,4234,359398
2006,April,4,32,Ontario,3231,6096,554533,1324,1873,200402,1907,4223,354131
2006,March,3,32,Ontario,3252,6153,562477,1325,1865,203023,1927,4288,359454
2006,February,2,32,Ontario,3132,5922,538533,1269,1765,190676,1863,4157,347857
2006,January,1,32,Ontario,3180,6012,533903,1270,1782,186161,1910,4230,347742
2005,December,12,32,Ontario,3176,6016,543721,1281,1787,190719,1895,4229,353002
2005,November,11,32,Ontario,3102,5789,524880,1297,1826,197762,1805,3963,327118
2005,October,10,32,Ontario,3120,5857,530999,1293,1823,195954,1827,4034,335045
2005,September,9,32,Ontario,3109,5800,511697,1287,1812,188382,1822,3988,323315
2005,August,8,32,Ontario,3096,5874,520221,1272,1835,191346,1824,4039,328875
2005,July,7,32,Ontario,3089,5819,514583,1295,1881,196311,1794,3938,318272
2005,June,6,32,Ontario,3136,5948,531213,1299,1872,195633,1837,4076,335580
2005,May,5,32,Ontario,3164,5954,532608,1319,1886,197366,1845,4068,335242
2005,April,4,32,Ontario,3154,5951,540129,1353,1934,205387,1801,4017,334742
2005,March,3,32,Ontario,3128,5878,533513,1350,1903,197810,1778,3975,335703
2005,February,2,32,Ontario,3010,5692,506266,1315,1837,190746,1695,3855,315520
2005,January,1,32,Ontario,2999,5717,509631,1316,1882,192071,1683,3835,317560
2004,December,12,32,Ontario,2942,5608,500192,1311,1885,192141,1631,3723,308051
2004,November,11,32,Ontario,2857,5422,486911,1280,1844,188231,1577,3578,298680
2004,October,10,32,Ontario,2796,5298,477946,1252,1800,183859,1544,3498,294087
2004,September,9,32,Ontario,2768,5274,443143,1207,1739,166761,1561,3535,276382
2004,August,8,32,Ontario,2768,5317,448511,1202,1759,171799,1566,3558,276712
2004,July,7,32,Ontario,2759,5309,452551,1189,1728,171564,1570,3581,280987
2004,June,6,32,Ontario,2757,5327,449275,1200,1808,175573,1557,3519,273702
2004,May,5,32,Ontario,2753,5314,454005,1205,1826,176858,1548,3488,277147
2004,April,4,32,Ontario,2737,5307,446334,1184,1794,171408,1553,3513,274926
2004,March,3,32,Ontario,2719,5313,450058,1169,1780,172317,1550,3533,277741
2004,February,2,32,Ontario,2652,5178,443344,1126,1695,164614,1526,3483,278730
2004,January,1,32,Ontario,2637,5170,438114,1123,1699,167406,1514,3471,270708
2003,December,12,32,Ontario,2603,5100,427136,1067,1565,149328,1536,3535,277808
2003,November,11,32,Ontario,2537,4953,409114,1055,1536,145952,1482,3417,263162
2003,October,10,32,Ontario,2558,5034,420237,1065,1570,151283,1493,3464,268954
2003,September,9,32,Ontario,2528,4969,397820,1041,1545,142804,1487,3424,255016
2003,August,8,32,Ontario,2535,4950,400649,1067,1592,149485,1468,3358,251164
2003,July,7,32,Ontario,2549,4959,404014,1063,1569,147386,1486,3390,256628
2003,June,6,32,Ontario,2567,4993,404767,1084,1628,152215,1483,3365,252552
2003,May,5,32,Ontario,2558,4958,407832,1048,1551,144868,1510,3407,262964
2003,April,4,32,Ontario,2567,5010,415981,1056,1570,149423,1511,3440,266558
2003,March,3,32,Ontario,2556,4974,411228,1071,1583,149269,1485,3391,261959
2003,February,2,32,Ontario,2501,4832,397051,1066,1577,149159,1435,3255,247892
2003,January,1,32,Ontario,2497,4836,401063,1071,1587,152921,1426,3249,248142
2002,December,12,32,Ontario,2406,4642,377646,1033,1510,142948,1373,3132,234698
2002,November,11,32,Ontario,2375,4563,367374,1040,1526,144469,1335,3037,222905
2002,October,10,32,Ontario,2344,4477,364385,1023,1496,142895,1321,2981,221490
2002,September,9,32,Ontario,2302,4388,327400,995,1456,126000,1307,2932,201400
2002,August,8,32,Ontario,2331,4454,332210,1002,1472,127617,1329,2982,204593
2002,July,7,32,Ontario,2319,4408,326026,1003,1460,125289,1316,2948,200737
2002,June,6,32,Ontario,2324,4378,326954,998,1425,122757,1326,2953,204197
2002,May,5,32,Ontario,2354,4467,333916,1012,1461,128629,1342,3006,205287
2002,April,4,32,Ontario,2357,4458,333023,1009,1456,126956,1348,3002,206067
2002,March,3,32,Ontario,2388,4518,345074,1031,1493,133700,1357,3025,211374
2002,February,2,32,Ontario,2323,4405,331786,1011,1454,129861,1312,2951,201925
2002,January,1,32,Ontario,2322,4395,334658,998,1441,127166,1324,2954,207492
2018,December,12,33,Orange,16756,39452,4904952,5297,7176,1068330,11459,32276,3836622
2018,November,11,33,Orange,16851,39655,4896194,5355,7215,1068085,11496,32440,3828109
2018,October,10,33,Orange,17201,40603,5053122,5386,7295,1086891,11815,33308,3966231
2018,September,9,33,Orange,17316,40862,4977453,5387,7292,1074751,11929,33570,3902702
2018,August,8,33,Orange,17603,41478,5095353,5460,7363,1086635,12143,34115,4008718
2018,July,7,33,Orange,17598,41469,5028746,5446,7388,1063133,12152,34081,3965613
2018,June,6,33,Orange,17718,41623,5059941,5529,7548,1090694,12189,34075,3969247
2018,May,5,33,Orange,17671,41422,5300060,5538,7576,1176563,12133,33846,4123497
2018,April,4,33,Orange,17609,41293,5090657,5551,7672,1101226,12058,33621,3989431
2018,March,3,33,Orange,17631,41356,5073131,5595,7776,1106249,12036,33580,3966882
2018,February,2,33,Orange,17549,41201,5013971,5547,7775,1102075,12002,33426,3911896
2018,January,1,33,Orange,17712,41559,5103905,5601,7834,1116579,12111,33725,3987326
2017,December,12,33,Orange,17619,41517,5119471,5598,7835,1121015,12021,33682,3998456
2017,November,11,33,Orange,17457,41166,5073028,5558,7768,1121667,11899,33398,3951361
2017,October,10,33,Orange,17576,41469,5170505,5609,7795,1128477,11967,33674,4042028
2017,September,9,33,Orange,17642,41576,5133181,5648,7884,1141998,11994,33692,3991183
2017,August,8,33,Orange,17814,42053,5216426,5670,7899,1145866,12144,34154,4070560
2017,July,7,33,Orange,17863,42129,5151597,5668,7923,1116936,12195,34206,4034661
2017,June,6,33,Orange,18014,42478,5169664,5695,7993,1126452,12319,34485,4043212
2017,May,5,33,Orange,18139,42736,5251870,5704,8047,1153125,12435,34689,4098745
2017,April,4,33,Orange,18100,42508,5311705,5736,8151,1163462,12364,34357,4148243
2017,March,3,33,Orange,18110,42396,5415270,5763,8230,1175663,12347,34166,4239607
2017,February,2,33,Orange,17822,41818,5308189,5705,8181,1159091,12117,33637,4149098
2017,January,1,33,Orange,17786,41747,5197264,5768,8297,1165802,12018,33450,4031462
2016,December,12,33,Orange,18002,42453,5260435,5757,8358,1179354,12245,34095,4081081
2016,November,11,33,Orange,18221,42936,5325753,5799,8452,1213618,12422,34484,4112135
2016,October,10,33,Orange,18392,43449,5430284,5781,8401,1184216,12611,35048,4246068
2016,September,9,33,Orange,18424,43525,5434372,5818,8464,1200001,12606,35061,4234371
2016,August,8,33,Orange,18818,44279,5574217,5854,8545,1220996,12964,35734,4353221
2016,July,7,33,Orange,18928,44438,5551367,5914,8692,1223491,13014,35746,4327876
2016,June,6,33,Orange,19106,44813,5624666,5960,8804,1243815,13146,36009,4380851
2016,May,5,33,Orange,19223,45097,5668557,5987,8874,1254752,13236,36223,4413805
2016,April,4,33,Orange,19546,45796,5794377,6093,9103,1295835,13453,36693,4498542
2016,March,3,33,Orange,19819,46322,6006598,6144,9169,1314047,13675,37153,4692551
2016,February,2,33,Orange,19380,45435,5826631,6053,9097,1300261,13327,36338,4526370
2016,January,1,33,Orange,19629,45854,5919020,6104,9156,1317227,13525,36698,4601793
2015,December,12,33,Orange,19772,46145,5972477,6117,9143,1327914,13655,37002,4644563
2015,November,11,33,Orange,19733,46114,5963857,6101,9145,1332212,13632,36969,4631645
2015,October,10,33,Orange,19861,46586,6047722,6099,9183,1339678,13762,37403,4708044
2015,September,9,33,Orange,20067,47010,6101126,6126,9226,1352417,13941,37784,4748709
2015,August,8,33,Orange,20136,47339,6140137,6119,9234,1348199,14017,38105,4791938
2015,July,7,33,Orange,20267,47602,6138956,6111,9244,1340963,14156,38358,4797993
2015,June,6,33,Orange,20445,47868,6204088,6124,9197,1330628,14321,38671,4873460
2015,May,5,33,Orange,20350,47489,6191796,6171,9302,1353062,14179,38187,4838734
2015,April,4,33,Orange,20330,47566,6292011,6155,9339,1358324,14175,38227,4933687
2015,March,3,33,Orange,20164,47226,6231623,6184,9408,1369370,13980,37818,4862253
2015,February,2,33,Orange,20052,47102,6211928,6164,9438,1363395,13888,37664,4848533
2015,January,1,33,Orange,20195,47293,6175067,6255,9627,1393887,13940,37666,4781180
2014,December,12,33,Orange,20343,47734,6273119,5554,8353,1224703,14789,39381,5048416
2014,November,11,33,Orange,20654,48303,6359018,5674,8520,1250698,14980,39783,5108320
2014,October,10,33,Orange,20864,48777,6449862,5647,8503,1248989,15217,40274,5200873
2014,September,9,33,Orange,20860,48726,6166739,5645,8495,1215348,15215,40231,4951391
2014,August,8,33,Orange,21003,49051,6277173,5655,8547,1244951,15348,40504,5032222
2014,July,7,33,Orange,20887,48830,6268428,5681,8622,1257481,15206,40208,5010947
2014,June,6,33,Orange,20895,48809,6268312,5732,8671,1269973,15163,40138,4998339
2014,May,5,33,Orange,20743,48615,6269982,5707,8623,1255932,15036,39992,5014050
2014,April,4,33,Orange,20526,48076,6389902,5710,8624,1268789,14816,39452,5121113
2014,March,3,33,Orange,20010,46963,6271850,5754,8782,1289452,14256,38181,4982398
2014,February,2,33,Orange,19654,46168,6049072,5718,8727,1276871,13936,37441,4772201
2014,January,1,33,Orange,19773,46406,6051701,5764,8795,1287007,14009,37611,4764694
2013,December,12,33,Orange,19828,46533,6073477,5793,8870,1293948,14035,37663,4779529
2013,November,11,33,Orange,20500,47381,6556919,6128,9352,1550399,14372,38029,5006520
2013,October,10,33,Orange,20040,46967,6485944,5890,9108,1421711,14150,37859,5064233
2013,September,9,33,Orange,20176,47378,6444428,5874,9091,1389774,14302,38287,5054654
2013,August,8,33,Orange,20411,47875,6534279,5921,9177,1409365,14490,38698,5124914
2013,July,7,33,Orange,20416,47813,6494855,5960,9164,1401620,14456,38649,5093235
2013,June,6,33,Orange,20402,47863,6519838,5961,9236,1415208,14441,38627,5104630
2013,May,5,33,Orange,20224,47389,6544282,5941,9251,1418271,14283,38138,5126011
2013,April,4,33,Orange,19856,46542,6429798,5961,9279,1428227,13895,37263,5001571
2013,March,3,33,Orange,19812,46469,6545197,5944,9327,1439530,13868,37142,5105667
2013,February,2,33,Orange,19246,45267,6246944,5889,9255,1417459,13357,36012,4829485
2013,January,1,33,Orange,19232,45240,6331646,5818,9165,1403342,13414,36075,4928304
2012,December,12,33,Orange,19074,44847,6226256,5842,9193,1415847,13232,35654,4810409
2012,November,11,33,Orange,19305,45337,9156254,5914,9235,2085541,13391,36102,7070713
2012,October,10,33,Orange,19083,45014,6218136,5812,9123,1407949,13271,35891,4810187
2012,September,9,33,Orange,19101,45157,6205414,5786,9096,1406991,13315,36061,4798423
2012,August,8,33,Orange,19256,45508,6261706,5792,9128,1410152,13464,36380,4851554
2012,July,7,33,Orange,19100,45129,6245396,5775,9111,1412035,13325,36018,4833361
2012,June,6,33,Orange,19127,45155,6292289,5795,9148,1423738,13332,36007,4868551
2012,May,5,33,Orange,19107,44910,6293295,5813,9129,1431694,13294,35781,4861601
2012,April,4,33,Orange,18938,44666,6231184,5773,9073,1406515,13165,35593,4824669
2012,March,3,33,Orange,19128,44889,6440205,5814,9155,1456444,13314,35734,4983761
2012,February,2,33,Orange,18841,44509,6158002,5718,9005,1398254,13123,35504,4759748
2012,January,1,33,Orange,18967,44907,6107829,5717,8999,1392453,13250,35908,4715376
2011,December,12,33,Orange,19312,45640,6290739,5747,9041,1425945,13565,36599,4864794
2011,November,11,33,Orange,19080,45110,6279044,5765,9107,1433751,13315,36003,4845293
2011,October,10,33,Orange,18984,44923,6267256,5743,9015,1419635,13241,35908,4847621
2011,September,9,33,Orange,18881,44621,6166336,5675,8993,1407627,13206,35628,4758709
2011,August,8,33,Orange,18737,44275,6077757,5650,8890,1386090,13087,35385,4691667
2011,July,7,33,Orange,18566,43915,6061109,5590,8715,1356765,12976,35200,4704344
2011,June,6,33,Orange,18352,43437,6015737,5531,8598,1344338,12821,34839,4671399
2011,May,5,33,Orange,18175,43098,5987603,5509,8547,1335564,12666,34551,4652039
2011,April,4,33,Orange,17953,42563,5923059,5508,8598,1349533,12445,33965,4573526
2011,March,3,33,Orange,17789,42296,6036806,5445,8452,1352103,12344,33844,4684703
2011,February,2,33,Orange,17317,41383,5842520,5361,8384,1328944,11956,32999,4513576
2011,January,1,33,Orange,17172,41001,5782533,5355,8352,1323985,11817,32649,4458548
2010,December,12,33,Orange,17086,40764,5793040,5335,8336,1331501,11751,32428,4461539
2010,November,11,33,Orange,16770,40060,5659409,5289,8324,1326002,11481,31736,4333407
2010,October,10,33,Orange,16607,39663,5593923,5289,8269,1327093,11318,31394,4266830
2010,September,9,33,Orange,16370,39142,5502584,5163,8020,1286982,11207,31122,4215602
2010,August,8,33,Orange,16255,38937,5458996,5131,8012,1281324,11124,30925,4177672
2010,July,7,33,Orange,16080,38508,5393312,5141,7972,1267337,10939,30536,4125975
2010,June,6,33,Orange,15876,38096,5345216,5056,7848,1255854,10820,30248,4089362
2010,May,5,33,Orange,15638,37600,5310479,5016,7770,1244221,10622,29830,4066258
2010,April,4,33,Orange,15354,37031,5327215,4974,7746,1255986,10380,29285,4071229
2010,March,3,33,Orange,15019,36297,5277796,4908,7649,1261619,10111,28648,4016177
2010,February,2,33,Orange,14535,35303,5032866,4833,7527,1216441,9702,27776,3816425
2010,January,1,33,Orange,14445,35102,5076873,4816,7575,1226385,9629,27527,3850488
2009,December,12,33,Orange,14102,34229,4995095,4726,7431,1198048,9376,26798,3797047
2009,November,11,33,Orange,13748,33342,4912307,4761,7543,1237718,8987,25799,3674589
2009,October,10,33,Orange,13528,32685,4891475,4722,7359,1208082,8806,25326,3683393
2009,September,9,33,Orange,13188,31912,4726078,4624,7232,1181208,8564,24680,3544870
2009,August,8,33,Orange,12953,31184,4638404,4602,7168,1181095,8351,24016,3457309
2009,July,7,33,Orange,12755,30749,4529945,4515,7051,1157596,8240,23698,3372349
2009,June,6,33,Orange,12638,30313,4475448,4532,6943,1152094,8106,23370,3323354
2009,May,5,33,Orange,12501,29954,4379832,4519,6900,1137432,7982,23054,3242400
2009,April,4,33,Orange,12438,29819,4372201,4490,6913,1127244,7948,22906,3244957
2009,March,3,33,Orange,12205,29353,3878065,4423,6827,1011748,7782,22526,2866317
2009,February,2,33,Orange,11703,28295,3665859,4271,6588,953052,7432,21707,2712807
2009,January,1,33,Orange,11477,27783,3365196,4193,6484,879331,7284,21299,2485865
2008,December,12,33,Orange,11307,27418,3381234,4109,6369,882604,7198,21049,2498630
2008,November,11,33,Orange,11052,26839,3274892,4078,6266,851549,6974,20573,2423343
2008,October,10,33,Orange,10883,26355,3237347,4094,6265,844405,6789,20090,2392942
2008,September,9,33,Orange,10708,25897,2704714,4052,6218,715439,6656,19679,1989275
2008,August,8,33,Orange,10661,25771,2683280,4033,6201,697493,6628,19570,1985787
2008,July,7,33,Orange,10583,25524,2688715,4043,6190,700253,6540,19334,1988462
2008,June,6,33,Orange,10437,25217,2658142,3990,6081,691704,6447,19136,1966438
2008,May,5,33,Orange,10318,24816,2621169,3988,6094,684475,6330,18722,1936694
2008,April,4,33,Orange,10155,24465,2587629,3928,6002,684255,6227,18463,1903374
2008,March,3,33,Orange,10085,24255,2581618,3929,5971,684322,6156,18284,1897296
2008,February,2,33,Orange,9824,23697,2448420,3892,5942,661961,5932,17755,1786459
2008,January,1,33,Orange,9927,23937,2522486,3923,6071,686263,6004,17866,1836223
2007,December,12,33,Orange,9704,23502,2508410,3836,5948,682548,5868,17554,1825862
2007,November,11,33,Orange,9575,23203,2486913,3784,5812,667277,5791,17391,1819636
2007,October,10,33,Orange,9647,23320,2517068,3817,5834,671306,5830,17486,1845762
2007,September,9,33,Orange,9600,23318,2337277,3762,5722,621371,5838,17596,1715906
2007,August,8,33,Orange,9567,23317,2341281,3699,5626,623826,5868,17691,1717455
2007,July,7,33,Orange,9588,23242,2324687,3745,5676,604733,5843,17566,1719954
2007,June,6,33,Orange,9615,23309,2351704,3740,5691,608132,5875,17618,1743572
2007,May,5,33,Orange,9602,23161,2314568,3719,5702,607303,5883,17459,1707265
2007,April,4,33,Orange,9468,22978,2317893,3663,5574,601761,5805,17404,1716132
2007,March,3,33,Orange,9499,22959,2320374,3691,5641,607712,5808,17318,1712662
2007,February,2,33,Orange,9344,22640,2257932,3672,5642,600577,5672,16998,1657355
2007,January,1,33,Orange,9417,22781,2311215,3677,5669,614043,5740,17112,1697172
2006,December,12,33,Orange,9382,22789,2303780,3660,5685,613162,5722,17104,1690618
2006,November,11,33,Orange,9358,22685,2313741,3641,5666,611115,5717,17019,1702626
2006,October,10,33,Orange,9296,22518,2282074,3628,5637,602582,5668,16881,1679492
2006,September,9,33,Orange,9288,22503,2195105,3657,5624,585087,5631,16879,1610018
2006,August,8,33,Orange,9307,22496,2222205,3679,5637,582393,5628,16859,1639812
2006,July,7,33,Orange,9245,22464,2194861,3671,5671,588008,5574,16793,1606853
2006,June,6,33,Orange,9248,22429,2206412,3698,5746,592897,5550,16683,1613515
2006,May,5,33,Orange,9140,22107,2163792,3702,5741,594417,5438,16366,1569375
2006,April,4,33,Orange,9047,21889,2153233,3702,5820,602109,5345,16069,1551124
2006,March,3,33,Orange,9109,21957,2200596,3703,5838,609908,5406,16119,1590688
2006,February,2,33,Orange,8888,21495,2114518,3643,5778,593061,5245,15717,1521457
2006,January,1,33,Orange,8922,21503,2067462,3673,5869,586367,5249,15634,1481095
2005,December,12,33,Orange,9044,21874,2130614,3724,6032,621137,5320,15842,1509477
2005,November,11,33,Orange,9048,21828,2141142,3724,6001,623015,5324,15827,1518127
2005,October,10,33,Orange,8996,21648,2109984,3703,5955,610533,5293,15693,1499451
2005,September,9,33,Orange,9025,21856,2102832,3697,5965,596858,5328,15891,1505974
2005,August,8,33,Orange,8989,21766,2075360,3705,5980,597342,5284,15786,1478018
2005,July,7,33,Orange,8937,21673,2074206,3657,5877,587094,5280,15796,1487112
2005,June,6,33,Orange,8997,21735,2079242,3701,5899,586005,5296,15836,1493237
2005,May,5,33,Orange,9030,21691,2072988,3794,5924,592900,5236,15767,1480088
2005,April,4,33,Orange,9160,21881,2050678,3964,6155,588089,5196,15726,1462589
2005,March,3,33,Orange,9254,22051,2108375,4065,6310,608913,5189,15741,1499462
2005,February,2,33,Orange,9214,21861,2083529,4090,6288,598342,5124,15573,1485187
2005,January,1,33,Orange,9193,21818,2058250,4112,6372,597271,5081,15446,1460979
2004,December,12,33,Orange,9231,21862,2075027,4150,6454,609269,5081,15408,1465758
2004,November,11,33,Orange,9038,21643,2065950,3954,6198,599997,5084,15445,1465953
2004,October,10,33,Orange,8756,21317,2055014,3760,5961,585192,4996,15356,1469822
2004,September,9,33,Orange,8502,21041,1903554,3486,5645,526140,5016,15396,1377414
2004,August,8,33,Orange,8294,20774,1886885,3303,5543,526674,4991,15231,1360211
2004,July,7,33,Orange,8132,20525,1865700,3200,5438,530860,4932,15087,1334840
2004,June,6,33,Orange,7964,20297,1847822,3028,5292,527620,4936,15005,1320202
2004,May,5,33,Orange,7968,20366,1854612,3066,5401,540797,4902,14965,1313815
2004,April,4,33,Orange,7935,20380,1873735,3071,5454,546326,4864,14926,1327409
2004,March,3,33,Orange,7903,20324,1887879,3085,5520,561104,4818,14804,1326775
2004,February,2,33,Orange,7824,20167,1862862,3056,5465,544577,4768,14702,1318285
2004,January,1,33,Orange,7803,20096,1839179,3060,5470,545536,4743,14626,1293643
2003,December,12,33,Orange,7737,19906,1838254,2997,5353,529944,4740,14553,1308310
2003,November,11,33,Orange,7691,19946,1831372,2976,5327,537690,4715,14619,1293682
2003,October,10,33,Orange,7857,20297,1920999,3033,5423,567177,4824,14874,1353822
2003,September,9,33,Orange,7826,20210,1836592,3008,5416,549473,4818,14794,1287119
2003,August,8,33,Orange,7781,20104,1824078,3004,5450,549577,4777,14654,1274501
2003,July,7,33,Orange,7880,20214,1856118,3073,5462,561818,4807,14752,1294300
2003,June,6,33,Orange,7798,19988,1839091,3032,5374,548815,4766,14614,1290276
2003,May,5,33,Orange,7720,19811,1832915,3015,5337,548770,4705,14474,1284145
2003,April,4,33,Orange,7669,19697,1831372,3045,5384,559672,4624,14313,1271700
2003,March,3,33,Orange,7607,19535,1816313,3053,5461,566636,4554,14074,1249677
2003,February,2,33,Orange,7518,19320,1775552,3010,5387,549121,4508,13933,1226431
2003,January,1,33,Orange,7531,19327,1784212,3048,5492,563794,4483,13835,1220418
2002,December,12,33,Orange,7476,19133,1772204,3034,5463,564381,4442,13670,1207823
2002,November,11,33,Orange,7424,19117,1767827,3019,5531,563412,4405,13586,1204415
2002,October,10,33,Orange,7505,19177,1785368,3072,5595,572953,4433,13582,1212415
2002,September,9,33,Orange,7348,18801,1600571,2987,5461,515161,4361,13340,1085410
2002,August,8,33,Orange,7443,18959,1617005,3014,5491,512541,4429,13468,1104464
2002,July,7,33,Orange,7469,19000,1625351,3046,5562,519144,4423,13438,1106207
2002,June,6,33,Orange,7478,18995,1641710,3054,5618,526825,4424,13377,1114885
2002,May,5,33,Orange,7355,18653,1604036,2997,5508,519242,4358,13145,1084794
2002,April,4,33,Orange,7379,18729,1622863,3016,5558,531772,4363,13171,1091091
2002,March,3,33,Orange,7449,18841,1687086,3068,5673,549986,4381,13168,1137100
2002,February,2,33,Orange,7189,18220,1564151,3000,5621,530147,4189,12599,1034004
2002,January,1,33,Orange,7271,18491,1608321,3070,5789,550027,4201,12702,1058294
2018,December,12,34,Orleans,3029,5595,664967,1005,1454,220299,2024,4141,444668
2018,November,11,34,Orleans,3016,5583,668637,996,1450,220788,2020,4133,447849
2018,October,10,34,Orleans,3011,5606,671118,993,1443,221036,2018,4163,450082
2018,September,9,34,Orleans,3024,5607,662728,972,1404,211315,2052,4203,451413
2018,August,8,34,Orleans,3049,5675,671469,968,1383,210827,2081,4292,460642
2018,July,7,34,Orleans,3069,5686,672697,979,1395,212511,2090,4291,460186
2018,June,6,34,Orleans,3074,5719,666471,957,1379,208019,2117,4340,458452
2018,May,5,34,Orleans,3093,5767,669978,1000,1444,220167,2093,4323,449811
2018,April,4,34,Orleans,3096,5778,670010,1027,1467,224952,2069,4311,445058
2018,March,3,34,Orleans,3155,5928,684857,1058,1537,233388,2097,4391,451469
2018,February,2,34,Orleans,3116,5868,678069,1031,1513,228298,2085,4355,449771
2018,January,1,34,Orleans,3122,5910,683173,1048,1541,231342,2074,4369,451831
2017,December,12,34,Orleans,3122,5936,690319,1026,1499,226922,2096,4437,463397
2017,November,11,34,Orleans,3122,5950,690492,1015,1494,224759,2107,4456,465733
2017,October,10,34,Orleans,3064,5843,682712,992,1472,218794,2072,4371,463918
2017,September,9,34,Orleans,3097,5923,696813,1004,1481,221334,2093,4442,475479
2017,August,8,34,Orleans,3119,5960,705886,997,1460,218528,2122,4500,487358
2017,July,7,34,Orleans,3140,5962,698265,1006,1481,218575,2134,4481,479690
2017,June,6,34,Orleans,3172,5997,706146,1024,1486,221866,2148,4511,484280
2017,May,5,34,Orleans,3184,6041,709776,1039,1491,223444,2145,4550,486332
2017,April,4,34,Orleans,3169,6058,709142,1037,1488,223370,2132,4570,485772
2017,March,3,34,Orleans,3184,6091,720229,1046,1521,228535,2138,4570,491694
2017,February,2,34,Orleans,3154,6044,706765,1020,1483,221953,2134,4561,484812
2017,January,1,34,Orleans,3174,6087,718006,1014,1502,225243,2160,4585,492763
2016,December,12,34,Orleans,3139,6028,709051,1015,1502,225353,2124,4526,483698
2016,November,11,34,Orleans,3105,5950,706044,1015,1520,228828,2090,4430,477216
2016,October,10,34,Orleans,3094,5944,706621,1023,1545,231466,2071,4399,475155
2016,September,9,34,Orleans,3112,5973,706764,1029,1532,232192,2083,4441,474572
2016,August,8,34,Orleans,3079,5890,700746,1030,1541,234786,2049,4349,465960
2016,July,7,34,Orleans,3098,5921,706581,1035,1552,231979,2063,4369,474602
2016,June,6,34,Orleans,3118,5999,719454,1031,1533,231364,2087,4466,488090
2016,May,5,34,Orleans,3136,6055,724226,1038,1557,234314,2098,4498,489912
2016,April,4,34,Orleans,3166,6122,735838,1065,1609,242764,2101,4513,493074
2016,March,3,34,Orleans,3187,6151,743912,1077,1610,243459,2110,4541,500453
2016,February,2,34,Orleans,3180,6130,739600,1076,1624,247785,2104,4506,491815
2016,January,1,34,Orleans,3181,6149,733313,1069,1627,244718,2112,4522,488595
2015,December,12,34,Orleans,3176,6102,729837,1077,1639,247125,2099,4463,482712
2015,November,11,34,Orleans,3115,5974,712720,1048,1554,236328,2067,4420,476392
2015,October,10,34,Orleans,3137,6042,724760,1042,1553,236076,2095,4489,488684
2015,September,9,34,Orleans,3150,6052,727034,1050,1562,241522,2100,4490,485512
2015,August,8,34,Orleans,3153,6043,728249,1037,1526,232005,2116,4517,496244
2015,July,7,34,Orleans,3175,6101,720991,1029,1539,230276,2146,4562,490715
2015,June,6,34,Orleans,3204,6148,729583,1059,1583,241055,2145,4565,488528
2015,May,5,34,Orleans,3262,6258,746620,1094,1654,249714,2168,4604,496906
2015,April,4,34,Orleans,3258,6240,750661,1099,1665,251724,2159,4575,498937
2015,March,3,34,Orleans,3296,6347,768715,1109,1689,256933,2187,4658,511782
2015,February,2,34,Orleans,3286,6335,767929,1113,1704,256875,2173,4631,511054
2015,January,1,34,Orleans,3267,6315,769066,1108,1696,256208,2159,4619,512858
2014,December,12,34,Orleans,3260,6320,774443,991,1460,228610,2269,4860,545833
2014,November,11,34,Orleans,3263,6290,772063,1009,1469,230200,2254,4821,541863
2014,October,10,34,Orleans,3283,6324,780028,1005,1499,234021,2278,4825,546007
2014,September,9,34,Orleans,3279,6352,747180,1008,1528,227670,2271,4824,519510
2014,August,8,34,Orleans,3293,6358,756373,1015,1538,232422,2278,4820,523951
2014,July,7,34,Orleans,3336,6485,776655,1017,1520,231576,2319,4965,545079
2014,June,6,34,Orleans,3324,6476,771772,998,1495,229976,2326,4981,541796
2014,May,5,34,Orleans,3340,6534,783659,1005,1523,233381,2335,5011,550278
2014,April,4,34,Orleans,3334,6488,773179,1017,1521,235797,2317,4967,537382
2014,March,3,34,Orleans,3314,6485,780910,1019,1557,240377,2295,4928,540533
2014,February,2,34,Orleans,3272,6341,763616,1005,1501,232580,2267,4840,531036
2014,January,1,34,Orleans,3265,6337,762461,1018,1509,235191,2247,4828,527270
2013,December,12,34,Orleans,3207,6211,745746,1023,1502,235848,2184,4709,509898
2013,November,11,34,Orleans,3515,6511,1122269,1085,1582,333434,2430,4929,788835
2013,October,10,34,Orleans,3185,6150,797034,1006,1474,245560,2179,4676,551474
2013,September,9,34,Orleans,3205,6200,799759,973,1421,233884,2232,4779,565875
2013,August,8,34,Orleans,3204,6201,792512,981,1413,231662,2223,4788,560850
2013,July,7,34,Orleans,3205,6244,792274,963,1379,225022,2242,4865,567252
2013,June,6,34,Orleans,3184,6186,784177,968,1389,227260,2216,4797,556917
2013,May,5,34,Orleans,3163,6134,775597,967,1382,228339,2196,4752,547258
2013,April,4,34,Orleans,3154,6181,780572,988,1437,235519,2166,4744,545053
2013,March,3,34,Orleans,3178,6217,780864,985,1394,228993,2193,4823,551871
2013,February,2,34,Orleans,3138,6155,772982,995,1417,232756,2143,4738,540226
2013,January,1,34,Orleans,3082,6035,756095,981,1423,232480,2101,4612,523615
2012,December,12,34,Orleans,3018,5909,742181,964,1383,227309,2054,4526,514872
2012,November,11,34,Orleans,3010,5886,736869,944,1360,223424,2066,4526,513445
2012,October,10,34,Orleans,3006,5909,739719,956,1385,227234,2050,4524,512485
2012,September,9,34,Orleans,3008,5908,741184,948,1368,223295,2060,4540,517889
2012,August,8,34,Orleans,2989,5861,736302,941,1350,222166,2048,4511,514136
2012,July,7,34,Orleans,2976,5835,730508,928,1315,216127,2048,4520,514381
2012,June,6,34,Orleans,2992,5860,733899,932,1324,219867,2060,4536,514032
2012,May,5,34,Orleans,3013,5942,748547,921,1290,214079,2092,4652,534468
2012,April,4,34,Orleans,3025,5978,745255,925,1313,215940,2100,4665,529315
2012,March,3,34,Orleans,3058,6024,764323,925,1322,220545,2133,4702,543778
2012,February,2,34,Orleans,3009,5973,743199,902,1307,210611,2107,4666,532588
2012,January,1,34,Orleans,2989,5916,738682,895,1291,211164,2094,4625,527518
2011,December,12,34,Orleans,2983,5938,750870,888,1292,212275,2095,4646,538595
2011,November,11,34,Orleans,2944,5874,747940,892,1299,213699,2052,4575,534241
2011,October,10,34,Orleans,2941,5874,747209,887,1290,213411,2054,4584,533798
2011,September,9,34,Orleans,2925,5863,739897,864,1246,203651,2061,4617,536246
2011,August,8,34,Orleans,2931,5850,740735,894,1314,211901,2037,4536,528834
2011,July,7,34,Orleans,2915,5855,739870,891,1334,217745,2024,4521,522125
2011,June,6,34,Orleans,2918,5854,739366,905,1366,222499,2013,4488,516867
2011,May,5,34,Orleans,2901,5876,736675,887,1335,218955,2014,4541,517720
2011,April,4,34,Orleans,2886,5871,733866,891,1336,216054,1995,4535,517812
2011,March,3,34,Orleans,2876,5857,753421,891,1333,221896,1985,4524,531525
2011,February,2,34,Orleans,2885,5857,753005,890,1314,220463,1995,4543,532542
2011,January,1,34,Orleans,2862,5828,751593,874,1300,217449,1988,4528,534144
2010,December,12,34,Orleans,2865,5822,756824,867,1284,217197,1998,4538,539627
2010,November,11,34,Orleans,2806,5720,741945,862,1271,210741,1944,4449,531204
2010,October,10,34,Orleans,2807,5777,749276,857,1281,213029,1950,4496,536247
2010,September,9,34,Orleans,2781,5689,739183,839,1236,206816,1942,4453,532367
2010,August,8,34,Orleans,2767,5649,743003,827,1218,204613,1940,4431,538390
2010,July,7,34,Orleans,2762,5673,737213,836,1208,204177,1926,4465,533036
2010,June,6,34,Orleans,2749,5621,729420,817,1158,196228,1932,4463,533192
2010,May,5,34,Orleans,2736,5600,720926,806,1125,191128,1930,4475,529798
2010,April,4,34,Orleans,2735,5612,725938,829,1186,200376,1906,4426,525562
2010,March,3,34,Orleans,2726,5566,728555,845,1193,203360,1881,4373,525195
2010,February,2,34,Orleans,2668,5474,720509,840,1211,208882,1828,4263,511627
2010,January,1,34,Orleans,2654,5467,725203,828,1195,202950,1826,4272,522253
2009,December,12,34,Orleans,2621,5427,705568,802,1128,192084,1819,4299,513484
2009,November,11,34,Orleans,2532,5255,684305,797,1133,191868,1735,4122,492437
2009,October,10,34,Orleans,2532,5280,700129,797,1140,192708,1735,4140,507421
2009,September,9,34,Orleans,2467,5172,676380,753,1068,178469,1714,4104,497911
2009,August,8,34,Orleans,2438,5092,674460,755,1077,180550,1683,4015,493910
2009,July,7,34,Orleans,2406,5034,665001,747,1057,177003,1659,3977,487998
2009,June,6,34,Orleans,2391,4994,665690,769,1099,187356,1622,3895,478334
2009,May,5,34,Orleans,2381,4960,660172,759,1088,183949,1622,3872,476223
2009,April,4,34,Orleans,2374,4963,672415,778,1144,188958,1596,3819,483457
2009,March,3,34,Orleans,2333,4893,571673,758,1097,161183,1575,3796,410490
2009,February,2,34,Orleans,2279,4788,559143,744,1080,157929,1535,3708,401214
2009,January,1,34,Orleans,2273,4787,515465,739,1078,144044,1534,3709,371421
2008,December,12,34,Orleans,2220,4644,512934,730,1049,143154,1490,3595,369780
2008,November,11,34,Orleans,2118,4408,485333,700,987,133029,1418,3421,352304
2008,October,10,34,Orleans,2100,4369,480390,695,974,131146,1405,3395,349244
2008,September,9,34,Orleans,2060,4281,405196,680,938,107447,1380,3343,297749
2008,August,8,34,Orleans,2003,4158,397680,677,955,109102,1326,3203,288578
2008,July,7,34,Orleans,2004,4130,394188,702,995,113212,1302,3135,280976
2008,June,6,34,Orleans,1963,4049,385147,689,991,112451,1274,3058,272696
2008,May,5,34,Orleans,1965,4091,391832,699,995,114966,1266,3096,276866
2008,April,4,34,Orleans,1932,4033,389621,706,995,115142,1226,3038,274479
2008,March,3,34,Orleans,1918,4040,391967,697,998,115374,1221,3042,276593
2008,February,2,34,Orleans,1879,3981,384598,686,987,113424,1193,2994,271174
2008,January,1,34,Orleans,1876,4015,385494,680,987,112517,1196,3028,272977
2007,December,12,34,Orleans,1866,3978,388787,669,975,114144,1197,3003,274643
2007,November,11,34,Orleans,1863,3948,385961,690,986,114138,1173,2962,271823
2007,October,10,34,Orleans,1834,3864,381873,694,1012,118412,1140,2852,263461
2007,September,9,34,Orleans,1821,3833,356236,692,1003,109968,1129,2830,246268
2007,August,8,34,Orleans,1853,3902,357974,713,1028,112509,1140,2874,245465
2007,July,7,34,Orleans,1852,3955,358367,712,1036,112899,1140,2919,245468
2007,June,6,34,Orleans,1874,4006,363297,724,1073,117230,1150,2933,246067
2007,May,5,34,Orleans,1847,3903,356610,716,1033,112594,1131,2870,244016
2007,April,4,34,Orleans,1849,3904,361268,732,1072,118906,1117,2832,242362
2007,March,3,34,Orleans,1885,3983,363600,736,1061,117594,1149,2922,246006
2007,February,2,34,Orleans,1852,3908,356790,735,1076,120025,1117,2832,236765
2007,January,1,34,Orleans,1851,3899,356049,743,1099,120064,1108,2800,235985
2006,December,12,34,Orleans,1823,3886,358400,730,1077,118969,1093,2809,239431
2006,November,11,34,Orleans,1788,3825,353260,725,1080,121356,1063,2745,231904
2006,October,10,34,Orleans,1781,3797,381416,723,1099,135876,1058,2698,245540
2006,September,9,34,Orleans,1797,3846,344416,690,1039,108965,1107,2807,235451
2006,August,8,34,Orleans,1818,3908,355784,692,1050,113549,1126,2858,242235
2006,July,7,34,Orleans,1830,3925,348988,701,1042,110739,1129,2883,238249
2006,June,6,34,Orleans,1823,3934,345316,707,1069,111929,1116,2865,233387
2006,May,5,34,Orleans,1838,3891,347566,725,1081,114422,1113,2810,233144
2006,April,4,34,Orleans,1836,3932,347156,718,1068,113328,1118,2864,233828
2006,March,3,34,Orleans,1842,3947,353561,721,1062,115648,1121,2885,237913
2006,February,2,34,Orleans,1807,3883,349844,704,1031,111234,1103,2852,238610
2006,January,1,34,Orleans,1777,3785,334830,685,1004,105966,1092,2781,228864
2005,December,12,34,Orleans,1799,3877,346624,706,1036,111171,1093,2841,235453
2005,November,11,34,Orleans,1737,3703,331986,677,952,102286,1060,2751,229700
2005,October,10,34,Orleans,1776,3810,342833,678,975,104854,1098,2835,237979
2005,September,9,34,Orleans,1752,3724,323122,636,900,92595,1116,2824,230527
2005,August,8,34,Orleans,1727,3691,321916,627,894,90892,1100,2797,231024
2005,July,7,34,Orleans,1719,3668,322437,631,915,93847,1088,2753,228590
2005,June,6,34,Orleans,1730,3678,327242,659,983,100125,1071,2695,227117
2005,May,5,34,Orleans,1740,3684,329660,698,1055,110117,1042,2629,219543
2005,April,4,34,Orleans,1748,3741,334616,694,1062,110706,1054,2679,223910
2005,March,3,34,Orleans,1761,3770,336669,713,1098,116312,1048,2672,220357
2005,February,2,34,Orleans,1739,3745,329396,726,1123,116650,1013,2622,212746
2005,January,1,34,Orleans,1705,3703,320671,708,1066,111253,997,2637,209418
2004,December,12,34,Orleans,1730,3773,332848,696,1054,108319,1034,2719,224529
2004,November,11,34,Orleans,1690,3696,326859,686,1066,108536,1004,2630,218323
2004,October,10,34,Orleans,1683,3695,324941,695,1123,114226,988,2572,210715
2004,September,9,34,Orleans,1658,3613,298436,660,1059,102149,998,2554,196287
2004,August,8,34,Orleans,1663,3664,304436,645,1045,104201,1018,2619,200235
2004,July,7,34,Orleans,1634,3583,301366,648,1055,105108,986,2528,196258
2004,June,6,34,Orleans,1587,3493,289513,627,1025,102064,960,2468,187449
2004,May,5,34,Orleans,1591,3518,293205,622,1013,101507,969,2505,191698
2004,April,4,34,Orleans,1574,3502,293960,610,991,98982,964,2511,194978
2004,March,3,34,Orleans,1587,3554,302534,620,1003,102149,967,2551,200385
2004,February,2,34,Orleans,1551,3473,291924,610,991,99037,941,2482,192887
2004,January,1,34,Orleans,1552,3455,286344,593,928,92055,959,2527,194289
2003,December,12,34,Orleans,1502,3365,281252,585,935,93103,917,2430,188149
2003,November,11,34,Orleans,1459,3229,268451,576,898,88059,883,2331,180392
2003,October,10,34,Orleans,1450,3224,268634,583,912,92055,867,2312,176579
2003,September,9,34,Orleans,1444,3188,263812,554,885,88707,890,2303,175105
2003,August,8,34,Orleans,1425,3170,263855,532,839,82407,893,2331,181448
2003,July,7,34,Orleans,1439,3193,263473,535,835,82113,904,2358,181360
2003,June,6,34,Orleans,1451,3192,269066,544,844,84032,907,2348,185034
2003,May,5,34,Orleans,1471,3223,273554,566,895,90039,905,2328,183515
2003,April,4,34,Orleans,1465,3210,268114,561,875,87066,904,2335,181048
2003,March,3,34,Orleans,1456,3185,268311,580,907,91148,876,2278,177163
2003,February,2,34,Orleans,1446,3185,267907,587,935,95407,859,2250,172500
2003,January,1,34,Orleans,1422,3158,263737,581,956,96738,841,2202,166999
2002,December,12,34,Orleans,1416,3121,259013,598,977,97904,818,2144,161109
2002,November,11,34,Orleans,1370,3053,248616,582,942,93728,788,2111,154888
2002,October,10,34,Orleans,1370,3061,260117,582,947,96052,788,2114,164065
2002,September,9,34,Orleans,1344,2996,239496,548,899,83378,796,2097,156118
2002,August,8,34,Orleans,1355,3009,241910,554,903,84513,801,2106,157397
2002,July,7,34,Orleans,1349,3022,235756,547,898,79560,802,2124,156196
2002,June,6,34,Orleans,1365,3041,239659,556,914,82920,809,2127,156739
2002,May,5,34,Orleans,1369,3033,242251,586,1002,92035,783,2031,150216
2002,April,4,34,Orleans,1345,2978,240766,600,1018,95007,745,1960,145759
2002,March,3,34,Orleans,1369,3047,249167,613,1058,98460,756,1989,150707
2002,February,2,34,Orleans,1320,2945,235558,632,1126,103913,688,1819,131645
2002,January,1,34,Orleans,1329,3011,242381,640,1170,106667,689,1841,135714
2018,December,12,35,Oswego,9200,18154,2183633,2738,4197,614902,6462,13957,1568731
2018,November,11,35,Oswego,9099,18012,2158914,2751,4205,615158,6348,13807,1543756
2018,October,10,35,Oswego,9099,17931,2165633,2777,4238,620984,6322,13693,1544649
2018,September,9,35,Oswego,9064,17941,2139011,2792,4283,619912,6272,13658,1519099
2018,August,8,35,Oswego,9141,18132,2178384,2817,4343,632605,6324,13789,1545779
2018,July,7,35,Oswego,9116,18002,2152307,2825,4331,623243,6291,13671,1529064
2018,June,6,35,Oswego,9268,18336,2174417,2853,4376,631449,6415,13960,1542968
2018,May,5,35,Oswego,9401,18700,2224982,2865,4421,638986,6536,14279,1585996
2018,April,4,35,Oswego,9517,18946,2237427,2892,4468,642490,6625,14478,1594937
2018,March,3,35,Oswego,9679,19310,2296006,2944,4549,654281,6735,14761,1641725
2018,February,2,35,Oswego,9610,19130,2266652,2936,4580,662634,6674,14550,1604018
2018,January,1,35,Oswego,9622,19251,2296949,2956,4624,671124,6666,14627,1625825
2017,December,12,35,Oswego,9489,19055,2255937,2944,4646,669496,6545,14409,1586441
2017,November,11,35,Oswego,9369,18808,2225030,2913,4595,663418,6456,14213,1561612
2017,October,10,35,Oswego,9418,18911,2252060,2948,4684,676335,6470,14227,1575725
2017,September,9,35,Oswego,9395,18834,2246083,2952,4689,674865,6443,14145,1571218
2017,August,8,35,Oswego,9386,18897,2262187,2956,4702,685420,6430,14195,1576767
2017,July,7,35,Oswego,9398,18863,2247562,2966,4732,679434,6432,14131,1568128
2017,June,6,35,Oswego,9479,19006,2265683,2988,4788,690488,6491,14218,1575195
2017,May,5,35,Oswego,9527,19192,2280686,2976,4779,689665,6551,14413,1591021
2017,April,4,35,Oswego,9568,19275,2275760,2975,4755,684126,6593,14520,1591634
2017,March,3,35,Oswego,9660,19473,2320981,2987,4751,690003,6673,14722,1630978
2017,February,2,35,Oswego,9592,19477,2316225,2963,4723,684994,6629,14754,1631231
2017,January,1,35,Oswego,9538,19355,2314668,2973,4725,687660,6565,14630,1627008
2016,December,12,35,Oswego,9421,19138,2281868,2941,4673,679465,6480,14465,1602403
2016,November,11,35,Oswego,9312,18930,2263848,2909,4607,674040,6403,14323,1589808
2016,October,10,35,Oswego,9385,19080,2298246,2945,4687,680977,6440,14393,1617269
2016,September,9,35,Oswego,9391,19144,2302839,2919,4638,673166,6472,14506,1629673
2016,August,8,35,Oswego,9442,19237,2336905,2957,4714,687396,6485,14523,1649509
2016,July,7,35,Oswego,9467,19333,2356484,2948,4717,681256,6519,14616,1675228
2016,June,6,35,Oswego,9485,19325,2354341,2978,4759,690784,6507,14566,1663557
2016,May,5,35,Oswego,9581,19631,2406819,2964,4761,690338,6617,14870,1716481
2016,April,4,35,Oswego,9650,19664,2401708,2970,4829,696257,6680,14835,1705451
2016,March,3,35,Oswego,9744,19893,2464236,3027,4957,720445,6717,14936,1743791
2016,February,2,35,Oswego,9528,19427,2385448,3024,4991,728381,6504,14436,1657067
2016,January,1,35,Oswego,9577,19586,2395291,3008,4959,721309,6569,14627,1673982
2015,December,12,35,Oswego,9617,19720,2419591,3008,4962,723819,6609,14758,1695772
2015,November,11,35,Oswego,9511,19537,2391208,2989,4953,718308,6522,14584,1672900
2015,October,10,35,Oswego,9525,19598,2417144,3015,4963,727237,6510,14635,1689907
2015,September,9,35,Oswego,9468,19509,2414407,3007,5011,734292,6461,14498,1680115
2015,August,8,35,Oswego,9562,19694,2452019,3034,5049,742788,6528,14645,1709231
2015,July,7,35,Oswego,9581,19755,2445945,3073,5143,751856,6508,14612,1694089
2015,June,6,35,Oswego,9659,19926,2479391,3049,5113,748108,6610,14813,1731283
2015,May,5,35,Oswego,9749,20145,2522724,3090,5168,761112,6659,14977,1761612
2015,April,4,35,Oswego,9762,20249,2556033,3081,5173,761044,6681,15076,1794989
2015,March,3,35,Oswego,9768,20276,2574811,3124,5281,778327,6644,14995,1796484
2015,February,2,35,Oswego,9641,20114,2540095,3089,5267,771338,6552,14847,1768757
2015,January,1,35,Oswego,9627,20027,2507199,3100,5277,776755,6527,14750,1730444
2014,December,12,35,Oswego,9679,20170,2552368,2741,4371,674202,6938,15799,1878166
2014,November,11,35,Oswego,9614,20036,2543608,2759,4348,674369,6855,15688,1869239
2014,October,10,35,Oswego,9589,20054,2561923,2698,4250,661696,6891,15804,1900227
2014,September,9,35,Oswego,9584,20078,2431605,2683,4233,628043,6901,15845,1803562
2014,August,8,35,Oswego,9672,20356,2481643,2699,4306,645390,6973,16050,1836253
2014,July,7,35,Oswego,9788,20673,2518973,2702,4313,650940,7086,16360,1868033
2014,June,6,35,Oswego,9916,21052,2559548,2687,4205,634705,7229,16847,1924843
2014,May,5,35,Oswego,10004,21302,2594937,2701,4307,644553,7303,16995,1950384
2014,April,4,35,Oswego,10045,21476,2614075,2706,4331,643385,7339,17145,1970690
2014,March,3,35,Oswego,9952,21377,2618323,2692,4365,650150,7260,17012,1968173
2014,February,2,35,Oswego,9770,21015,2567308,2629,4241,630836,7141,16774,1936472
2014,January,1,35,Oswego,9664,20739,2529143,2640,4255,634292,7024,16484,1894851
2013,December,12,35,Oswego,9490,20244,2480218,2650,4240,637366,6840,16004,1842852
2013,November,11,35,Oswego,9706,20520,2771783,2750,4417,752346,6956,16103,2019437
2013,October,10,35,Oswego,9578,20582,2680572,2645,4292,681061,6933,16290,1999511
2013,September,9,35,Oswego,9536,20506,2632814,2646,4278,667414,6890,16228,1965400
2013,August,8,35,Oswego,9600,20722,2667257,2636,4236,665896,6964,16486,2001361
2013,July,7,35,Oswego,9462,20441,2617174,2632,4202,664377,6830,16239,1952797
2013,June,6,35,Oswego,9525,20628,2639770,2622,4183,659609,6903,16445,1980161
2013,May,5,35,Oswego,9559,20718,2671344,2604,4113,653478,6955,16605,2017866
2013,April,4,35,Oswego,9539,20732,2631446,2615,4147,654394,6924,16585,1977052
2013,March,3,35,Oswego,9619,20934,2710129,2565,4064,639507,7054,16870,2070622
2013,February,2,35,Oswego,9388,20502,2656360,2549,4021,637763,6839,16481,2018597
2013,January,1,35,Oswego,9320,20481,2628768,2544,3972,626020,6776,16509,2002748
2012,December,12,35,Oswego,9189,20259,2614538,2537,3967,631791,6652,16292,1982747
2012,November,11,35,Oswego,9197,20217,2639412,2521,3901,622444,6676,16316,2016968
2012,October,10,35,Oswego,9173,20122,2637604,2504,3885,618380,6669,16237,2019224
2012,September,9,35,Oswego,9108,20108,2601430,2462,3831,604916,6646,16277,1996514
2012,August,8,35,Oswego,9137,20152,2624362,2411,3689,589680,6726,16463,2034682
2012,July,7,35,Oswego,9120,20237,2630386,2349,3571,567942,6771,16666,2062444
2012,June,6,35,Oswego,9141,20294,2621147,2339,3512,559593,6802,16782,2061554
2012,May,5,35,Oswego,9185,20412,2643022,2326,3455,554982,6859,16957,2088040
2012,April,4,35,Oswego,9185,20492,2649407,2322,3461,559248,6863,17031,2090159
2012,March,3,35,Oswego,9285,20739,2758245,2351,3526,585495,6934,17213,2172750
2012,February,2,35,Oswego,9080,20256,2641530,2318,3454,554266,6762,16802,2087264
2012,January,1,35,Oswego,9003,20042,2574044,2325,3416,550297,6678,16626,2023747
2011,December,12,35,Oswego,8967,19957,2597958,2263,3331,542469,6704,16626,2055489
2011,November,11,35,Oswego,8879,19846,2573773,2267,3318,537642,6612,16528,2036131
2011,October,10,35,Oswego,8882,19924,2594402,2220,3197,522135,6662,16727,2072267
2011,September,9,35,Oswego,8883,19954,2584587,2174,3143,509465,6709,16811,2075122
2011,August,8,35,Oswego,8840,19926,2590755,2170,3165,513833,6670,16761,2076922
2011,July,7,35,Oswego,8806,19888,2575424,2144,3095,500264,6662,16793,2075160
2011,June,6,35,Oswego,8789,19918,2565461,2165,3172,508887,6624,16746,2056574
2011,May,5,35,Oswego,8778,19998,2585759,2116,3071,492880,6662,16927,2092879
2011,April,4,35,Oswego,8741,19919,2581653,2099,3020,487768,6642,16899,2093885
2011,March,3,35,Oswego,8629,19731,2628574,2093,3014,501098,6536,16717,2127476
2011,February,2,35,Oswego,8498,19378,2565943,2111,3051,505323,6387,16327,2060620
2011,January,1,35,Oswego,8451,19381,2545833,2090,3016,500895,6361,16365,2044938
2010,December,12,35,Oswego,8400,19322,2514297,2092,3005,496952,6308,16317,2017345
2010,November,11,35,Oswego,8268,19040,2501109,2075,2979,493951,6193,16061,2007158
2010,October,10,35,Oswego,8200,18977,2503631,2064,2970,493393,6136,16007,2010238
2010,September,9,35,Oswego,8073,18741,2487950,2023,2897,481476,6050,15844,2006474
2010,August,8,35,Oswego,8027,18616,2466787,2016,2907,480186,6011,15709,1986601
2010,July,7,35,Oswego,7954,18545,2474010,1993,2854,469096,5961,15691,2004914
2010,June,6,35,Oswego,7908,18465,2451704,1978,2843,475250,5930,15622,1976454
2010,May,5,35,Oswego,7913,18468,2442800,1995,2853,473038,5918,15615,1969762
2010,April,4,35,Oswego,7838,18295,2426337,1983,2846,472982,5855,15449,1953355
2010,March,3,35,Oswego,7760,18170,2415666,1986,2909,484885,5774,15261,1930781
2010,February,2,35,Oswego,7617,17900,2377858,2006,2944,493504,5611,14956,1884354
2010,January,1,35,Oswego,7537,17772,2400849,1982,2920,485666,5555,14852,1915183
2009,December,12,35,Oswego,7409,17492,2343189,1963,2917,484438,5446,14575,1858751
2009,November,11,35,Oswego,7169,16929,2260678,1970,2906,480648,5199,14023,1780030
2009,October,10,35,Oswego,7039,16572,2225422,1957,2855,473089,5082,13717,1752333
2009,September,9,35,Oswego,6874,16197,2180632,1898,2750,463114,4976,13447,1717518
2009,August,8,35,Oswego,6767,16002,2144427,1863,2680,442164,4904,13322,1702263
2009,July,7,35,Oswego,6661,15698,2118486,1867,2686,444931,4794,13012,1673555
2009,June,6,35,Oswego,6632,15563,2121367,1846,2646,439549,4786,12917,1681818
2009,May,5,35,Oswego,6546,15436,2100921,1841,2627,435968,4705,12809,1664953
2009,April,4,35,Oswego,6427,15138,2076883,1820,2590,430268,4607,12548,1646615
2009,March,3,35,Oswego,6296,14826,1756005,1765,2509,364901,4531,12317,1391104
2009,February,2,35,Oswego,6150,14466,1714460,1762,2470,360963,4388,11996,1353497
2009,January,1,35,Oswego,6081,14307,1584134,1763,2485,323093,4318,11822,1261041
2008,December,12,35,Oswego,5929,13859,1565372,1777,2499,336757,4152,11360,1228615
2008,November,11,35,Oswego,5677,13302,1480092,1722,2405,312535,3955,10897,1167557
2008,October,10,35,Oswego,5576,12968,1463872,1724,2422,315647,3852,10546,1148225
2008,September,9,35,Oswego,5409,12549,1229131,1676,2312,247161,3733,10237,981970
2008,August,8,35,Oswego,5365,12431,1221292,1671,2309,250141,3694,10122,971151
2008,July,7,35,Oswego,5349,12442,1223225,1650,2274,241775,3699,10168,981450
2008,June,6,35,Oswego,5300,12330,1199658,1644,2288,239525,3656,10042,960133
2008,May,5,35,Oswego,5231,12223,1202454,1641,2277,240949,3590,9946,961505
2008,April,4,35,Oswego,5180,12102,1179881,1652,2315,246560,3528,9787,933321
2008,March,3,35,Oswego,5136,11997,1158987,1650,2310,244569,3486,9687,914418
2008,February,2,35,Oswego,5003,11679,1121069,1660,2325,248510,3343,9354,872559
2008,January,1,35,Oswego,4935,11503,1113827,1666,2350,252290,3269,9153,861537
2007,December,12,35,Oswego,4857,11289,1103954,1658,2303,249827,3199,8986,854127
2007,November,11,35,Oswego,4797,11124,1088408,1655,2318,248783,3142,8806,839625
2007,October,10,35,Oswego,4789,11110,1088963,1643,2260,237904,3146,8850,851059
2007,September,9,35,Oswego,4801,11080,1024367,1643,2255,224817,3158,8825,799550
2007,August,8,35,Oswego,4764,10991,1013226,1631,2201,219095,3133,8790,794131
2007,July,7,35,Oswego,4780,11045,1016822,1603,2172,214347,3177,8873,802475
2007,June,6,35,Oswego,4867,11373,1043160,1647,2287,223899,3220,9086,819261
2007,May,5,35,Oswego,4908,11388,1054320,1662,2305,227069,3246,9083,827251
2007,April,4,35,Oswego,4907,11392,1056194,1687,2361,232419,3220,9031,823775
2007,March,3,35,Oswego,4960,11524,1089987,1705,2378,232623,3255,9146,857364
2007,February,2,35,Oswego,4824,11204,1047916,1673,2334,227064,3151,8870,820852
2007,January,1,35,Oswego,4894,11280,1057609,1703,2342,230035,3191,8938,827574
2006,December,12,35,Oswego,4853,11223,1049950,1674,2301,226952,3179,8922,822998
2006,November,11,35,Oswego,4811,11098,1036732,1680,2300,233041,3131,8798,803691
2006,October,10,35,Oswego,4824,11104,1041441,1691,2372,238077,3133,8732,803364
2006,September,9,35,Oswego,4828,11145,1007748,1638,2305,223292,3190,8840,784456
2006,August,8,35,Oswego,4879,11282,1017400,1647,2308,221895,3232,8974,795505
2006,July,7,35,Oswego,4830,11233,1009794,1583,2176,207936,3247,9057,801858
2006,June,6,35,Oswego,4942,11490,1043485,1599,2180,210157,3343,9310,833328
2006,May,5,35,Oswego,4885,11419,1032074,1570,2110,201457,3315,9309,830617
2006,April,4,35,Oswego,4908,11519,1043692,1595,2164,208948,3313,9355,834744
2006,March,3,35,Oswego,4938,11592,1061485,1583,2142,207147,3355,9450,854338
2006,February,2,35,Oswego,4848,11464,1048045,1586,2170,209782,3262,9294,838263
2006,January,1,35,Oswego,4835,11405,1028384,1582,2151,201669,3253,9254,826715
2005,December,12,35,Oswego,4771,11222,1034777,1558,2095,204218,3213,9127,830559
2005,November,11,35,Oswego,4644,10951,995412,1528,2073,200050,3116,8878,795362
2005,October,10,35,Oswego,4618,10857,985595,1531,2130,208038,3087,8727,777557
2005,September,9,35,Oswego,4565,10796,947955,1489,2052,190694,3076,8744,757261
2005,August,8,35,Oswego,4605,10955,965700,1515,2134,200406,3090,8821,765294
2005,July,7,35,Oswego,4609,10976,964635,1498,2065,191619,3111,8911,773016
2005,June,6,35,Oswego,4670,11145,981861,1522,2114,193115,3148,9031,788746
2005,May,5,35,Oswego,4710,11188,994278,1538,2130,195781,3172,9058,798497
2005,April,4,35,Oswego,4703,11149,978851,1570,2214,204287,3133,8935,774564
2005,March,3,35,Oswego,4765,11250,994685,1592,2198,204522,3173,9052,790163
2005,February,2,35,Oswego,4678,11037,975655,1612,2208,202789,3066,8829,772866
2005,January,1,35,Oswego,4641,10915,969988,1624,2249,207086,3017,8666,762902
2004,December,12,35,Oswego,4603,10742,963851,1613,2262,208785,2990,8480,755066
2004,November,11,35,Oswego,4505,10535,942256,1565,2173,202909,2940,8362,739347
2004,October,10,35,Oswego,4460,10464,936697,1548,2175,204309,2912,8289,732388
2004,September,9,35,Oswego,4409,10466,865540,1494,2107,186865,2915,8359,678675
2004,August,8,35,Oswego,4415,10543,874139,1467,2128,191718,2948,8415,682421
2004,July,7,35,Oswego,4416,10608,881559,1423,2053,187498,2993,8555,694061
2004,June,6,35,Oswego,4380,10547,878021,1398,2052,188291,2982,8495,689730
2004,May,5,35,Oswego,4443,10819,904483,1392,2084,191118,3051,8735,713365
2004,April,4,35,Oswego,4406,10732,888769,1367,2009,181643,3039,8723,707126
2004,March,3,35,Oswego,4481,10914,913163,1406,2082,194781,3075,8832,718382
2004,February,2,35,Oswego,4406,10805,889976,1372,1986,179761,3034,8819,710215
2004,January,1,35,Oswego,4334,10658,869930,1354,1972,176115,2980,8686,693815
2003,December,12,35,Oswego,4306,10531,870857,1357,2010,179035,2949,8521,691822
2003,November,11,35,Oswego,4276,10448,868450,1377,2060,182221,2899,8388,686229
2003,October,10,35,Oswego,4199,10249,859671,1346,1955,179408,2853,8294,680263
2003,September,9,35,Oswego,4190,10175,838179,1352,1993,180169,2838,8182,658010
2003,August,8,35,Oswego,4148,10088,827498,1324,1920,174852,2824,8168,652646
2003,July,7,35,Oswego,4172,10194,836614,1334,1922,176709,2838,8272,659905
2003,June,6,35,Oswego,4177,10153,832743,1337,1964,181138,2840,8189,651605
2003,May,5,35,Oswego,4243,10262,848726,1367,1994,183278,2876,8268,665448
2003,April,4,35,Oswego,4206,10212,859466,1364,2010,193876,2842,8202,665590
2003,March,3,35,Oswego,4204,10201,840846,1402,2053,192874,2802,8148,647972
2003,February,2,35,Oswego,4084,9857,811205,1389,2047,190634,2695,7810,620571
2003,January,1,35,Oswego,4067,9827,802311,1382,2044,190277,2685,7783,612034
2002,December,12,35,Oswego,3976,9601,787274,1387,2068,194112,2589,7533,593162
2002,November,11,35,Oswego,3821,9158,754184,1335,1933,181078,2486,7225,573106
2002,October,10,35,Oswego,3784,9012,743203,1318,1911,176495,2466,7101,566708
2002,September,9,35,Oswego,3661,8710,670087,1292,1880,160087,2369,6830,510000
2002,August,8,35,Oswego,3693,8785,677925,1269,1841,153974,2424,6944,523951
2002,July,7,35,Oswego,3652,8683,677252,1289,1892,163205,2363,6791,514047
2002,June,6,35,Oswego,3668,8748,679820,1274,1832,154782,2394,6916,525038
2002,May,5,35,Oswego,3721,8861,695719,1291,1869,160269,2430,6992,535450
2002,April,4,35,Oswego,3698,8842,690977,1272,1825,155749,2426,7017,535228
2002,March,3,35,Oswego,3756,9017,712835,1335,1960,171181,2421,7057,541654
2002,February,2,35,Oswego,3611,8612,671936,1310,1900,165517,2301,6712,506419
2002,January,1,35,Oswego,3655,8691,678767,1328,1957,170189,2327,6734,508578
2018,December,12,36,Otsego,3095,5562,636024,967,1090,168927,2128,4472,467097
2018,November,11,36,Otsego,3045,5439,629158,967,1097,169735,2078,4342,459423
2018,October,10,36,Otsego,3047,5453,639001,962,1089,170917,2085,4364,468084
2018,September,9,36,Otsego,3059,5466,627029,965,1101,170312,2094,4365,456717
2018,August,8,36,Otsego,3102,5575,639495,967,1098,169929,2135,4477,469566
2018,July,7,36,Otsego,3121,5655,645305,967,1104,167806,2154,4551,477499
2018,June,6,36,Otsego,3159,5713,651650,974,1113,168391,2185,4600,483259
2018,May,5,36,Otsego,3213,5872,660068,979,1125,169424,2234,4747,490644
2018,April,4,36,Otsego,3251,5974,668903,976,1126,170029,2275,4848,498874
2018,March,3,36,Otsego,3279,6094,676129,971,1114,166420,2308,4980,509709
2018,February,2,36,Otsego,3270,6053,677125,961,1097,164014,2309,4956,513111
2018,January,1,36,Otsego,3246,5999,670728,949,1078,161750,2297,4921,508978
2017,December,12,36,Otsego,3218,5913,675295,941,1070,161680,2277,4843,513615
2017,November,11,36,Otsego,3127,5685,645318,942,1076,161699,2185,4609,483619
2017,October,10,36,Otsego,3081,5586,639092,950,1092,164863,2131,4494,474229
2017,September,9,36,Otsego,3077,5548,639768,947,1084,165242,2130,4464,474526
2017,August,8,36,Otsego,3087,5601,646894,947,1076,165700,2140,4525,481194
2017,July,7,36,Otsego,3114,5671,646369,941,1059,160788,2173,4612,485581
2017,June,6,36,Otsego,3160,5802,651195,947,1069,161060,2213,4733,490135
2017,May,5,36,Otsego,3195,5909,668359,945,1067,163780,2250,4842,504579
2017,April,4,36,Otsego,3215,5953,671543,944,1065,163590,2271,4888,507953
2017,March,3,36,Otsego,3243,6027,669806,931,1048,156896,2312,4979,512910
2017,February,2,36,Otsego,3226,5993,671387,938,1063,160945,2288,4930,510442
2017,January,1,36,Otsego,3216,5966,671615,945,1075,163806,2271,4891,507809
2016,December,12,36,Otsego,3199,5935,665488,947,1076,163273,2252,4859,502215
2016,November,11,36,Otsego,3139,5798,662410,928,1054,166242,2211,4744,496168
2016,October,10,36,Otsego,3084,5653,641130,923,1051,160454,2161,4602,480676
2016,September,9,36,Otsego,3097,5689,651768,919,1047,162491,2178,4642,489277
2016,August,8,36,Otsego,3075,5650,652443,904,1028,158871,2171,4622,493572
2016,July,7,36,Otsego,3061,5619,651006,896,1010,157201,2165,4609,493805
2016,June,6,36,Otsego,3074,5650,649471,900,1008,156434,2174,4642,493037
2016,May,5,36,Otsego,3120,5728,664210,900,1003,157644,2220,4725,506566
2016,April,4,36,Otsego,3248,5958,701416,908,1021,161079,2340,4937,540337
2016,March,3,36,Otsego,3280,5996,713614,898,1010,160867,2382,4986,552747
2016,February,2,36,Otsego,3254,5973,707662,892,1015,160682,2362,4958,546980
2016,January,1,36,Otsego,3265,6012,712489,883,998,156867,2382,5014,555622
2015,December,12,36,Otsego,3239,5971,707152,874,985,155460,2365,4986,551692
2015,November,11,36,Otsego,3223,5963,709374,870,970,154074,2353,4993,555300
2015,October,10,36,Otsego,3220,5944,705944,877,976,153362,2343,4968,552582
2015,September,9,36,Otsego,3214,5929,710670,888,993,158092,2326,4936,552578
2015,August,8,36,Otsego,3207,5929,706359,884,994,158332,2323,4935,548027
2015,July,7,36,Otsego,3257,6000,720185,891,1010,157875,2366,4990,562310
2015,June,6,36,Otsego,3278,6093,730029,886,1012,157607,2392,5081,572422
2015,May,5,36,Otsego,3328,6259,750156,898,1021,161831,2430,5238,588325
2015,April,4,36,Otsego,3409,6414,773065,913,1033,165631,2496,5381,607434
2015,March,3,36,Otsego,3425,6457,788385,911,1024,164237,2514,5433,624148
2015,February,2,36,Otsego,3399,6385,775220,923,1046,166858,2476,5339,608362
2015,January,1,36,Otsego,3378,6355,775307,921,1038,167008,2457,5317,608299
2014,December,12,36,Otsego,3315,6201,764434,812,891,144372,2503,5310,620062
2014,November,11,36,Otsego,3275,6106,752747,812,885,142426,2463,5221,610321
2014,October,10,36,Otsego,3257,6062,746346,802,882,140898,2455,5180,605448
2014,September,9,36,Otsego,3225,6002,700461,807,873,134220,2418,5129,566241
2014,August,8,36,Otsego,3251,6088,701887,808,894,138183,2443,5194,563704
2014,July,7,36,Otsego,3298,6189,728536,803,880,138361,2495,5309,590175
2014,June,6,36,Otsego,3302,6199,724824,810,889,138481,2492,5310,586343
2014,May,5,36,Otsego,3356,6359,738959,823,902,142024,2533,5457,596935
2014,April,4,36,Otsego,3390,6465,743503,828,908,143067,2562,5557,600436
2014,March,3,36,Otsego,3408,6486,746974,825,913,143085,2583,5573,603889
2014,February,2,36,Otsego,3359,6450,750347,823,918,143721,2536,5532,606626
2014,January,1,36,Otsego,3319,6317,734364,825,921,142918,2494,5396,591446
2013,December,12,36,Otsego,3278,6217,728902,822,923,144291,2456,5294,584611
2013,November,11,36,Otsego,3304,6228,774169,839,951,158276,2465,5277,615893
2013,October,10,36,Otsego,3246,6227,784878,812,913,153326,2434,5314,631552
2013,September,9,36,Otsego,3231,6198,771160,833,950,155310,2398,5248,615850
2013,August,8,36,Otsego,3245,6258,774774,825,934,153682,2420,5324,621092
2013,July,7,36,Otsego,3270,6343,777388,818,916,151399,2452,5427,625989
2013,June,6,36,Otsego,3298,6341,785485,829,922,153743,2469,5419,631742
2013,May,5,36,Otsego,3295,6383,794903,835,938,156596,2460,5445,638307
2013,April,4,36,Otsego,3295,6424,799313,838,951,156860,2457,5473,642453
2013,March,3,36,Otsego,3317,6472,822067,829,942,157568,2488,5530,664499
2013,February,2,36,Otsego,3272,6420,813422,824,931,156056,2448,5489,657366
2013,January,1,36,Otsego,3216,6278,789845,803,896,150542,2413,5382,639303
2012,December,12,36,Otsego,3177,6222,784137,808,895,152141,2369,5327,631996
2012,November,11,36,Otsego,3162,6187,780045,819,915,155996,2343,5272,624049
2012,October,10,36,Otsego,3134,6140,770864,797,892,151890,2337,5248,618974
2012,September,9,36,Otsego,3098,6000,766658,813,933,158299,2285,5067,608359
2012,August,8,36,Otsego,3131,6130,782592,781,866,148085,2350,5264,634507
2012,July,7,36,Otsego,3135,6119,774204,786,864,146736,2349,5255,627468
2012,June,6,36,Otsego,3173,6201,779233,794,876,147765,2379,5325,631468
2012,May,5,36,Otsego,3218,6325,801822,807,894,149380,2411,5431,652442
2012,April,4,36,Otsego,3194,6295,796277,792,871,146643,2402,5424,649634
2012,March,3,36,Otsego,3213,6344,865973,797,877,172320,2416,5467,693653
2012,February,2,36,Otsego,3171,6267,802051,784,864,145781,2387,5403,656270
2012,January,1,36,Otsego,3141,6236,794913,794,882,148283,2347,5354,646630
2011,December,12,36,Otsego,3124,6158,800262,791,870,150092,2333,5288,650170
2011,November,11,36,Otsego,3062,6009,778063,795,879,150351,2267,5130,627712
2011,October,10,36,Otsego,3050,5993,778732,782,867,148154,2268,5126,630578
2011,September,9,36,Otsego,3058,6040,783559,770,852,145423,2288,5188,638136
2011,August,8,36,Otsego,3028,5981,763088,768,850,144054,2260,5131,619034
2011,July,7,36,Otsego,3028,5998,766819,775,861,145288,2253,5137,621531
2011,June,6,36,Otsego,3065,6125,786989,770,857,144588,2295,5268,642401
2011,May,5,36,Otsego,3065,6102,781051,796,897,150912,2269,5205,630139
2011,April,4,36,Otsego,3068,6134,786570,793,887,150552,2275,5247,636018
2011,March,3,36,Otsego,3035,6048,799941,785,885,154471,2250,5163,645470
2011,February,2,36,Otsego,2997,6008,784708,783,882,152460,2214,5126,632248
2011,January,1,36,Otsego,2986,5994,783669,779,875,151710,2207,5119,631959
2010,December,12,36,Otsego,2939,5853,767859,773,856,148986,2166,4997,618873
2010,November,11,36,Otsego,2877,5711,742113,778,856,148807,2099,4855,593306
2010,October,10,36,Otsego,2880,5722,748519,772,850,148567,2108,4872,599952
2010,September,9,36,Otsego,2829,5584,733258,771,843,147221,2058,4741,586037
2010,August,8,36,Otsego,2816,5556,731407,768,850,147928,2048,4706,583479
2010,July,7,36,Otsego,2824,5554,734068,766,851,148063,2058,4703,586005
2010,June,6,36,Otsego,2808,5550,727090,766,846,147969,2042,4704,579121
2010,May,5,36,Otsego,2827,5593,740462,775,865,150542,2052,4728,589920
2010,April,4,36,Otsego,2822,5614,742078,776,889,153008,2046,4725,589070
2010,March,3,36,Otsego,2808,5647,744120,782,890,153519,2026,4757,590601
2010,February,2,36,Otsego,2755,5556,734306,764,872,150531,1991,4684,583775
2010,January,1,36,Otsego,2705,5462,732393,750,849,148285,1955,4613,584108
2009,December,12,36,Otsego,2643,5329,703283,748,850,146496,1895,4479,556787
2009,November,11,36,Otsego,2591,5210,692727,752,838,145943,1839,4372,546784
2009,October,10,36,Otsego,2551,5131,687603,734,812,140968,1817,4319,546635
2009,September,9,36,Otsego,2499,4996,668190,732,826,142608,1767,4170,525582
2009,August,8,36,Otsego,2451,4888,656604,731,813,141356,1720,4075,515248
2009,July,7,36,Otsego,2421,4847,651903,724,813,140516,1697,4034,511387
2009,June,6,36,Otsego,2419,4842,654107,730,808,140534,1689,4034,513573
2009,May,5,36,Otsego,2387,4776,650479,731,801,140961,1656,3975,509518
2009,April,4,36,Otsego,2375,4732,647253,736,813,141867,1639,3919,505386
2009,March,3,36,Otsego,2343,4668,550824,736,811,124594,1607,3857,426230
2009,February,2,36,Otsego,2285,4566,536944,704,769,119797,1581,3797,417147
2009,January,1,36,Otsego,2204,4401,474626,663,722,92686,1541,3679,381940
2008,December,12,36,Otsego,2105,4186,462521,660,723,94979,1445,3463,367542
2008,November,11,36,Otsego,2022,4033,441813,658,722,95053,1364,3311,346760
2008,October,10,36,Otsego,1977,3921,432315,643,707,92621,1334,3214,339694
2008,September,9,36,Otsego,1950,3827,348120,648,700,67551,1302,3127,280569
2008,August,8,36,Otsego,1919,3751,343873,648,712,69617,1271,3039,274256
2008,July,7,36,Otsego,1915,3737,344812,644,693,68951,1271,3044,275861
2008,June,6,36,Otsego,1910,3703,344012,645,696,69111,1265,3007,274901
2008,May,5,36,Otsego,1915,3723,345530,639,688,69104,1276,3035,276426
2008,April,4,36,Otsego,1907,3713,352124,656,720,71992,1251,2993,280132
2008,March,3,36,Otsego,1867,3630,341124,642,694,69523,1225,2936,271601
2008,February,2,36,Otsego,1814,3483,330949,631,685,69023,1183,2798,261926
2008,January,1,36,Otsego,1799,3464,330458,625,688,69014,1174,2776,261444
2007,December,12,36,Otsego,1751,3367,324162,621,674,68411,1130,2693,255751
2007,November,11,36,Otsego,1732,3330,319634,620,671,67540,1112,2659,252094
2007,October,10,36,Otsego,1731,3351,318463,621,676,67919,1110,2675,250544
2007,September,9,36,Otsego,1723,3310,298780,602,662,62052,1121,2648,236728
2007,August,8,36,Otsego,1725,3292,298744,616,683,64029,1109,2609,234715
2007,July,7,36,Otsego,1737,3320,303436,618,690,64853,1119,2630,238583
2007,June,6,36,Otsego,1775,3441,316408,627,710,67408,1148,2731,249000
2007,May,5,36,Otsego,1754,3390,315848,633,717,68065,1121,2673,247783
2007,April,4,36,Otsego,1754,3392,309886,614,687,65776,1140,2705,244110
2007,March,3,36,Otsego,1766,3446,316055,619,685,65679,1147,2761,250376
2007,February,2,36,Otsego,1747,3402,307951,616,677,64245,1131,2725,243706
2007,January,1,36,Otsego,1736,3379,307493,618,692,65669,1118,2687,241824
2006,December,12,36,Otsego,1740,3354,303893,612,678,65301,1128,2676,238592
2006,November,11,36,Otsego,1741,3355,309322,623,695,69424,1118,2660,239898
2006,October,10,36,Otsego,1716,3271,301290,622,680,65539,1094,2591,235751
2006,September,9,36,Otsego,1719,3249,292402,614,676,63557,1105,2573,228845
2006,August,8,36,Otsego,1706,3248,291658,614,686,64119,1092,2562,227539
2006,July,7,36,Otsego,1754,3381,305959,610,692,65775,1144,2689,240184
2006,June,6,36,Otsego,1734,3328,290922,608,688,64328,1126,2640,226594
2006,May,5,36,Otsego,1751,3364,298227,611,685,63942,1140,2679,234285
2006,April,4,36,Otsego,1748,3407,298412,612,697,64981,1136,2710,233431
2006,March,3,36,Otsego,1747,3418,304499,607,692,65980,1140,2726,238519
2006,February,2,36,Otsego,1727,3374,295860,609,698,64878,1118,2676,230982
2006,January,1,36,Otsego,1738,3429,288803,606,694,59152,1132,2735,229651
2005,December,12,36,Otsego,1723,3372,289454,583,657,60628,1140,2715,228826
2005,November,11,36,Otsego,1696,3312,282930,593,664,60047,1103,2648,222883
2005,October,10,36,Otsego,1693,3258,285047,590,650,58001,1103,2608,227046
2005,September,9,36,Otsego,1647,3121,261311,590,644,55959,1057,2477,205352
2005,August,8,36,Otsego,1656,3187,271562,577,635,55862,1079,2552,215700
2005,July,7,36,Otsego,1668,3218,272820,573,628,56051,1095,2590,216769
2005,June,6,36,Otsego,1683,3273,277036,584,644,55597,1099,2629,221439
2005,May,5,36,Otsego,1710,3343,283522,593,653,56862,1117,2690,226660
2005,April,4,36,Otsego,1731,3359,276411,615,685,58235,1116,2674,218176
2005,March,3,36,Otsego,1755,3392,289560,618,686,60216,1137,2706,229344
2005,February,2,36,Otsego,1735,3352,278724,632,708,58259,1103,2644,220465
2005,January,1,36,Otsego,1743,3367,282077,631,701,58143,1112,2666,223934
2004,December,12,36,Otsego,1722,3341,282293,626,706,59422,1096,2635,222871
2004,November,11,36,Otsego,1683,3260,277722,610,689,58495,1073,2571,219227
2004,October,10,36,Otsego,1647,3226,279235,581,651,57009,1066,2575,222226
2004,September,9,36,Otsego,1609,3151,250892,563,640,52039,1046,2511,198853
2004,August,8,36,Otsego,1565,3104,245169,521,596,48919,1044,2508,196250
2004,July,7,36,Otsego,1537,3082,243098,500,557,45500,1037,2525,197598
2004,June,6,36,Otsego,1528,3100,246419,481,552,46558,1047,2548,199861
2004,May,5,36,Otsego,1549,3146,253033,492,577,50221,1057,2569,202812
2004,April,4,36,Otsego,1551,3147,250545,472,548,46143,1079,2599,204402
2004,March,3,36,Otsego,1565,3156,254659,473,552,47191,1092,2604,207468
2004,February,2,36,Otsego,1539,3100,245751,467,546,45373,1072,2554,200378
2004,January,1,36,Otsego,1522,3062,243925,455,526,45105,1067,2536,198820
2003,December,12,36,Otsego,1485,3008,242454,449,518,43163,1036,2490,199291
2003,November,11,36,Otsego,1444,2896,232242,461,527,44641,983,2369,187601
2003,October,10,36,Otsego,1445,2876,232393,462,523,44659,983,2353,187734
2003,September,9,36,Otsego,1457,2862,228545,456,509,42357,1001,2353,186188
2003,August,8,36,Otsego,1435,2810,220275,454,509,41310,981,2301,178965
2003,July,7,36,Otsego,1432,2838,221584,451,503,40236,981,2335,181348
2003,June,6,36,Otsego,1439,2855,224731,442,496,40312,997,2359,184419
2003,May,5,36,Otsego,1470,2967,235063,446,515,42266,1024,2452,192797
2003,April,4,36,Otsego,1474,2965,235199,450,509,42168,1024,2456,193031
2003,March,3,36,Otsego,1468,2978,235614,457,523,43940,1011,2455,191674
2003,February,2,36,Otsego,1432,2832,224505,449,505,42725,983,2327,181780
2003,January,1,36,Otsego,1380,2736,218208,435,482,39912,945,2254,178296
2002,December,12,36,Otsego,1362,2680,210981,447,498,41090,915,2182,169891
2002,November,11,36,Otsego,1325,2588,198998,445,500,41545,880,2088,157453
2002,October,10,36,Otsego,1300,2520,198294,443,493,40569,857,2027,157725
2002,September,9,36,Otsego,1264,2440,180617,438,491,36912,826,1949,143705
2002,August,8,36,Otsego,1260,2415,179121,440,484,36353,820,1931,142768
2002,July,7,36,Otsego,1269,2450,180014,444,494,36590,825,1956,143424
2002,June,6,36,Otsego,1282,2500,185123,450,518,39163,832,1982,145960
2002,May,5,36,Otsego,1305,2534,188393,457,518,38862,848,2016,149531
2002,April,4,36,Otsego,1295,2472,184704,450,515,37923,845,1957,146781
2002,March,3,36,Otsego,1302,2485,187133,450,518,38228,852,1967,148905
2002,February,2,36,Otsego,1261,2391,176623,444,511,38324,817,1880,138299
2002,January,1,36,Otsego,1252,2366,170980,437,493,37574,815,1873,133406
2018,December,12,37,Putnam,1455,2141,266697,478,503,75899,977,1638,190798
2018,November,11,37,Putnam,1444,2137,262455,476,499,74643,968,1638,187812
2018,October,10,37,Putnam,1466,2155,269220,475,499,74643,991,1656,194577
2018,September,9,37,Putnam,1475,2165,271548,478,502,74027,997,1663,197521
2018,August,8,37,Putnam,1472,2172,272518,482,509,76690,990,1663,195828
2018,July,7,37,Putnam,1485,2226,271537,472,502,74191,1013,1724,197346
2018,June,6,37,Putnam,1507,2270,274360,474,504,74550,1033,1766,199810
2018,May,5,37,Putnam,1529,2302,284411,478,506,74944,1051,1796,209467
2018,April,4,37,Putnam,1534,2334,283854,485,516,75380,1049,1818,208474
2018,March,3,37,Putnam,1548,2366,289549,492,522,77932,1056,1844,211617
2018,February,2,37,Putnam,1538,2366,284817,486,525,77471,1052,1841,207346
2018,January,1,37,Putnam,1556,2377,289255,496,536,79307,1060,1841,209948
2017,December,12,37,Putnam,1549,2377,289250,501,549,80517,1048,1828,208733
2017,November,11,37,Putnam,1541,2378,294656,496,542,79803,1045,1836,214853
2017,October,10,37,Putnam,1529,2352,291347,501,545,81075,1028,1807,210272
2017,September,9,37,Putnam,1556,2419,298905,505,555,80592,1051,1864,218313
2017,August,8,37,Putnam,1587,2470,309720,515,560,81891,1072,1910,227829
2017,July,7,37,Putnam,1581,2450,299235,512,557,78192,1069,1893,221043
2017,June,6,37,Putnam,1588,2464,299060,507,549,76947,1081,1915,222113
2017,May,5,37,Putnam,1603,2494,307801,512,557,77499,1091,1937,230302
2017,April,4,37,Putnam,1600,2495,305367,505,548,78188,1095,1947,227179
2017,March,3,37,Putnam,1633,2578,321408,501,545,77170,1132,2033,244238
2017,February,2,37,Putnam,1630,2561,318669,504,549,79319,1126,2012,239350
2017,January,1,37,Putnam,1634,2570,319668,506,555,80118,1128,2015,239550
2016,December,12,37,Putnam,1633,2565,326443,506,557,81973,1127,2008,244470
2016,November,11,37,Putnam,1623,2526,325006,502,546,82845,1121,1980,242161
2016,October,10,37,Putnam,1616,2520,321122,512,557,81832,1104,1963,239290
2016,September,9,37,Putnam,1629,2511,318733,504,545,79127,1125,1966,239606
2016,August,8,37,Putnam,1658,2580,333297,515,561,83716,1143,2019,249581
2016,July,7,37,Putnam,1655,2572,331664,512,558,81889,1143,2014,249775
2016,June,6,37,Putnam,1691,2631,338714,521,577,83402,1170,2054,255312
2016,May,5,37,Putnam,1682,2636,335940,512,566,83012,1170,2070,252928
2016,April,4,37,Putnam,1662,2594,332835,518,573,86906,1144,2021,245929
2016,March,3,37,Putnam,1717,2669,345331,527,581,89780,1190,2088,255551
2016,February,2,37,Putnam,1726,2705,354244,522,572,88060,1204,2133,266184
2016,January,1,37,Putnam,1703,2674,344185,514,566,85872,1189,2108,258313
2015,December,12,37,Putnam,1711,2693,345815,515,561,84500,1196,2132,261315
2015,November,11,37,Putnam,1694,2652,343874,522,568,86403,1172,2084,257471
2015,October,10,37,Putnam,1685,2648,341991,521,568,84740,1164,2080,257251
2015,September,9,37,Putnam,1674,2638,342032,520,565,85605,1154,2073,256427
2015,August,8,37,Putnam,1679,2636,343150,524,561,85247,1155,2075,257903
2015,July,7,37,Putnam,1703,2679,334743,521,565,83205,1182,2114,251538
2015,June,6,37,Putnam,1711,2698,347720,527,572,83923,1184,2126,263797
2015,May,5,37,Putnam,1719,2673,342710,537,580,85775,1182,2093,256935
2015,April,4,37,Putnam,1724,2686,354439,550,597,89167,1174,2089,265272
2015,March,3,37,Putnam,1713,2642,344513,549,602,89695,1164,2040,254818
2015,February,2,37,Putnam,1742,2731,354227,556,613,89852,1186,2118,264375
2015,January,1,37,Putnam,1771,2785,366488,563,627,94834,1208,2158,271654
2014,December,12,37,Putnam,1772,2779,366141,531,582,87486,1241,2197,278655
2014,November,11,37,Putnam,1757,2759,357698,538,587,88114,1219,2172,269584
2014,October,10,37,Putnam,1759,2763,370576,534,584,90961,1225,2179,279615
2014,September,9,37,Putnam,1727,2741,352431,551,606,91308,1176,2135,261123
2014,August,8,37,Putnam,1780,2827,368613,549,595,91638,1231,2232,276975
2014,July,7,37,Putnam,1784,2818,374812,558,612,94368,1226,2206,280444
2014,June,6,37,Putnam,1774,2807,374575,558,627,96393,1216,2180,278182
2014,May,5,37,Putnam,1789,2847,382820,548,611,94499,1241,2236,288321
2014,April,4,37,Putnam,1793,2862,394717,551,613,95946,1242,2249,298771
2014,March,3,37,Putnam,1764,2811,384788,553,610,96649,1211,2201,288139
2014,February,2,37,Putnam,1745,2780,374408,538,584,91566,1207,2196,282842
2014,January,1,37,Putnam,1726,2743,362592,536,582,90250,1190,2161,272342
2013,December,12,37,Putnam,1730,2753,363059,537,583,91103,1193,2170,271956
2013,November,11,37,Putnam,1750,2787,381345,544,590,96924,1206,2197,284421
2013,October,10,37,Putnam,1755,2815,393930,553,602,101459,1202,2213,292471
2013,September,9,37,Putnam,1740,2730,376156,550,597,99492,1190,2133,276664
2013,August,8,37,Putnam,1720,2732,376371,553,617,102077,1167,2115,274294
2013,July,7,37,Putnam,1722,2714,374449,529,586,97045,1193,2128,277404
2013,June,6,37,Putnam,1717,2732,375156,536,587,95613,1181,2145,279543
2013,May,5,37,Putnam,1719,2721,377600,539,590,96178,1180,2131,281422
2013,April,4,37,Putnam,1701,2704,371841,532,586,95579,1169,2118,276262
2013,March,3,37,Putnam,1677,2660,380604,526,579,97883,1151,2081,282721
2013,February,2,37,Putnam,1624,2577,365615,522,570,94012,1102,2007,271603
2013,January,1,37,Putnam,1616,2566,360675,519,566,93322,1097,2000,267353
2012,December,12,37,Putnam,1640,2616,373400,523,570,96301,1117,2046,277099
2012,November,11,37,Putnam,1596,2522,504931,531,570,137826,1065,1952,367105
2012,October,10,37,Putnam,1591,2510,347135,541,586,95976,1050,1924,251159
2012,September,9,37,Putnam,1561,2465,342516,537,580,94670,1024,1885,247846
2012,August,8,37,Putnam,1528,2426,334497,530,574,95382,998,1852,239115
2012,July,7,37,Putnam,1533,2427,332691,528,574,94588,1005,1853,238103
2012,June,6,37,Putnam,1527,2406,329288,529,573,95537,998,1833,233751
2012,May,5,37,Putnam,1524,2391,330368,524,574,96044,1000,1817,234324
2012,April,4,37,Putnam,1510,2376,328067,521,565,95459,989,1811,232608
2012,March,3,37,Putnam,1497,2388,359296,519,565,112817,978,1823,246479
2012,February,2,37,Putnam,1437,2307,314238,507,546,90237,930,1761,224001
2012,January,1,37,Putnam,1419,2262,310125,505,549,90797,914,1713,219328
2011,December,12,37,Putnam,1394,2205,307261,496,537,89781,898,1668,217480
2011,November,11,37,Putnam,1364,2152,298367,503,554,92564,861,1598,205803
2011,October,10,37,Putnam,1359,2129,294352,504,555,92022,855,1574,202330
2011,September,9,37,Putnam,1335,2095,284427,502,554,89944,833,1541,194483
2011,August,8,37,Putnam,1339,2090,286169,496,551,90147,843,1539,196022
2011,July,7,37,Putnam,1338,2099,290253,500,565,92724,838,1534,197529
2011,June,6,37,Putnam,1332,2086,291128,501,567,92840,831,1519,198288
2011,May,5,37,Putnam,1318,2059,289564,514,581,96325,804,1478,193239
2011,April,4,37,Putnam,1304,2061,287748,514,580,96029,790,1481,191719
2011,March,3,37,Putnam,1307,2065,296694,517,588,101605,790,1477,195089
2011,February,2,37,Putnam,1272,2004,283516,503,565,98121,769,1439,185395
2011,January,1,37,Putnam,1247,1944,285869,491,542,95929,756,1402,189940
2010,December,12,37,Putnam,1155,1839,258318,438,487,81754,717,1352,176564
2010,November,11,37,Putnam,1129,1799,249787,433,480,80719,696,1319,169068
2010,October,10,37,Putnam,1127,1783,250898,444,493,83196,683,1290,167702
2010,September,9,37,Putnam,1163,1812,252545,463,502,84632,700,1310,167913
2010,August,8,37,Putnam,1165,1812,252675,469,507,86053,696,1305,166622
2010,July,7,37,Putnam,1171,1782,253751,495,538,92318,676,1244,161433
2010,June,6,37,Putnam,1173,1797,253218,484,522,89536,689,1275,163682
2010,May,5,37,Putnam,1157,1749,251585,483,521,92528,674,1228,159057
2010,April,4,37,Putnam,1143,1763,247507,472,511,87559,671,1252,159948
2010,March,3,37,Putnam,1147,1768,251729,472,506,87838,675,1262,163891
2010,February,2,37,Putnam,1117,1720,240225,473,507,88629,644,1213,151596
2010,January,1,37,Putnam,1123,1726,238187,476,512,88455,647,1214,149732
2009,December,12,37,Putnam,1104,1688,229491,474,512,88994,630,1176,140497
2009,November,11,37,Putnam,1085,1681,226662,468,509,88086,617,1172,138576
2009,October,10,37,Putnam,1064,1640,221377,467,507,87257,597,1133,134120
2009,September,9,37,Putnam,1049,1590,216980,472,515,87672,577,1075,129308
2009,August,8,37,Putnam,1018,1526,207262,453,489,83559,565,1037,123703
2009,July,7,37,Putnam,997,1465,204698,452,482,83487,545,983,121211
2009,June,6,37,Putnam,994,1465,208845,451,485,83586,543,980,125259
2009,May,5,37,Putnam,952,1381,200344,431,455,78591,521,926,121753
2009,April,4,37,Putnam,920,1335,192816,419,437,76116,501,898,116700
2009,March,3,37,Putnam,867,1235,155451,399,420,62957,468,815,92494
2009,February,2,37,Putnam,838,1204,149635,387,406,58658,451,798,90977
2009,January,1,37,Putnam,824,1160,134068,395,409,53381,429,751,80687
2008,December,12,37,Putnam,807,1117,133574,393,414,57378,414,703,76196
2008,November,11,37,Putnam,777,1078,123342,376,398,51398,401,680,71944
2008,October,10,37,Putnam,778,1077,123955,373,391,48029,405,686,75926
2008,September,9,37,Putnam,766,1054,88019,356,382,32008,410,672,56011
2008,August,8,37,Putnam,779,1062,88086,368,403,33491,411,659,54595
2008,July,7,37,Putnam,760,1040,87785,374,416,35567,386,624,52218
2008,June,6,37,Putnam,761,1028,87717,385,427,37554,376,601,50163
2008,May,5,37,Putnam,756,1028,89661,373,409,36644,383,619,53017
2008,April,4,37,Putnam,760,1026,89746,377,405,35658,383,621,54088
2008,March,3,37,Putnam,757,1011,84715,385,411,34258,372,600,50457
2008,February,2,37,Putnam,775,1029,88071,406,442,36310,369,587,51761
2008,January,1,37,Putnam,772,1010,84230,407,444,35479,365,566,48751
2007,December,12,37,Putnam,754,982,82545,402,438,35198,352,544,47347
2007,November,11,37,Putnam,746,955,80646,408,446,36314,338,509,44332
2007,October,10,37,Putnam,760,992,85568,415,453,38443,345,539,47125
2007,September,9,37,Putnam,768,999,82647,413,449,35775,355,550,46872
2007,August,8,37,Putnam,772,998,82250,418,450,36289,354,548,45961
2007,July,7,37,Putnam,778,992,82046,426,453,36683,352,539,45363
2007,June,6,37,Putnam,792,1016,87114,434,469,38956,358,547,48158
2007,May,5,37,Putnam,786,1020,86293,434,471,39834,352,549,46459
2007,April,4,37,Putnam,787,1019,89094,434,468,40659,353,551,48435
2007,March,3,37,Putnam,783,1016,86173,427,457,39358,356,559,46815
2007,February,2,37,Putnam,752,963,84851,420,443,39927,332,520,44924
2007,January,1,37,Putnam,745,959,82741,404,422,37493,341,537,45248
2006,December,12,37,Putnam,742,960,85786,404,417,38521,338,543,47265
2006,November,11,37,Putnam,735,947,85240,398,413,38542,337,534,46698
2006,October,10,37,Putnam,745,967,84974,411,434,39795,334,533,45179
2006,September,9,37,Putnam,744,983,85413,408,427,37989,336,556,47424
2006,August,8,37,Putnam,734,984,81728,408,436,39141,326,548,42587
2006,July,7,37,Putnam,727,965,80090,411,446,40266,316,519,39824
2006,June,6,37,Putnam,716,943,78761,412,448,40555,304,495,38206
2006,May,5,37,Putnam,707,922,77917,405,443,40728,302,479,37189
2006,April,4,37,Putnam,728,963,83781,416,467,44564,312,496,39217
2006,March,3,37,Putnam,724,947,80849,418,472,43414,306,475,37435
2006,February,2,37,Putnam,729,959,81477,427,478,43325,302,481,38152
2006,January,1,37,Putnam,699,920,72961,417,467,40085,282,453,32876
2005,December,12,37,Putnam,721,933,76957,424,473,42168,297,460,34789
2005,November,11,37,Putnam,700,895,72428,403,444,39165,297,451,33263
2005,October,10,37,Putnam,707,903,72072,401,439,37917,306,464,34155
2005,September,9,37,Putnam,702,890,70348,399,434,35269,303,456,35079
2005,August,8,37,Putnam,707,882,68349,399,421,34429,308,461,33920
2005,July,7,37,Putnam,702,892,69562,398,423,34535,304,469,35027
2005,June,6,37,Putnam,708,904,69232,407,432,34141,301,472,35091
2005,May,5,37,Putnam,738,938,70479,432,456,34951,306,482,35528
2005,April,4,37,Putnam,781,987,71624,475,497,36450,306,490,35174
2005,March,3,37,Putnam,777,970,70503,481,506,36531,296,464,33972
2005,February,2,37,Putnam,782,984,69968,491,526,36861,291,458,33107
2005,January,1,37,Putnam,774,975,68208,493,529,35806,281,446,32402
2004,December,12,37,Putnam,771,978,71418,492,527,37467,279,451,33951
2004,November,11,37,Putnam,742,939,67694,466,507,35772,276,432,31922
2004,October,10,37,Putnam,726,933,70904,447,484,36870,279,449,34034
2004,September,9,37,Putnam,672,852,60185,406,443,32027,266,409,28158
2004,August,8,37,Putnam,641,840,61097,360,403,30820,281,437,30277
2004,July,7,37,Putnam,632,854,62140,341,380,29007,291,474,33133
2004,June,6,37,Putnam,614,838,64240,323,360,29029,291,478,35211
2004,May,5,37,Putnam,610,831,62647,325,360,29928,285,471,32719
2004,April,4,37,Putnam,613,849,64663,325,356,29612,288,493,35051
2004,March,3,37,Putnam,600,835,62134,325,373,29434,275,462,32700
2004,February,2,37,Putnam,591,838,63102,312,358,28348,279,480,34754
2004,January,1,37,Putnam,579,804,59433,307,357,27268,272,447,32165
2003,December,12,37,Putnam,580,804,59672,314,358,27853,266,446,31819
2003,November,11,37,Putnam,564,820,58223,290,333,25845,274,487,32378
2003,October,10,37,Putnam,576,834,58590,305,353,27245,271,481,31345
2003,September,9,37,Putnam,593,851,59082,317,362,27076,276,489,32006
2003,August,8,37,Putnam,581,826,56606,310,355,25925,271,471,30681
2003,July,7,37,Putnam,583,827,56624,322,372,27214,261,455,29410
2003,June,6,37,Putnam,584,819,58998,316,370,27755,268,449,31243
2003,May,5,37,Putnam,579,836,58586,313,374,26465,266,462,32121
2003,April,4,37,Putnam,560,811,61465,318,384,30155,242,427,31310
2003,March,3,37,Putnam,532,780,57399,304,371,27154,228,409,30245
2003,February,2,37,Putnam,522,750,55326,299,360,27326,223,390,28000
2003,January,1,37,Putnam,516,719,52272,297,349,27075,219,370,25197
2002,December,12,37,Putnam,518,721,51764,294,345,25860,224,376,25904
2002,November,11,37,Putnam,517,702,51129,299,347,26340,218,355,24789
2002,October,10,37,Putnam,528,725,52646,306,361,27139,222,364,25507
2002,September,9,37,Putnam,522,720,47969,301,356,24947,221,364,23022
2002,August,8,37,Putnam,534,749,49841,306,371,26069,228,378,23772
2002,July,7,37,Putnam,526,730,47161,302,357,24310,224,373,22851
2002,June,6,37,Putnam,517,713,45320,291,340,23214,226,373,22106
2002,May,5,37,Putnam,520,716,45726,296,349,24159,224,367,21567
2002,April,4,37,Putnam,516,712,48004,296,350,25221,220,362,22783
2002,March,3,37,Putnam,505,701,45274,291,348,24212,214,353,21062
2002,February,2,37,Putnam,503,697,46803,287,346,25088,216,351,21715
2002,January,1,37,Putnam,488,675,42340,283,337,23203,205,338,19137
2018,December,12,38,Rensselaer,7837,15270,1882039,3053,5141,716917,4784,10129,1165122
2018,November,11,38,Rensselaer,7747,15132,1870705,3053,5143,716294,4694,9989,1154411
2018,October,10,38,Rensselaer,7826,15247,1897876,3112,5285,733320,4714,9962,1164556
2018,September,9,38,Rensselaer,7761,15129,1858300,3071,5199,717183,4690,9930,1141117
2018,August,8,38,Rensselaer,7818,15206,1865228,3082,5231,718271,4736,9975,1146957
2018,July,7,38,Rensselaer,7776,15110,1837154,3049,5153,697948,4727,9957,1139206
2018,June,6,38,Rensselaer,7816,15133,1817791,3067,5208,710103,4749,9925,1107688
2018,May,5,38,Rensselaer,7895,15361,1847429,3115,5303,718265,4780,10058,1129164
2018,April,4,38,Rensselaer,7902,15386,1847667,3113,5298,716682,4789,10088,1130985
2018,March,3,38,Rensselaer,7957,15509,1866223,3135,5380,735540,4822,10129,1130683
2018,February,2,38,Rensselaer,7959,15557,1882798,3147,5441,745634,4812,10116,1137164
2018,January,1,38,Rensselaer,8089,15838,1927868,3139,5427,747145,4950,10411,1180723
2017,December,12,38,Rensselaer,8016,15840,1931034,3125,5379,744268,4891,10461,1186766
2017,November,11,38,Rensselaer,7928,15626,1901875,3131,5398,745586,4797,10228,1156289
2017,October,10,38,Rensselaer,7983,15709,1912568,3176,5452,752323,4807,10257,1160245
2017,September,9,38,Rensselaer,8002,15786,1928606,3189,5467,754491,4813,10319,1174115
2017,August,8,38,Rensselaer,8039,15814,1937130,3178,5477,751232,4861,10337,1185898
2017,July,7,38,Rensselaer,8022,15771,1903490,3165,5461,739566,4857,10310,1163924
2017,June,6,38,Rensselaer,8068,15900,1906838,3129,5377,728315,4939,10523,1178523
2017,May,5,38,Rensselaer,8049,15874,1892880,3135,5330,719117,4914,10544,1173763
2017,April,4,38,Rensselaer,8098,15978,1909091,3139,5297,714933,4959,10681,1194158
2017,March,3,38,Rensselaer,8191,16132,1909918,3163,5357,719324,5028,10775,1190594
2017,February,2,38,Rensselaer,8233,16256,1938534,3169,5354,725520,5064,10902,1213014
2017,January,1,38,Rensselaer,8318,16403,1954374,3219,5524,743746,5099,10879,1210628
2016,December,12,38,Rensselaer,8406,16600,2000496,3232,5537,752634,5174,11063,1247862
2016,November,11,38,Rensselaer,8387,16523,2003588,3236,5574,762225,5151,10949,1241363
2016,October,10,38,Rensselaer,8383,16621,2010190,3235,5571,759443,5148,11050,1250747
2016,September,9,38,Rensselaer,8454,16775,2044727,3255,5596,766797,5199,11179,1277930
2016,August,8,38,Rensselaer,8413,16718,2028536,3254,5601,763644,5159,11117,1264892
2016,July,7,38,Rensselaer,8444,16840,2032435,3239,5635,761235,5205,11205,1271200
2016,June,6,38,Rensselaer,8515,16927,2059304,3262,5652,769028,5253,11275,1290276
2016,May,5,38,Rensselaer,8599,17045,2091457,3266,5692,778589,5333,11353,1312868
2016,April,4,38,Rensselaer,8649,17075,2093072,3271,5698,781916,5378,11377,1311156
2016,March,3,38,Rensselaer,8824,17363,2142225,3312,5781,792532,5512,11582,1349693
2016,February,2,38,Rensselaer,8822,17405,2147046,3358,5909,807945,5464,11496,1339101
2016,January,1,38,Rensselaer,8915,17640,2173520,3366,5978,816345,5549,11662,1357175
2015,December,12,38,Rensselaer,8962,17732,2189009,3388,6032,819277,5574,11700,1369732
2015,November,11,38,Rensselaer,8824,17531,2174316,3381,6083,833525,5443,11448,1340791
2015,October,10,38,Rensselaer,8887,17640,2197589,3390,6072,838241,5497,11568,1359348
2015,September,9,38,Rensselaer,8966,17849,2249517,3387,6060,843582,5579,11789,1405935
2015,August,8,38,Rensselaer,9007,18040,2268292,3396,6077,848072,5611,11963,1420220
2015,July,7,38,Rensselaer,9120,18197,2264236,3436,6132,840345,5684,12065,1423891
2015,June,6,38,Rensselaer,9125,18199,2246419,3437,6105,837745,5688,12094,1408674
2015,May,5,38,Rensselaer,9122,18221,2252288,3423,6049,829073,5699,12172,1423215
2015,April,4,38,Rensselaer,9109,18210,2247918,3439,6120,838338,5670,12090,1409580
2015,March,3,38,Rensselaer,9170,18352,2280972,3457,6184,847169,5713,12168,1433803
2015,February,2,38,Rensselaer,9168,18408,2268995,3467,6235,853513,5701,12173,1415482
2015,January,1,38,Rensselaer,9374,18860,2334341,3528,6312,864955,5846,12548,1469386
2014,December,12,38,Rensselaer,9326,18722,2346128,3191,5258,755682,6135,13464,1590446
2014,November,11,38,Rensselaer,9302,18667,2359897,3171,5214,758946,6131,13453,1600951
2014,October,10,38,Rensselaer,9387,18769,2404527,3204,5311,779102,6183,13458,1625425
2014,September,9,38,Rensselaer,9367,18753,2320199,3178,5263,748990,6189,13490,1571209
2014,August,8,38,Rensselaer,9437,18890,2350649,3212,5339,770410,6225,13551,1580239
2014,July,7,38,Rensselaer,9434,18870,2365532,3211,5371,778351,6223,13499,1587181
2014,June,6,38,Rensselaer,9503,19053,2374741,3202,5309,769725,6301,13744,1605016
2014,May,5,38,Rensselaer,9554,19092,2380771,3217,5352,779304,6337,13740,1601467
2014,April,4,38,Rensselaer,9542,19090,2382920,3220,5363,774852,6322,13727,1608068
2014,March,3,38,Rensselaer,9489,19089,2386503,3196,5364,776681,6293,13725,1609822
2014,February,2,38,Rensselaer,9367,18967,2357609,3188,5374,773523,6179,13593,1584086
2014,January,1,38,Rensselaer,9354,18988,2357470,3172,5362,770912,6182,13626,1586558
2013,December,12,38,Rensselaer,9280,18890,2351729,3156,5367,771357,6124,13523,1580372
2013,November,11,38,Rensselaer,9561,19247,2572895,3232,5394,841898,6329,13853,1730997
2013,October,10,38,Rensselaer,9440,19272,2591215,3180,5329,825827,6260,13943,1765388
2013,September,9,38,Rensselaer,9432,19241,2549963,3253,5552,839609,6179,13689,1710354
2013,August,8,38,Rensselaer,9495,19390,2582787,3159,5286,810225,6336,14104,1772562
2013,July,7,38,Rensselaer,9447,19307,2568163,3175,5297,815863,6272,14010,1752300
2013,June,6,38,Rensselaer,9417,19184,2555366,3188,5356,821352,6229,13828,1734014
2013,May,5,38,Rensselaer,9367,19042,2520015,3204,5375,825449,6163,13667,1694566
2013,April,4,38,Rensselaer,9374,19125,2537246,3214,5425,834722,6160,13700,1702524
2013,March,3,38,Rensselaer,9288,18864,2498598,3159,5264,809188,6129,13600,1689410
2013,February,2,38,Rensselaer,9209,18789,2517664,3128,5234,812021,6081,13555,1705643
2013,January,1,38,Rensselaer,9206,18840,2494820,3126,5204,797993,6080,13636,1696827
2012,December,12,38,Rensselaer,9165,18734,2485357,3134,5200,797120,6031,13534,1688237
2012,November,11,38,Rensselaer,9103,18610,2486081,3093,5157,787429,6010,13453,1698652
2012,October,10,38,Rensselaer,9115,18731,2516456,3036,5075,784284,6079,13656,1732172
2012,September,9,38,Rensselaer,9046,18509,2476935,3056,5102,790237,5990,13407,1686698
2012,August,8,38,Rensselaer,9124,18691,2510264,3030,5049,782946,6094,13642,1727318
2012,July,7,38,Rensselaer,9096,18683,2502558,3010,4985,772987,6086,13698,1729571
2012,June,6,38,Rensselaer,9096,18709,2504996,3013,5016,781319,6083,13693,1723677
2012,May,5,38,Rensselaer,9065,18616,2492262,2986,4965,772286,6079,13651,1719976
2012,April,4,38,Rensselaer,9033,18505,2460292,2968,4934,765148,6065,13571,1695144
2012,March,3,38,Rensselaer,9152,18782,2553657,3018,5030,822538,6134,13752,1731119
2012,February,2,38,Rensselaer,9067,18664,2492052,2999,4990,774246,6068,13674,1717806
2012,January,1,38,Rensselaer,9086,18733,2517551,3039,5082,789819,6047,13651,1727732
2011,December,12,38,Rensselaer,9038,18534,2529742,3042,5063,794663,5996,13471,1735079
2011,November,11,38,Rensselaer,9010,18453,2522109,3036,5038,797189,5974,13415,1724920
2011,October,10,38,Rensselaer,9049,18503,2533067,3036,5043,795790,6013,13460,1737277
2011,September,9,38,Rensselaer,9109,18648,2531296,3015,4980,778320,6094,13668,1752976
2011,August,8,38,Rensselaer,9090,18594,2512419,2961,4890,762965,6129,13704,1749454
2011,July,7,38,Rensselaer,9008,18483,2506302,2931,4856,760510,6077,13627,1745792
2011,June,6,38,Rensselaer,8989,18444,2493130,2905,4777,750552,6084,13667,1742578
2011,May,5,38,Rensselaer,8869,18282,2455599,2886,4792,749189,5983,13490,1706410
2011,April,4,38,Rensselaer,8882,18285,2452751,2893,4777,745575,5989,13508,1707176
2011,March,3,38,Rensselaer,8894,18303,2505558,2893,4810,764975,6001,13493,1740583
2011,February,2,38,Rensselaer,8764,18140,2481116,2862,4737,755209,5902,13403,1725907
2011,January,1,38,Rensselaer,8774,18142,2491578,2884,4796,760092,5890,13346,1731486
2010,December,12,38,Rensselaer,8775,18113,2505031,2868,4725,750798,5907,13388,1754233
2010,November,11,38,Rensselaer,8710,17963,2487717,2841,4668,742303,5869,13295,1745414
2010,October,10,38,Rensselaer,8663,17844,2485012,2815,4638,738144,5848,13206,1746868
2010,September,9,38,Rensselaer,8579,17703,2460657,2788,4601,734836,5791,13102,1725821
2010,August,8,38,Rensselaer,8685,17847,2491983,2744,4446,708168,5941,13401,1783815
2010,July,7,38,Rensselaer,8568,17380,2427881,2719,4407,701569,5849,12973,1726312
2010,June,6,38,Rensselaer,8505,17321,2423645,2675,4314,693832,5830,13007,1729813
2010,May,5,38,Rensselaer,8417,17037,2385729,2696,4345,698427,5721,12692,1687302
2010,April,4,38,Rensselaer,8402,17121,2406398,2682,4330,699807,5720,12791,1706591
2010,March,3,38,Rensselaer,8374,17016,2398322,2722,4419,711094,5652,12597,1687228
2010,February,2,38,Rensselaer,8234,16756,2353374,2699,4341,702699,5535,12415,1650675
2010,January,1,38,Rensselaer,8262,16892,2397546,2679,4313,694980,5583,12579,1702566
2009,December,12,38,Rensselaer,8156,16678,2326713,2672,4294,692388,5484,12384,1634325
2009,November,11,38,Rensselaer,8040,16440,2295825,2688,4301,690761,5352,12139,1605064
2009,October,10,38,Rensselaer,7971,16360,2315888,2663,4280,694134,5308,12080,1621754
2009,September,9,38,Rensselaer,7804,15962,2253258,2630,4211,675168,5174,11751,1578090
2009,August,8,38,Rensselaer,7660,15595,2206001,2630,4200,672665,5030,11395,1533336
2009,July,7,38,Rensselaer,7570,15319,2172101,2608,4122,664439,4962,11197,1507662
2009,June,6,38,Rensselaer,7430,15083,2133186,2593,4101,660461,4837,10982,1472725
2009,May,5,38,Rensselaer,7313,14845,2106450,2584,4106,660595,4729,10739,1445855
2009,April,4,38,Rensselaer,7206,14580,2059614,2555,4043,648907,4651,10537,1410707
2009,March,3,38,Rensselaer,7094,14484,1776775,2516,4037,568385,4578,10447,1208390
2009,February,2,38,Rensselaer,6924,14122,1723276,2476,3909,543654,4448,10213,1179622
2009,January,1,38,Rensselaer,6892,14158,1624610,2436,3851,505584,4456,10307,1119026
2008,December,12,38,Rensselaer,6710,13796,1664452,2402,3765,510735,4308,10031,1153717
2008,November,11,38,Rensselaer,6659,13745,1624520,2410,3792,502383,4249,9953,1122137
2008,October,10,38,Rensselaer,6612,13644,1618401,2412,3836,508039,4200,9808,1110362
2008,September,9,38,Rensselaer,6495,13334,1359610,2407,3797,420461,4088,9537,939149
2008,August,8,38,Rensselaer,6364,13095,1331073,2363,3688,406607,4001,9407,924466
2008,July,7,38,Rensselaer,6364,13099,1335695,2385,3772,419382,3979,9327,916313
2008,June,6,38,Rensselaer,6303,12893,1305903,2393,3802,420486,3910,9091,885417
2008,May,5,38,Rensselaer,6257,12929,1310762,2396,3831,422296,3861,9098,888466
2008,April,4,38,Rensselaer,6249,12856,1307749,2411,3855,427798,3838,9001,879951
2008,March,3,38,Rensselaer,6141,12651,1288729,2404,3851,429474,3737,8800,859255
2008,February,2,38,Rensselaer,6070,12471,1265713,2385,3786,419683,3685,8685,846030
2008,January,1,38,Rensselaer,6026,12415,1266870,2383,3829,423725,3643,8586,843145
2007,December,12,38,Rensselaer,5933,12160,1257353,2407,3877,433606,3526,8283,823747
2007,November,11,38,Rensselaer,5817,11894,1237188,2373,3784,424772,3444,8110,812416
2007,October,10,38,Rensselaer,5813,11859,1246640,2398,3898,443681,3415,7961,802959
2007,September,9,38,Rensselaer,5737,11728,1155513,2357,3805,403663,3380,7923,751850
2007,August,8,38,Rensselaer,5756,11782,1158364,2390,3895,415086,3366,7887,743278
2007,July,7,38,Rensselaer,5682,11584,1138227,2365,3851,407799,3317,7733,730428
2007,June,6,38,Rensselaer,5638,11590,1134393,2364,3820,405597,3274,7770,728796
2007,May,5,38,Rensselaer,5639,11635,1139156,2335,3783,399402,3304,7852,739754
2007,April,4,38,Rensselaer,5615,11549,1125352,2301,3719,394940,3314,7830,730412
2007,March,3,38,Rensselaer,5637,11645,1147450,2328,3781,404444,3309,7864,743006
2007,February,2,38,Rensselaer,5511,11430,1116156,2331,3840,411315,3180,7590,704841
2007,January,1,38,Rensselaer,5624,11656,1144492,2327,3844,409223,3297,7812,735269
2006,December,12,38,Rensselaer,5611,11576,1145404,2378,3927,422673,3233,7649,722731
2006,November,11,38,Rensselaer,5546,11377,1138224,2372,3883,428188,3174,7494,710036
2006,October,10,38,Rensselaer,5521,11342,1140281,2362,3886,425487,3159,7456,714794
2006,September,9,38,Rensselaer,5499,11330,1094472,2395,3943,416604,3104,7387,677868
2006,August,8,38,Rensselaer,5510,11310,1093780,2378,3914,414220,3132,7396,679560
2006,July,7,38,Rensselaer,5456,11227,1076157,2401,3912,412182,3055,7315,663975
2006,June,6,38,Rensselaer,5476,11257,1076920,2380,3828,401789,3096,7429,675131
2006,May,5,38,Rensselaer,5378,11087,1065457,2365,3815,399789,3013,7272,665668
2006,April,4,38,Rensselaer,5348,11048,1061820,2347,3764,398387,3001,7284,663433
2006,March,3,38,Rensselaer,5407,11138,1077904,2344,3771,399871,3063,7367,678033
2006,February,2,38,Rensselaer,5377,11112,1070971,2323,3755,398870,3054,7357,672101
2006,January,1,38,Rensselaer,5391,11128,1050685,2366,3816,395849,3025,7312,654836
2005,December,12,38,Rensselaer,5351,11172,1069628,2362,3852,407597,2989,7320,662031
2005,November,11,38,Rensselaer,5246,10924,1050983,2344,3805,403949,2902,7119,647034
2005,October,10,38,Rensselaer,5209,10890,1046530,2301,3748,394197,2908,7142,652333
2005,September,9,38,Rensselaer,5164,10743,1010150,2277,3723,382404,2887,7020,627746
2005,August,8,38,Rensselaer,5141,10632,1013450,2298,3783,388743,2843,6849,624707
2005,July,7,38,Rensselaer,5048,10346,978558,2260,3670,379421,2788,6676,599137
2005,June,6,38,Rensselaer,5089,10478,991300,2234,3570,364405,2855,6908,626895
2005,May,5,38,Rensselaer,5094,10463,981515,2245,3556,361935,2849,6907,619580
2005,April,4,38,Rensselaer,5149,10524,978532,2314,3642,364378,2835,6882,614154
2005,March,3,38,Rensselaer,5203,10662,1000337,2331,3688,370897,2872,6974,629440
2005,February,2,38,Rensselaer,5139,10566,977733,2340,3719,367207,2799,6847,610526
2005,January,1,38,Rensselaer,5137,10578,988756,2350,3750,374072,2787,6828,614684
2004,December,12,38,Rensselaer,5141,10534,992891,2340,3687,373190,2801,6847,619701
2004,November,11,38,Rensselaer,5030,10284,971308,2335,3706,372531,2695,6578,598777
2004,October,10,38,Rensselaer,4951,10222,976067,2267,3629,369674,2684,6593,606393
2004,September,9,38,Rensselaer,4837,10066,904694,2198,3605,347079,2639,6461,557615
2004,August,8,38,Rensselaer,4781,10079,903158,2106,3463,343231,2675,6616,559927
2004,July,7,38,Rensselaer,4748,10032,901888,2057,3402,338507,2691,6630,563381
2004,June,6,38,Rensselaer,4671,9921,889748,1999,3354,337039,2672,6567,552709
2004,May,5,38,Rensselaer,4645,9926,890728,1957,3204,323325,2688,6722,567403
2004,April,4,38,Rensselaer,4607,9716,878126,1939,3162,321044,2668,6554,557082
2004,March,3,38,Rensselaer,4532,9641,875497,1903,3158,319352,2629,6483,556145
2004,February,2,38,Rensselaer,4367,9294,830334,1891,3115,311833,2476,6179,518501
2004,January,1,38,Rensselaer,4417,9444,845868,1905,3181,315544,2512,6263,530324
2003,December,12,38,Rensselaer,4325,9261,821265,1879,3113,308377,2446,6148,512888
2003,November,11,38,Rensselaer,4318,9234,820102,1898,3105,307700,2420,6129,512402
2003,October,10,38,Rensselaer,4384,9332,850206,1911,3139,319838,2473,6193,530368
2003,September,9,38,Rensselaer,4332,9248,840636,1860,3041,306567,2472,6207,534069
2003,August,8,38,Rensselaer,4271,9058,824625,1841,2961,292884,2430,6097,531741
2003,July,7,38,Rensselaer,4306,9018,824330,1875,2997,302751,2431,6021,521579
2003,June,6,38,Rensselaer,4238,8855,799386,1848,2939,293404,2390,5916,505982
2003,May,5,38,Rensselaer,4192,8753,795593,1889,3100,310707,2303,5653,484886
2003,April,4,38,Rensselaer,4168,8731,786756,1871,3042,306867,2297,5689,479889
2003,March,3,38,Rensselaer,4249,8936,802945,1891,3101,308310,2358,5835,494635
2003,February,2,38,Rensselaer,4171,8818,776921,1852,3004,300789,2319,5814,476132
2003,January,1,38,Rensselaer,4263,9028,807971,1865,3047,306607,2398,5981,501364
2002,December,12,38,Rensselaer,4287,9045,799123,1872,3026,305225,2415,6019,493898
2002,November,11,38,Rensselaer,4210,8910,782811,1856,2985,299822,2354,5925,482989
2002,October,10,38,Rensselaer,4266,8943,798152,1893,3051,310864,2373,5892,487288
2002,September,9,38,Rensselaer,4162,8769,745587,1850,3003,294147,2312,5766,451440
2002,August,8,38,Rensselaer,4157,8697,737601,1855,2958,289578,2302,5739,448023
2002,July,7,38,Rensselaer,4137,8637,733382,1865,2987,291324,2272,5650,442058
2002,June,6,38,Rensselaer,4133,8600,718501,1833,2916,279613,2300,5684,438888
2002,May,5,38,Rensselaer,4125,8568,724945,1866,2964,287362,2259,5604,437583
2002,April,4,38,Rensselaer,4107,8463,717749,1869,2958,287855,2238,5505,429894
2002,March,3,38,Rensselaer,4128,8540,728057,1914,3086,299468,2214,5454,428589
2002,February,2,38,Rensselaer,4033,8400,716510,1871,3078,297780,2162,5322,418730
2002,January,1,38,Rensselaer,4005,8293,715831,1881,3080,300827,2124,5213,415004
2018,December,12,39,Rockland,14817,42388,5255944,3641,4488,717777,11176,37900,4538167
2018,November,11,39,Rockland,14778,42271,5248400,3656,4522,723108,11122,37749,4525292
2018,October,10,39,Rockland,14916,42522,5288454,3670,4569,727509,11246,37953,4560945
2018,September,9,39,Rockland,14862,42363,5202166,3658,4560,717506,11204,37803,4484660
2018,August,8,39,Rockland,14930,42653,5237896,3655,4550,715330,11275,38103,4522566
2018,July,7,39,Rockland,15015,42799,5221044,3635,4528,701803,11380,38271,4519241
2018,June,6,39,Rockland,15041,42729,5226961,3649,4553,704513,11392,38176,4522448
2018,May,5,39,Rockland,15011,42695,5215648,3686,4610,709392,11325,38085,4506256
2018,April,4,39,Rockland,15183,43066,5246650,3719,4633,710324,11464,38433,4536326
2018,March,3,39,Rockland,15272,43350,5289085,3713,4640,711282,11559,38710,4577803
2018,February,2,39,Rockland,15288,43306,5303426,3721,4690,717620,11567,38616,4585806
2018,January,1,39,Rockland,15374,43531,5359352,3740,4712,723303,11634,38819,4636049
2017,December,12,39,Rockland,15328,43378,5364475,3760,4789,737857,11568,38589,4626618
2017,November,11,39,Rockland,15401,43581,5418490,3746,4724,733661,11655,38857,4684829
2017,October,10,39,Rockland,15390,43750,5432492,3751,4744,735880,11639,39006,4696612
2017,September,9,39,Rockland,15453,43966,5477796,3743,4800,739307,11710,39166,4738489
2017,August,8,39,Rockland,15539,44345,5536927,3760,4858,746625,11779,39487,4790302
2017,July,7,39,Rockland,15590,44566,5500013,3749,4840,728104,11841,39726,4771909
2017,June,6,39,Rockland,15614,44639,5507969,3751,4844,731014,11863,39795,4776955
2017,May,5,39,Rockland,15655,44769,5516423,3767,4856,733687,11888,39913,4782736
2017,April,4,39,Rockland,15653,44779,5512761,3755,4862,729383,11898,39917,4783378
2017,March,3,39,Rockland,15788,45036,5597349,3826,4987,752341,11962,40049,4845008
2017,February,2,39,Rockland,15718,44966,5606993,3787,4929,743768,11931,40037,4863225
2017,January,1,39,Rockland,15731,44982,5600440,3809,4977,752616,11922,40005,4847824
2016,December,12,39,Rockland,15810,45239,5658471,3846,5009,759299,11964,40230,4899172
2016,November,11,39,Rockland,15841,45056,5675408,3849,5037,775521,11992,40019,4899887
2016,October,10,39,Rockland,15859,45236,5702453,3896,5106,776984,11963,40130,4925469
2016,September,9,39,Rockland,15894,45242,5724913,3913,5135,782457,11981,40107,4942456
2016,August,8,39,Rockland,15863,45170,5713250,3924,5160,786235,11939,40010,4927015
2016,July,7,39,Rockland,15927,45259,5699013,3900,5119,775819,12027,40140,4923194
2016,June,6,39,Rockland,16013,45416,5756751,3940,5243,798613,12073,40173,4958138
2016,May,5,39,Rockland,16079,45605,5794842,3937,5193,792057,12142,40412,5002785
2016,April,4,39,Rockland,16401,46202,5896473,3954,5245,797889,12447,40957,5098584
2016,March,3,39,Rockland,16538,46395,5969181,3947,5247,798759,12591,41148,5170422
2016,February,2,39,Rockland,16516,46374,5971019,3932,5259,797274,12584,41115,5173745
2016,January,1,39,Rockland,16664,46710,6014920,3967,5317,808885,12697,41393,5206035
2015,December,12,39,Rockland,16809,46950,6081324,4004,5376,818959,12805,41574,5262365
2015,November,11,39,Rockland,16812,46778,6066717,4007,5397,821207,12805,41381,5245510
2015,October,10,39,Rockland,16959,47100,6105499,4048,5450,831852,12911,41650,5273647
2015,September,9,39,Rockland,17016,47220,6133808,4016,5393,830007,13000,41827,5303801
2015,August,8,39,Rockland,17001,47214,6144080,4014,5439,838474,12987,41775,5305606
2015,July,7,39,Rockland,17103,47450,6131136,4029,5506,829220,13074,41944,5301916
2015,June,6,39,Rockland,17154,47513,6152602,4038,5516,832371,13116,41997,5320231
2015,May,5,39,Rockland,17196,47558,6170744,4070,5575,841357,13126,41983,5329387
2015,April,4,39,Rockland,17222,47502,6194960,4113,5647,860734,13109,41855,5334226
2015,March,3,39,Rockland,17199,47403,6198163,4180,5778,877994,13019,41625,5320169
2015,February,2,39,Rockland,17202,47342,6218104,4171,5737,874300,13031,41605,5343804
2015,January,1,39,Rockland,17214,47434,6216451,4190,5785,881144,13024,41649,5335307
2014,December,12,39,Rockland,17331,47743,6297457,3864,5207,805998,13467,42536,5491459
2014,November,11,39,Rockland,17251,47575,6285266,3885,5253,815462,13366,42322,5469804
2014,October,10,39,Rockland,17327,47723,6339098,3886,5242,817424,13441,42481,5521674
2014,September,9,39,Rockland,17305,47636,6071540,3897,5265,795165,13408,42371,5276375
2014,August,8,39,Rockland,17294,47558,6082266,3884,5236,794507,13410,42322,5287759
2014,July,7,39,Rockland,17343,47586,6108713,3867,5260,798756,13476,42326,5309957
2014,June,6,39,Rockland,17305,47450,6071934,3863,5285,802622,13442,42165,5269312
2014,May,5,39,Rockland,17357,47620,6116372,3854,5315,804046,13503,42305,5312326
2014,April,4,39,Rockland,17308,47573,6087873,3902,5414,818014,13406,42159,5269859
2014,March,3,39,Rockland,17370,47626,6138992,3933,5450,824321,13437,42176,5314671
2014,February,2,39,Rockland,17174,47187,6053469,3939,5467,827426,13235,41720,5226043
2014,January,1,39,Rockland,17210,47136,6047462,3975,5522,837742,13235,41614,5209720
2013,December,12,39,Rockland,17178,46927,6043738,3966,5518,842190,13212,41409,5201548
2013,November,11,39,Rockland,17358,46961,6210164,4093,5650,914001,13265,41311,5296163
2013,October,10,39,Rockland,17199,46891,6488112,4032,5615,915416,13167,41276,5572696
2013,September,9,39,Rockland,17018,46512,6364255,4026,5687,907291,12992,40825,5456964
2013,August,8,39,Rockland,17062,46631,6386018,3945,5512,885430,13117,41119,5500588
2013,July,7,39,Rockland,16995,46458,6354273,3937,5506,886123,13058,40952,5468150
2013,June,6,39,Rockland,16984,46365,6357164,3951,5552,889438,13033,40813,5467726
2013,May,5,39,Rockland,16953,46178,6347418,3960,5561,890071,12993,40617,5457347
2013,April,4,39,Rockland,16826,45964,6310303,3951,5593,892593,12875,40371,5417710
2013,March,3,39,Rockland,16767,45844,6342695,3895,5564,888552,12872,40280,5454143
2013,February,2,39,Rockland,16542,45263,6258238,3876,5489,880733,12666,39774,5377505
2013,January,1,39,Rockland,16439,45069,6208758,3898,5540,883133,12541,39529,5325625
2012,December,12,39,Rockland,16488,45065,6226303,3962,5640,903896,12526,39425,5322407
2012,November,11,39,Rockland,16532,44995,9162757,4001,5674,1335617,12531,39321,7827140
2012,October,10,39,Rockland,16164,44188,6113201,3897,5558,893512,12267,38630,5219689
2012,September,9,39,Rockland,16086,44013,6054822,3863,5517,885825,12223,38496,5168997
2012,August,8,39,Rockland,16129,44011,6058138,3845,5507,888218,12284,38504,5169920
2012,July,7,39,Rockland,15995,43775,6018774,3771,5381,865971,12224,38394,5152803
2012,June,6,39,Rockland,16006,43682,6008925,3793,5390,870565,12213,38292,5138360
2012,May,5,39,Rockland,15853,43303,5954516,3797,5389,873390,12056,37914,5081126
2012,April,4,39,Rockland,15734,42930,5917554,3794,5399,868591,11940,37531,5048963
2012,March,3,39,Rockland,15804,43114,6069914,3773,5383,925363,12031,37731,5144551
2012,February,2,39,Rockland,15524,42642,5896176,3704,5327,860141,11820,37315,5036035
2012,January,1,39,Rockland,15421,42317,5846940,3692,5303,851828,11729,37014,4995112
2011,December,12,39,Rockland,15411,42201,5869521,3691,5287,862238,11720,36914,5007283
2011,November,11,39,Rockland,15138,41582,5800998,3666,5236,854771,11472,36346,4946227
2011,October,10,39,Rockland,15064,41212,5725617,3680,5291,859654,11384,35921,4865963
2011,September,9,39,Rockland,14902,40678,5637035,3619,5208,839364,11283,35470,4797671
2011,August,8,39,Rockland,14735,40212,5596703,3572,5117,824547,11163,35095,4772156
2011,July,7,39,Rockland,14575,39902,5547661,3575,5130,827338,11000,34772,4720323
2011,June,6,39,Rockland,14424,39427,5473330,3550,5074,821595,10874,34353,4651735
2011,May,5,39,Rockland,14295,39164,5443103,3549,5100,822342,10746,34064,4620761
2011,April,4,39,Rockland,14144,38872,5405013,3535,5084,816668,10609,33788,4588345
2011,March,3,39,Rockland,14040,38630,5515239,3434,4947,814766,10606,33683,4700473
2011,February,2,39,Rockland,13643,37678,5335298,3395,4831,790239,10248,32847,4545059
2011,January,1,39,Rockland,13541,37374,5299052,3393,4855,794470,10148,32519,4504582
2010,December,12,39,Rockland,13438,36973,5291209,3365,4793,790692,10073,32180,4500517
2010,November,11,39,Rockland,13149,36215,5156736,3330,4749,779998,9819,31466,4376738
2010,October,10,39,Rockland,13077,35892,5103635,3299,4690,768482,9778,31202,4335153
2010,September,9,39,Rockland,12901,35447,5024445,3275,4679,761814,9626,30768,4262631
2010,August,8,39,Rockland,12733,35019,4984987,3250,4632,755240,9483,30387,4229747
2010,July,7,39,Rockland,12531,34578,4918071,3218,4617,750424,9313,29961,4167647
2010,June,6,39,Rockland,12359,34122,4858456,3221,4625,756594,9138,29497,4101862
2010,May,5,39,Rockland,12108,33512,4774045,3191,4563,743028,8917,28949,4031017
2010,April,4,39,Rockland,11843,32886,4712294,3164,4537,745370,8679,28349,3966924
2010,March,3,39,Rockland,11619,32394,4672163,3144,4530,742498,8475,27864,3929665
2010,February,2,39,Rockland,11254,31542,4514592,3148,4513,739786,8106,27029,3774806
2010,January,1,39,Rockland,11172,31359,4517335,3114,4497,737536,8058,26862,3779799
2009,December,12,39,Rockland,11088,31066,4459188,3099,4414,724680,7989,26652,3734508
2009,November,11,39,Rockland,10831,30528,4368836,3079,4408,720226,7752,26120,3648610
2009,October,10,39,Rockland,10688,30164,4341980,3029,4347,715609,7659,25817,3626371
2009,September,9,39,Rockland,10436,29638,4240305,2994,4276,698544,7442,25362,3541761
2009,August,8,39,Rockland,10257,29181,4161027,2951,4204,684534,7306,24977,3476493
2009,July,7,39,Rockland,10108,28858,4148219,2908,4150,681072,7200,24708,3467147
2009,June,6,39,Rockland,9840,28180,4058195,2841,4046,662852,6999,24134,3395343
2009,May,5,39,Rockland,9652,27739,4004087,2806,3962,658411,6846,23777,3345676
2009,April,4,39,Rockland,9411,27147,3883514,2748,3870,628866,6663,23277,3254648
2009,March,3,39,Rockland,9205,26720,3343132,2705,3831,541620,6500,22889,2801512
2009,February,2,39,Rockland,9018,26216,3277465,2674,3744,529723,6344,22472,2747742
2009,January,1,39,Rockland,8810,25749,3073211,2637,3703,487342,6173,22046,2585869
2008,December,12,39,Rockland,8564,25258,3037954,2594,3616,484206,5970,21642,2553748
2008,November,11,39,Rockland,8411,24912,2990969,2584,3622,480276,5827,21290,2510693
2008,October,10,39,Rockland,8335,24571,2956970,2601,3650,477726,5734,20921,2479244
2008,September,9,39,Rockland,8207,24282,2476626,2558,3611,358272,5649,20671,2118354
2008,August,8,39,Rockland,8153,24114,2455523,2584,3639,355814,5569,20475,2099709
2008,July,7,39,Rockland,8091,23961,2460698,2591,3623,353551,5500,20338,2107147
2008,June,6,39,Rockland,7967,23619,2415673,2608,3668,353595,5359,19951,2062078
2008,May,5,39,Rockland,7889,23397,2396964,2603,3638,349603,5286,19759,2047361
2008,April,4,39,Rockland,7812,23174,2357878,2581,3620,347655,5231,19554,2010223
2008,March,3,39,Rockland,7686,22888,2341249,2571,3621,343641,5115,19267,1997608
2008,February,2,39,Rockland,7548,22594,2325511,2542,3608,343918,5006,18986,1981593
2008,January,1,39,Rockland,7515,22431,2301332,2538,3587,338010,4977,18844,1963322
2007,December,12,39,Rockland,7476,22324,2299166,2522,3562,339112,4954,18762,1960054
2007,November,11,39,Rockland,7390,22147,2281756,2501,3525,334802,4889,18622,1946954
2007,October,10,39,Rockland,7385,22058,2259988,2527,3577,340098,4858,18481,1919890
2007,September,9,39,Rockland,7319,21882,2102188,2486,3549,312020,4833,18333,1790168
2007,August,8,39,Rockland,7336,21892,2111027,2472,3543,308530,4864,18349,1802497
2007,July,7,39,Rockland,7309,21778,2112569,2473,3520,313035,4836,18258,1799534
2007,June,6,39,Rockland,7213,21520,2076773,2482,3538,312077,4731,17982,1764696
2007,May,5,39,Rockland,7251,21618,2102604,2477,3545,309676,4774,18073,1792928
2007,April,4,39,Rockland,7212,21482,2080059,2478,3546,307659,4734,17936,1772400
2007,March,3,39,Rockland,7186,21487,2108018,2468,3562,314589,4718,17925,1793429
2007,February,2,39,Rockland,7061,21306,2065983,2410,3481,300289,4651,17825,1765694
2007,January,1,39,Rockland,7084,21288,2067328,2425,3532,309858,4659,17756,1757470
2006,December,12,39,Rockland,7033,21200,2061606,2415,3528,307708,4618,17672,1753898
2006,November,11,39,Rockland,7006,21068,2043207,2403,3478,304161,4603,17590,1739046
2006,October,10,39,Rockland,7052,21154,2057628,2423,3492,309458,4629,17662,1748170
2006,September,9,39,Rockland,6991,21007,1968639,2391,3492,294930,4600,17515,1673709
2006,August,8,39,Rockland,6982,20967,1975206,2396,3501,302052,4586,17466,1673154
2006,July,7,39,Rockland,6964,20903,1959706,2390,3519,301164,4574,17384,1658542
2006,June,6,39,Rockland,6955,20829,1963169,2355,3443,292884,4600,17386,1670285
2006,May,5,39,Rockland,6909,20828,1965233,2347,3483,297522,4562,17345,1667711
2006,April,4,39,Rockland,6842,20673,1957238,2321,3458,296206,4521,17215,1661032
2006,March,3,39,Rockland,6849,20686,1974031,2318,3460,300255,4531,17226,1673776
2006,February,2,39,Rockland,6831,20561,1960906,2326,3478,298379,4505,17083,1662527
2006,January,1,39,Rockland,6814,20495,1926509,2350,3513,292962,4464,16982,1633547
2005,December,12,39,Rockland,6818,20401,1943669,2344,3553,304385,4474,16848,1639284
2005,November,11,39,Rockland,6729,20196,1915322,2334,3534,299625,4395,16662,1615697
2005,October,10,39,Rockland,6701,20123,1905870,2334,3582,302282,4367,16541,1603588
2005,September,9,39,Rockland,6640,19963,1845638,2301,3551,295190,4339,16412,1550448
2005,August,8,39,Rockland,6612,19902,1844101,2278,3533,292022,4334,16369,1552079
2005,July,7,39,Rockland,6537,19602,1811801,2294,3550,292239,4243,16052,1519562
2005,June,6,39,Rockland,6548,19491,1805303,2370,3656,299994,4178,15835,1505309
2005,May,5,39,Rockland,6507,19335,1776802,2399,3676,297783,4108,15659,1479019
2005,April,4,39,Rockland,6598,19369,1786846,2507,3812,303585,4091,15557,1483261
2005,March,3,39,Rockland,6593,19334,1779759,2527,3800,298174,4066,15534,1481585
2005,February,2,39,Rockland,6578,19255,1765586,2560,3854,300077,4018,15401,1465509
2005,January,1,39,Rockland,6529,19191,1757271,2535,3804,291825,3994,15387,1465446
2004,December,12,39,Rockland,6468,18987,1752628,2525,3765,294599,3943,15222,1458029
2004,November,11,39,Rockland,6280,18653,1719658,2419,3650,289682,3861,15003,1429976
2004,October,10,39,Rockland,6130,18452,1705564,2313,3597,290317,3817,14855,1415247
2004,September,9,39,Rockland,5899,18082,1558104,2149,3445,263761,3750,14637,1294343
2004,August,8,39,Rockland,5750,17851,1546049,2014,3314,260161,3736,14537,1285888
2004,July,7,39,Rockland,5682,17730,1540418,1971,3285,261804,3711,14445,1278614
2004,June,6,39,Rockland,5568,17583,1520661,1873,3184,255573,3695,14399,1265088
2004,May,5,39,Rockland,5551,17506,1512230,1902,3240,258278,3649,14266,1253952
2004,April,4,39,Rockland,5517,17434,1513504,1890,3250,257124,3627,14184,1256380
2004,March,3,39,Rockland,5493,17362,1513785,1897,3281,266918,3596,14081,1246867
2004,February,2,39,Rockland,5374,17175,1496163,1830,3194,250109,3544,13981,1246054
2004,January,1,39,Rockland,5350,17124,1496604,1816,3171,251420,3534,13953,1245184
2003,December,12,39,Rockland,5238,16916,1481316,1773,3108,243986,3465,13808,1237330
2003,November,11,39,Rockland,5255,16846,1472448,1801,3130,244413,3454,13716,1228035
2003,October,10,39,Rockland,5235,16795,1467321,1815,3169,248424,3420,13626,1218897
2003,September,9,39,Rockland,5235,16783,1434841,1824,3230,246298,3411,13553,1188543
2003,August,8,39,Rockland,5228,16811,1434199,1817,3228,241559,3411,13583,1192640
2003,July,7,39,Rockland,5225,16743,1438453,1807,3203,242384,3418,13540,1196069
2003,June,6,39,Rockland,5232,16741,1437322,1808,3219,246866,3424,13522,1190456
2003,May,5,39,Rockland,5228,16758,1447336,1777,3155,238488,3451,13603,1208848
2003,April,4,39,Rockland,5177,16557,1433515,1774,3121,236683,3403,13436,1196832
2003,March,3,39,Rockland,5121,16408,1412453,1757,3122,235451,3364,13286,1177002
2003,February,2,39,Rockland,5077,16190,1412742,1745,3123,235455,3332,13067,1177287
2003,January,1,39,Rockland,4981,16015,1386874,1716,3106,234583,3265,12909,1152291
2002,December,12,39,Rockland,5017,15959,1375552,1757,3162,239401,3260,12797,1136151
2002,November,11,39,Rockland,4990,15941,1363242,1733,3126,232937,3257,12815,1130305
2002,October,10,39,Rockland,4996,15994,1374726,1751,3192,243829,3245,12802,1130897
2002,September,9,39,Rockland,4907,15787,1280160,1739,3211,222159,3168,12576,1058001
2002,August,8,39,Rockland,4895,15743,1275761,1735,3207,221422,3160,12536,1054339
2002,July,7,39,Rockland,4873,15606,1271673,1738,3235,223683,3135,12371,1047990
2002,June,6,39,Rockland,4863,15547,1269579,1770,3300,225234,3093,12247,1044345
2002,May,5,39,Rockland,4850,15473,1266235,1775,3331,230194,3075,12142,1036041
2002,April,4,39,Rockland,4784,15350,1263300,1780,3331,233685,3004,12019,1029615
2002,March,3,39,Rockland,4784,15314,1270155,1790,3374,235734,2994,11940,1034421
2002,February,2,39,Rockland,4745,15217,1248743,1781,3375,234387,2964,11842,1014356
2002,January,1,39,Rockland,4742,15156,1243339,1792,3420,237771,2950,11736,1005568
2016,June,6,4,Cattaraugus,6408,12235,1441685,1902,2431,368528,4506,9804,1073157
2016,May,5,4,Cattaraugus,6497,12454,1484702,1859,2369,364104,4638,10085,1120598
2016,April,4,4,Cattaraugus,6505,12447,1475905,1850,2369,361156,4655,10078,1114749
2016,March,3,4,Cattaraugus,6527,12525,1482090,1846,2356,359688,4681,10169,1122402
2016,February,2,4,Cattaraugus,6524,12528,1488705,1858,2355,360252,4666,10173,1128453
2016,January,1,4,Cattaraugus,6507,12420,1472922,1845,2323,357077,4662,10097,1115845
2015,October,10,4,Cattaraugus,6440,12433,1470078,1827,2325,355115,4613,10108,1114963
2015,September,9,4,Cattaraugus,6435,12354,1474282,1820,2286,351350,4615,10068,1122932
2015,August,8,4,Cattaraugus,6471,12446,1491829,1816,2279,350149,4655,10167,1141680
2015,July,7,4,Cattaraugus,6506,12571,1502791,1818,2302,349159,4688,10269,1153632
2015,June,6,4,Cattaraugus,6572,12745,1531635,1838,2332,356017,4734,10413,1175618
2015,May,5,4,Cattaraugus,6626,12933,1547997,1868,2369,360118,4758,10564,1187879
2015,April,4,4,Cattaraugus,6624,12932,1545083,1877,2384,361425,4747,10548,1183658
2015,March,3,4,Cattaraugus,6613,12944,1558149,1866,2358,360584,4747,10586,1197565
2015,February,2,4,Cattaraugus,6556,12845,1548414,1849,2351,358050,4707,10494,1190364
2015,January,1,4,Cattaraugus,6558,12842,1554536,1844,2376,367071,4714,10466,1187465
2014,December,12,4,Cattaraugus,6513,12803,1563197,1644,1977,322994,4869,10826,1240203
2014,November,11,4,Cattaraugus,6458,12644,1542332,1650,1981,320380,4808,10663,1221952
2014,October,10,4,Cattaraugus,6446,12613,1550305,1646,1972,317179,4800,10641,1233126
2014,September,9,4,Cattaraugus,6403,12521,1467524,1612,1912,296210,4791,10609,1171314
2014,August,8,4,Cattaraugus,6432,12621,1478345,1622,1932,300204,4810,10689,1178141
2014,July,7,4,Cattaraugus,6457,12692,1485706,1633,1929,298739,4824,10763,1186967
2014,June,6,4,Cattaraugus,6493,12746,1493087,1633,1941,299453,4860,10805,1193634
2014,May,5,4,Cattaraugus,6545,12940,1513135,1630,1936,300294,4915,11004,1212841
2014,April,4,4,Cattaraugus,6465,12734,1481429,1618,1928,298994,4847,10806,1182435
2014,March,3,4,Cattaraugus,6485,12863,1504639,1643,1984,306738,4842,10879,1197901
2014,February,2,4,Cattaraugus,6388,12672,1474008,1638,1971,304305,4750,10701,1169703
2014,January,1,4,Cattaraugus,6354,12556,1444964,1620,1946,300961,4734,10610,1144003
2013,December,12,4,Cattaraugus,6276,12458,1441211,1585,1902,294658,4691,10556,1146553
2013,November,11,4,Cattaraugus,6838,12964,2073943,1701,2022,400346,5137,10942,1673597
2013,October,10,4,Cattaraugus,6208,12328,1535753,1584,1896,314760,4624,10432,1220993
2013,September,9,4,Cattaraugus,6200,12294,1519039,1569,1866,304378,4631,10428,1214661
2013,August,8,4,Cattaraugus,6167,12250,1519063,1562,1851,301693,4605,10399,1217370
2013,July,7,4,Cattaraugus,6150,12197,1517572,1569,1843,301253,4581,10354,1216319
2013,June,6,4,Cattaraugus,6120,12139,1502965,1583,1863,305103,4537,10276,1197862
2013,May,5,4,Cattaraugus,6156,12238,1505270,1582,1845,303428,4574,10393,1201842
2013,April,4,4,Cattaraugus,6102,12165,1492348,1597,1879,305150,4505,10286,1187198
2013,March,3,4,Cattaraugus,6117,12194,1517074,1625,1959,318011,4492,10235,1199063
2013,February,2,4,Cattaraugus,6029,12071,1491690,1598,1906,311289,4431,10165,1180401
2013,January,1,4,Cattaraugus,5977,11941,1461695,1596,1900,307126,4381,10041,1154569
2012,December,12,4,Cattaraugus,5928,11831,1447603,1590,1873,308187,4338,9958,1139416
2012,November,11,4,Cattaraugus,5885,11777,1447013,1596,1877,309174,4289,9900,1137839
2012,October,10,4,Cattaraugus,5837,11689,1444534,1600,1904,314459,4237,9785,1130075
2012,September,9,4,Cattaraugus,5799,11595,1439736,1570,1852,307746,4229,9743,1131990
2012,August,8,4,Cattaraugus,5750,11509,1417074,1557,1830,306900,4193,9679,1110174
2012,July,7,4,Cattaraugus,5807,11641,1435460,1563,1834,305723,4244,9807,1129737
2012,June,6,4,Cattaraugus,5775,11577,1422546,1550,1810,300480,4225,9767,1122066
2012,May,5,4,Cattaraugus,5794,11612,1440320,1554,1831,307149,4240,9781,1133171
2012,April,4,4,Cattaraugus,5798,11622,1433130,1566,1821,302449,4232,9801,1130681
2012,March,3,4,Cattaraugus,5841,11714,1533133,1576,1868,350613,4265,9846,1182520
2012,February,2,4,Cattaraugus,5779,11610,1437418,1574,1870,306295,4205,9740,1131123
2012,January,1,4,Cattaraugus,5731,11469,1415578,1576,1882,308745,4155,9587,1106833
2011,December,12,4,Cattaraugus,5703,11347,1427996,1591,1892,320976,4112,9455,1107020
2011,November,11,4,Cattaraugus,5597,11132,1406422,1596,1876,317233,4001,9256,1089189
2011,October,10,4,Cattaraugus,5517,10925,1381152,1577,1846,311277,3940,9079,1069875
2011,September,9,4,Cattaraugus,5511,10892,1363970,1553,1820,302376,3958,9072,1061594
2011,August,8,4,Cattaraugus,5497,10919,1363113,1552,1823,301393,3945,9096,1061720
2011,July,7,4,Cattaraugus,5502,11012,1385554,1538,1819,300454,3964,9193,1085100
2011,June,6,4,Cattaraugus,5492,10922,1376415,1537,1816,301468,3955,9106,1074947
2011,May,5,4,Cattaraugus,5421,10755,1358451,1511,1780,294739,3910,8975,1063712
2011,April,4,4,Cattaraugus,5413,10749,1346089,1524,1783,296306,3889,8966,1049783
2011,March,3,4,Cattaraugus,5420,10842,1398809,1498,1753,301523,3922,9089,1097286
2011,February,2,4,Cattaraugus,5351,10709,1385834,1504,1742,300512,3847,8967,1085322
2011,January,1,4,Cattaraugus,5328,10707,1385883,1521,1783,307953,3807,8924,1077930
2010,December,12,4,Cattaraugus,5250,10560,1373245,1511,1754,305181,3739,8806,1068064
2010,November,11,4,Cattaraugus,5158,10359,1344611,1488,1713,297071,3670,8646,1047540
2010,October,10,4,Cattaraugus,5103,10253,1334544,1475,1702,295193,3628,8551,1039351
2010,September,9,4,Cattaraugus,5077,10301,1337471,1441,1680,287133,3636,8621,1050338
2010,August,8,4,Cattaraugus,5062,10285,1331866,1445,1687,288896,3617,8598,1042970
2010,July,7,4,Cattaraugus,5090,10321,1346836,1462,1719,296892,3628,8602,1049944
2010,June,6,4,Cattaraugus,5025,10266,1333406,1437,1685,289957,3588,8581,1043449
2010,May,5,4,Cattaraugus,5011,10203,1326839,1438,1691,291405,3573,8512,1035434
2010,April,4,4,Cattaraugus,4995,10261,1324219,1421,1678,289683,3574,8583,1034536
2010,March,3,4,Cattaraugus,5003,10267,1332555,1439,1690,295078,3564,8577,1037477
2010,February,2,4,Cattaraugus,4935,10152,1332678,1420,1671,291738,3515,8481,1040940
2010,January,1,4,Cattaraugus,4891,10072,1330842,1418,1675,289922,3473,8397,1040920
2009,December,12,4,Cattaraugus,4828,9954,1301331,1411,1673,292382,3417,8281,1008949
2009,November,11,4,Cattaraugus,4691,9616,1261838,1423,1680,294239,3268,7936,967599
2009,October,10,4,Cattaraugus,4619,9406,1237251,1419,1667,288545,3200,7739,948706
2009,September,9,4,Cattaraugus,4565,9262,1227782,1412,1664,289011,3153,7598,938771
2009,August,8,4,Cattaraugus,4512,9129,1215040,1395,1628,284772,3117,7501,930268
2009,July,7,4,Cattaraugus,4505,9129,1210235,1379,1604,278017,3126,7525,932218
2009,June,6,4,Cattaraugus,4512,9095,1231420,1385,1612,281194,3127,7483,950226
2009,May,5,4,Cattaraugus,4440,8944,1219933,1380,1593,275959,3060,7351,943974
2009,April,4,4,Cattaraugus,4405,8893,1203689,1394,1643,284145,3011,7250,919544
2009,March,3,4,Cattaraugus,4360,8850,1026636,1384,1637,245781,2976,7213,780855
2009,February,2,4,Cattaraugus,4244,8618,995889,1371,1598,240972,2873,7020,754917
2009,January,1,4,Cattaraugus,4188,8574,890063,1357,1643,208453,2831,6931,681610
2008,December,12,4,Cattaraugus,4105,8385,889836,1359,1654,212514,2746,6731,677322
2008,November,11,4,Cattaraugus,3990,8090,864791,1368,1671,213313,2622,6419,651478
2008,October,10,4,Cattaraugus,3901,7926,844060,1354,1665,214308,2547,6261,629752
2008,September,9,4,Cattaraugus,3863,7752,668900,1347,1628,159581,2516,6124,509319
2008,August,8,4,Cattaraugus,3851,7686,666317,1327,1584,154022,2524,6102,512295
2008,July,7,4,Cattaraugus,3848,7692,668988,1347,1625,158723,2501,6067,510265
2008,June,6,4,Cattaraugus,3847,7701,674511,1361,1636,159259,2486,6065,515252
2008,May,5,4,Cattaraugus,3873,7763,685106,1392,1699,169706,2481,6064,515400
2008,April,4,4,Cattaraugus,3800,7556,670318,1368,1641,162630,2432,5915,507688
2008,March,3,4,Cattaraugus,3768,7559,675051,1385,1702,170955,2383,5857,504096
2008,February,2,4,Cattaraugus,3664,7301,648398,1354,1660,164540,2310,5641,483858
2008,January,1,4,Cattaraugus,3630,7167,642009,1364,1664,166168,2266,5503,475841
2007,December,12,4,Cattaraugus,3522,6903,628940,1361,1679,170476,2161,5224,458464
2007,November,11,4,Cattaraugus,3548,6930,639109,1388,1740,178044,2160,5190,461065
2007,October,10,4,Cattaraugus,3509,6785,633514,1375,1683,173183,2134,5102,460331
2007,September,9,4,Cattaraugus,3494,6749,587871,1366,1704,163023,2128,5045,424848
2007,August,8,4,Cattaraugus,3551,6891,598719,1378,1736,165895,2173,5155,432824
2007,July,7,4,Cattaraugus,3565,6897,603279,1395,1758,169237,2170,5139,434042
2007,June,6,4,Cattaraugus,3605,7054,615607,1385,1737,162014,2220,5317,453593
2007,May,5,4,Cattaraugus,3613,7070,620960,1393,1738,166430,2220,5332,454530
2007,April,4,4,Cattaraugus,3595,7095,620508,1375,1714,163236,2220,5381,457272
2007,March,3,4,Cattaraugus,3596,7106,624219,1382,1733,166800,2214,5373,457419
2007,February,2,4,Cattaraugus,3586,7157,629870,1390,1771,169727,2196,5386,460143
2007,January,1,4,Cattaraugus,3576,7108,619270,1422,1827,175656,2154,5281,443614
2006,December,12,4,Cattaraugus,3611,7168,632008,1446,1867,184278,2165,5301,447730
2006,November,11,4,Cattaraugus,3543,6973,625634,1442,1826,185642,2101,5147,439992
2006,October,10,4,Cattaraugus,3554,6947,618972,1450,1886,188250,2104,5061,430722
2006,September,9,4,Cattaraugus,3607,7013,610029,1465,1911,189084,2142,5102,420945
2006,August,8,4,Cattaraugus,3617,7029,608018,1461,1901,185241,2156,5128,422777
2006,July,7,4,Cattaraugus,3663,7176,620367,1483,1952,189264,2180,5224,431103
2006,June,6,4,Cattaraugus,3678,7241,622013,1488,1966,189397,2190,5275,432616
2006,May,5,4,Cattaraugus,3695,7309,631862,1504,2007,196310,2191,5302,435552
2006,April,4,4,Cattaraugus,3708,7390,638017,1496,1997,195113,2212,5393,442904
2006,March,3,4,Cattaraugus,3701,7399,647287,1488,2004,197311,2213,5395,449976
2006,February,2,4,Cattaraugus,3638,7258,625861,1465,1988,193204,2173,5270,432657
2006,January,1,4,Cattaraugus,3636,7257,607861,1481,2003,187879,2155,5254,419982
2005,December,12,4,Cattaraugus,3662,7271,624666,1512,2057,199945,2150,5214,424721
2005,November,11,4,Cattaraugus,3600,7142,616853,1474,1973,191536,2126,5169,425317
2005,October,10,4,Cattaraugus,3573,7035,606323,1465,1943,191564,2108,5092,414759
2005,September,9,4,Cattaraugus,3556,6979,579240,1436,1897,178804,2120,5082,400436
2005,August,8,4,Cattaraugus,3568,7066,583128,1433,1897,180922,2135,5169,402206
2005,July,7,4,Cattaraugus,3584,7165,596570,1398,1845,173710,2186,5320,422860
2005,June,6,4,Cattaraugus,3613,7232,604284,1410,1872,176419,2203,5360,427865
2005,May,5,4,Cattaraugus,3603,7257,602788,1430,1932,179810,2173,5325,422978
2005,April,4,4,Cattaraugus,3645,7321,607886,1449,1943,177241,2196,5378,430645
2005,March,3,4,Cattaraugus,3678,7387,612787,1470,1975,180739,2208,5412,432048
2005,February,2,4,Cattaraugus,3652,7329,610152,1486,2016,182284,2166,5313,427868
2005,January,1,4,Cattaraugus,3611,7188,589020,1493,2047,184825,2118,5141,404195
2004,December,12,4,Cattaraugus,3643,7278,607279,1480,1992,180956,2163,5286,426323
2004,November,11,4,Cattaraugus,3518,7024,578700,1440,1955,178341,2078,5069,400359
2004,October,10,4,Cattaraugus,3468,6936,584893,1402,1903,173785,2066,5033,411108
2004,September,9,4,Cattaraugus,3395,6868,529815,1359,1871,161062,2036,4997,368753
2004,August,8,4,Cattaraugus,3361,6811,528764,1277,1772,153513,2084,5039,375251
2004,July,7,4,Cattaraugus,3340,6833,532624,1269,1765,156192,2071,5068,376432
2004,June,6,4,Cattaraugus,3341,6823,536745,1254,1714,154317,2087,5109,382428
2004,May,5,4,Cattaraugus,3350,6868,543156,1242,1724,154622,2108,5144,388534
2004,April,4,4,Cattaraugus,3340,6831,535224,1250,1727,155294,2090,5104,379930
2004,March,3,4,Cattaraugus,3316,6864,528787,1233,1720,154702,2083,5144,374085
2004,February,2,4,Cattaraugus,3333,6908,530195,1248,1740,154918,2085,5168,375277
2004,January,1,4,Cattaraugus,3304,6798,523983,1242,1709,152483,2062,5089,371500
2003,December,12,4,Cattaraugus,3273,6719,515241,1240,1705,148581,2033,5014,366660
2003,November,11,4,Cattaraugus,3192,6521,495252,1228,1720,148699,1964,4801,346553
2003,October,10,4,Cattaraugus,3238,6609,507564,1261,1763,153846,1977,4846,353718
2003,September,9,4,Cattaraugus,3201,6547,498680,1215,1711,148124,1986,4836,350556
2003,August,8,4,Cattaraugus,3186,6529,502816,1218,1694,147552,1968,4835,355264
2003,July,7,4,Cattaraugus,3185,6542,504782,1206,1649,142884,1979,4893,361898
2003,June,6,4,Cattaraugus,3170,6510,497507,1207,1656,144624,1963,4854,352883
2003,May,5,4,Cattaraugus,3182,6554,503710,1213,1681,147243,1969,4873,356467
2003,April,4,4,Cattaraugus,3117,6417,487630,1211,1683,147209,1906,4734,340421
2003,March,3,4,Cattaraugus,3146,6486,492866,1217,1688,147033,1929,4798,345833
2003,February,2,4,Cattaraugus,3107,6426,483427,1212,1703,146258,1895,4723,337169
2003,January,1,4,Cattaraugus,3104,6402,482553,1220,1710,148571,1884,4692,333982
2002,December,12,4,Cattaraugus,3066,6263,468973,1217,1715,150563,1849,4548,318410
2002,November,11,4,Cattaraugus,3044,6163,460178,1218,1710,150197,1826,4453,309981
2002,October,10,4,Cattaraugus,2986,6032,455723,1205,1674,148260,1781,4358,307463
2002,September,9,4,Cattaraugus,2975,5966,421704,1200,1674,138699,1775,4292,283005
2002,August,8,4,Cattaraugus,2991,6031,425492,1191,1667,136045,1800,4364,289447
2002,July,7,4,Cattaraugus,2970,5970,423707,1179,1633,137120,1791,4337,286587
2002,June,6,4,Cattaraugus,2993,6022,423540,1173,1616,130488,1820,4406,293052
2002,May,5,4,Cattaraugus,2999,6010,423991,1177,1637,134292,1822,4373,289699
2002,April,4,4,Cattaraugus,3030,6047,433123,1192,1660,135724,1838,4387,297399
2002,March,3,4,Cattaraugus,3093,6257,450005,1215,1723,142766,1878,4534,307239
2002,February,2,4,Cattaraugus,3074,6237,439878,1235,1729,144415,1839,4508,295463
2002,January,1,4,Cattaraugus,3041,6164,432312,1225,1713,140490,1816,4451,291822
2018,December,12,40,St. Lawrence,7759,14312,1691027,2837,3732,553836,4922,10580,1137191
2018,November,11,40,St. Lawrence,7677,14167,1671370,2828,3742,553991,4849,10425,1117379
2018,October,10,40,St. Lawrence,7685,14201,1691222,2822,3723,553178,4863,10478,1138044
2018,September,9,40,St. Lawrence,7678,14145,1671011,2831,3758,544938,4847,10387,1126073
2018,August,8,40,St. Lawrence,7715,14199,1690594,2848,3809,553777,4867,10390,1136817
2018,July,7,40,St. Lawrence,7734,14274,1681637,2867,3879,558085,4867,10395,1123552
2018,June,6,40,St. Lawrence,7861,14541,1707362,2901,3894,562598,4960,10647,1144764
2018,May,5,40,St. Lawrence,7879,14631,1704719,2911,3935,566748,4968,10696,1137971
2018,April,4,40,St. Lawrence,7985,14903,1728088,2924,3955,566410,5061,10948,1161678
2018,March,3,40,St. Lawrence,8125,15237,1760351,2952,3987,567524,5173,11250,1192827
2018,February,2,40,St. Lawrence,8067,15126,1747354,2923,3956,563909,5144,11170,1183445
2018,January,1,40,St. Lawrence,8089,15209,1757581,2924,3957,559911,5165,11252,1197670
2017,December,12,40,St. Lawrence,7978,15043,1761011,2897,3924,565375,5081,11119,1195636
2017,November,11,40,St. Lawrence,7942,14970,1745459,2891,3959,570216,5051,11011,1175243
2017,October,10,40,St. Lawrence,7898,14871,1742695,2897,3972,578109,5001,10899,1164586
2017,September,9,40,St. Lawrence,7916,14978,1766807,2913,4028,586990,5003,10950,1179817
2017,August,8,40,St. Lawrence,7902,14997,1767725,2920,4014,583687,4982,10983,1184038
2017,July,7,40,St. Lawrence,7933,15034,1778092,2929,4030,582933,5004,11004,1195159
2017,June,6,40,St. Lawrence,8047,15250,1791298,2930,4025,583487,5117,11225,1207811
2017,May,5,40,St. Lawrence,8099,15378,1805041,2931,4019,583608,5168,11359,1221433
2017,April,4,40,St. Lawrence,8148,15514,1808657,2953,4060,584425,5195,11454,1224232
2017,March,3,40,St. Lawrence,8203,15652,1827254,2979,4110,594990,5224,11542,1232264
2017,February,2,40,St. Lawrence,8178,15647,1826409,2983,4137,598481,5195,11510,1227928
2017,January,1,40,St. Lawrence,8180,15680,1832842,3004,4176,608698,5176,11504,1224144
2016,December,12,40,St. Lawrence,8216,15660,1849097,3025,4244,618939,5191,11416,1230158
2016,November,11,40,St. Lawrence,8105,15396,1825802,3013,4227,625190,5092,11169,1200612
2016,October,10,40,St. Lawrence,8110,15431,1840415,3028,4228,620341,5082,11203,1220074
2016,September,9,40,St. Lawrence,8123,15486,1849846,3020,4219,618450,5103,11267,1231396
2016,August,8,40,St. Lawrence,8131,15451,1867321,2993,4160,613756,5138,11291,1253565
2016,July,7,40,St. Lawrence,8087,15424,1864239,3006,4193,611914,5081,11231,1252325
2016,June,6,40,St. Lawrence,8174,15587,1880084,3018,4206,613253,5156,11381,1266831
2016,May,5,40,St. Lawrence,8208,15718,1896165,3043,4238,618177,5165,11480,1277988
2016,April,4,40,St. Lawrence,8325,15971,1922187,3058,4290,622923,5267,11681,1299264
2016,March,3,40,St. Lawrence,8369,16119,1942538,3050,4288,626589,5319,11831,1315949
2016,February,2,40,St. Lawrence,8408,16187,1954638,3070,4331,629875,5338,11856,1324763
2016,January,1,40,St. Lawrence,8446,16407,1973752,3050,4330,630586,5396,12077,1343166
2015,December,12,40,St. Lawrence,8373,16208,1950518,3026,4286,622931,5347,11922,1327587
2015,November,11,40,St. Lawrence,8280,16015,1929743,3006,4261,621605,5274,11754,1308138
2015,October,10,40,St. Lawrence,8286,16063,1955706,3023,4298,628927,5263,11765,1326779
2015,September,9,40,St. Lawrence,8245,16019,1946854,3015,4316,633751,5230,11703,1313103
2015,August,8,40,St. Lawrence,8304,16135,1977372,3034,4360,644742,5270,11775,1332630
2015,July,7,40,St. Lawrence,8382,16306,1991289,3070,4434,650013,5312,11872,1341276
2015,June,6,40,St. Lawrence,8440,16456,2009714,3062,4438,652322,5378,12018,1357392
2015,May,5,40,St. Lawrence,8504,16591,2028427,3112,4521,666546,5392,12070,1361881
2015,April,4,40,St. Lawrence,8586,16802,2047082,3101,4476,659189,5485,12326,1387893
2015,March,3,40,St. Lawrence,8671,17123,2095360,3085,4449,656303,5586,12674,1439057
2015,February,2,40,St. Lawrence,8626,16996,2076754,3106,4507,665043,5520,12489,1411711
2015,January,1,40,St. Lawrence,8683,17129,2097606,3139,4572,676876,5544,12557,1420730
2014,December,12,40,St. Lawrence,8636,17001,2103730,2854,3920,606556,5782,13081,1497174
2014,November,11,40,St. Lawrence,8500,16714,2070302,2850,3928,604292,5650,12786,1466010
2014,October,10,40,St. Lawrence,8537,16737,2097007,2844,3941,613186,5693,12796,1483821
2014,September,9,40,St. Lawrence,8543,16708,2000031,2786,3825,568567,5757,12883,1431464
2014,August,8,40,St. Lawrence,8539,16711,2010966,2782,3825,573755,5757,12886,1437211
2014,July,7,40,St. Lawrence,8603,16914,2041009,2806,3895,585477,5797,13019,1455532
2014,June,6,40,St. Lawrence,8630,17010,2053628,2790,3870,577147,5840,13140,1476481
2014,May,5,40,St. Lawrence,8684,17169,2072024,2800,3860,576643,5884,13309,1495381
2014,April,4,40,St. Lawrence,8727,17255,2077508,2812,3909,585008,5915,13346,1492500
2014,March,3,40,St. Lawrence,8754,17393,2092174,2808,3904,585569,5946,13489,1506605
2014,February,2,40,St. Lawrence,8697,17309,2073919,2811,3905,585898,5886,13404,1488021
2014,January,1,40,St. Lawrence,8708,17352,2048864,2796,3889,579297,5912,13463,1469567
2013,December,12,40,St. Lawrence,8640,17178,2055946,2800,3860,583693,5840,13318,1472253
2013,November,11,40,St. Lawrence,8703,17130,2257286,2854,3921,642495,5849,13209,1614791
2013,October,10,40,St. Lawrence,8519,16831,2177862,2795,3829,619766,5724,13002,1558096
2013,September,9,40,St. Lawrence,8464,16728,2137851,2724,3725,587797,5740,13003,1550054
2013,August,8,40,St. Lawrence,8501,16871,2157557,2730,3732,592457,5771,13139,1565100
2013,July,7,40,St. Lawrence,8462,16795,2132821,2714,3697,580083,5748,13098,1552738
2013,June,6,40,St. Lawrence,8506,16977,2147695,2732,3757,589037,5774,13220,1558658
2013,May,5,40,St. Lawrence,8509,17009,2153057,2730,3752,589253,5779,13257,1563804
2013,April,4,40,St. Lawrence,8514,16997,2149088,2754,3780,591422,5760,13217,1557666
2013,March,3,40,St. Lawrence,8583,17248,2179326,2722,3741,585950,5861,13507,1593376
2013,February,2,40,St. Lawrence,8550,17260,2165340,2754,3768,588545,5796,13492,1576795
2013,January,1,40,St. Lawrence,8544,17255,2158767,2736,3700,579760,5808,13555,1579007
2012,December,12,40,St. Lawrence,8404,16979,2144614,2733,3686,585070,5671,13293,1559544
2012,November,11,40,St. Lawrence,8281,16705,2119759,2725,3675,582013,5556,13030,1537746
2012,October,10,40,St. Lawrence,8244,16540,2116622,2724,3660,584393,5520,12880,1532229
2012,September,9,40,St. Lawrence,8168,16379,2101644,2650,3556,564279,5518,12823,1537365
2012,August,8,40,St. Lawrence,8205,16469,2117680,2640,3516,562733,5565,12953,1554947
2012,July,7,40,St. Lawrence,8199,16462,2105532,2661,3581,568937,5538,12881,1536595
2012,June,6,40,St. Lawrence,8240,16630,2131505,2672,3585,575235,5568,13045,1556270
2012,May,5,40,St. Lawrence,8294,16756,2136271,2657,3557,570151,5637,13199,1566120
2012,April,4,40,St. Lawrence,8307,16784,2132854,2660,3572,568861,5647,13212,1563993
2012,March,3,40,St. Lawrence,8368,16950,2262867,2698,3681,660504,5670,13269,1602363
2012,February,2,40,St. Lawrence,8278,16771,2117601,2708,3694,590760,5570,13077,1526841
2012,January,1,40,St. Lawrence,8294,16803,2113048,2767,3771,603459,5527,13032,1509589
2011,December,12,40,St. Lawrence,8226,16681,2134107,2745,3756,610135,5481,12925,1523972
2011,November,11,40,St. Lawrence,8148,16522,2114037,2753,3746,610042,5395,12776,1503995
2011,October,10,40,St. Lawrence,8076,16351,2112753,2725,3713,604285,5351,12638,1508468
2011,September,9,40,St. Lawrence,8081,16385,2091457,2659,3629,582962,5422,12756,1508495
2011,August,8,40,St. Lawrence,8066,16419,2090614,2632,3591,573875,5434,12828,1516739
2011,July,7,40,St. Lawrence,8068,16412,2095518,2627,3580,575221,5441,12832,1520297
2011,June,6,40,St. Lawrence,8118,16655,2114232,2618,3580,574125,5500,13075,1540107
2011,May,5,40,St. Lawrence,8105,16686,2121796,2607,3587,573728,5498,13099,1548068
2011,April,4,40,St. Lawrence,8093,16678,2122724,2588,3563,571970,5505,13115,1550754
2011,March,3,40,St. Lawrence,8108,16752,2174474,2605,3566,589135,5503,13186,1585339
2011,February,2,40,St. Lawrence,7995,16518,2158693,2599,3543,592156,5396,12975,1566537
2011,January,1,40,St. Lawrence,7977,16522,2156580,2589,3522,581267,5388,13000,1575313
2010,December,12,40,St. Lawrence,7902,16390,2139837,2561,3492,577872,5341,12898,1561965
2010,November,11,40,St. Lawrence,7784,16115,2109037,2557,3516,576278,5227,12599,1532759
2010,October,10,40,St. Lawrence,7690,15918,2077345,2559,3484,574467,5131,12434,1502878
2010,September,9,40,St. Lawrence,7668,15850,2077749,2485,3394,562753,5183,12456,1514996
2010,August,8,40,St. Lawrence,7620,15752,2069916,2483,3354,553389,5137,12398,1516527
2010,July,7,40,St. Lawrence,7573,15705,2059439,2481,3355,554271,5092,12350,1505168
2010,June,6,40,St. Lawrence,7494,15566,2032912,2456,3327,551608,5038,12239,1481304
2010,May,5,40,St. Lawrence,7436,15496,2027413,2475,3367,558962,4961,12129,1468451
2010,April,4,40,St. Lawrence,7423,15520,2031476,2477,3400,562150,4946,12120,1469326
2010,March,3,40,St. Lawrence,7410,15549,2041366,2489,3415,565834,4921,12134,1475532
2010,February,2,40,St. Lawrence,7334,15420,2019670,2501,3443,568429,4833,11977,1451241
2010,January,1,40,St. Lawrence,7282,15360,2024956,2480,3420,564761,4802,11940,1460195
2009,December,12,40,St. Lawrence,7114,15051,1962189,2460,3431,565490,4654,11620,1396699
2009,November,11,40,St. Lawrence,6937,14569,1904067,2486,3455,568808,4451,11114,1335259
2009,October,10,40,St. Lawrence,6837,14409,1893291,2460,3436,566862,4377,10973,1326429
2009,September,9,40,St. Lawrence,6709,14124,1855783,2391,3341,549533,4318,10783,1306250
2009,August,8,40,St. Lawrence,6633,13947,1854063,2375,3301,546004,4258,10646,1308059
2009,July,7,40,St. Lawrence,6544,13706,1829934,2364,3286,540407,4180,10420,1289527
2009,June,6,40,St. Lawrence,6483,13531,1819570,2350,3301,542665,4133,10230,1276905
2009,May,5,40,St. Lawrence,6413,13426,1808672,2336,3300,543824,4077,10126,1264848
2009,April,4,40,St. Lawrence,6309,13181,1772343,2337,3293,540132,3972,9888,1232211
2009,March,3,40,St. Lawrence,6129,12892,1488370,2247,3167,449978,3882,9725,1038392
2009,February,2,40,St. Lawrence,6012,12649,1460116,2246,3154,452291,3766,9495,1007825
2009,January,1,40,St. Lawrence,5945,12488,1304210,2229,3114,386450,3716,9374,917760
2008,December,12,40,St. Lawrence,5775,12095,1300123,2196,3062,388538,3579,9033,911585
2008,November,11,40,St. Lawrence,5603,11729,1265671,2150,2959,377933,3453,8770,887738
2008,October,10,40,St. Lawrence,5519,11510,1248686,2107,2861,360701,3412,8649,887985
2008,September,9,40,St. Lawrence,5423,11320,1049145,2074,2821,299050,3349,8499,750095
2008,August,8,40,St. Lawrence,5370,11167,1040643,2081,2829,298476,3289,8338,742167
2008,July,7,40,St. Lawrence,5344,11126,1035941,2108,2929,307578,3236,8197,728363
2008,June,6,40,St. Lawrence,5336,11100,1047118,2110,2910,308885,3226,8190,738233
2008,May,5,40,St. Lawrence,5362,11148,1052665,2124,2933,311466,3238,8215,741199
2008,April,4,40,St. Lawrence,5284,10969,1030379,2090,2864,303245,3194,8105,727134
2008,March,3,40,St. Lawrence,5271,10954,1039806,2101,2900,308880,3170,8054,730926
2008,February,2,40,St. Lawrence,5170,10710,1002873,2090,2866,303492,3080,7844,699381
2008,January,1,40,St. Lawrence,5154,10750,1003826,2118,2922,312200,3036,7828,691626
2007,December,12,40,St. Lawrence,5058,10485,987871,2107,2870,311151,2951,7615,676720
2007,November,11,40,St. Lawrence,4989,10330,981425,2096,2842,307018,2893,7488,674407
2007,October,10,40,St. Lawrence,4978,10255,987392,2090,2830,307853,2888,7425,679539
2007,September,9,40,St. Lawrence,4964,10258,932681,2095,2864,293701,2869,7394,638980
2007,August,8,40,St. Lawrence,4962,10239,930948,2099,2841,290873,2863,7398,640075
2007,July,7,40,St. Lawrence,5004,10299,939746,2090,2809,287195,2914,7490,652551
2007,June,6,40,St. Lawrence,5025,10371,938382,2101,2841,287743,2924,7530,650639
2007,May,5,40,St. Lawrence,5037,10354,944303,2122,2889,293190,2915,7465,651113
2007,April,4,40,St. Lawrence,5069,10464,952007,2121,2870,290509,2948,7594,661498
2007,March,3,40,St. Lawrence,5136,10693,972530,2139,2927,297877,2997,7766,674653
2007,February,2,40,St. Lawrence,5055,10537,948069,2108,2892,293315,2947,7645,654754
2007,January,1,40,St. Lawrence,5114,10675,965487,2104,2864,293153,3010,7811,672334
2006,December,12,40,St. Lawrence,5025,10483,961419,2090,2848,297548,2935,7635,663871
2006,November,11,40,St. Lawrence,4940,10296,952090,2072,2799,294309,2868,7497,657781
2006,October,10,40,St. Lawrence,4907,10177,953952,2054,2789,288103,2853,7388,665849
2006,September,9,40,St. Lawrence,4863,10063,906363,2029,2739,273830,2834,7324,632533
2006,August,8,40,St. Lawrence,4818,10009,904411,2008,2698,267498,2810,7311,636913
2006,July,7,40,St. Lawrence,4817,10009,897879,2014,2731,270468,2803,7278,627411
2006,June,6,40,St. Lawrence,4838,10046,900370,2038,2770,275507,2800,7276,624863
2006,May,5,40,St. Lawrence,4892,10127,904097,2055,2787,277323,2837,7340,626774
2006,April,4,40,St. Lawrence,4933,10258,914334,2071,2846,286272,2862,7412,628062
2006,March,3,40,St. Lawrence,5002,10422,932871,2059,2824,285197,2943,7598,647674
2006,February,2,40,St. Lawrence,5002,10473,935512,2041,2802,284123,2961,7671,651389
2006,January,1,40,St. Lawrence,5005,10498,918374,2042,2799,272058,2963,7699,646316
2005,December,12,40,St. Lawrence,4974,10439,928618,2048,2830,283980,2926,7609,644638
2005,November,11,40,St. Lawrence,4873,10208,900039,2017,2751,278060,2856,7457,621979
2005,October,10,40,St. Lawrence,4820,10051,902662,2006,2741,276263,2814,7310,626399
2005,September,9,40,St. Lawrence,4806,9961,868358,1977,2704,263980,2829,7257,604378
2005,August,8,40,St. Lawrence,4785,9951,871569,1969,2686,262139,2816,7265,609430
2005,July,7,40,St. Lawrence,4797,10053,881678,1995,2769,268573,2802,7284,613105
2005,June,6,40,St. Lawrence,4811,10141,875264,1984,2769,266040,2827,7372,609224
2005,May,5,40,St. Lawrence,4867,10323,890321,2028,2881,275896,2839,7442,614425
2005,April,4,40,St. Lawrence,4948,10446,895936,2086,2946,280177,2862,7500,615759
2005,March,3,40,St. Lawrence,5016,10615,906892,2139,2975,277846,2877,7640,629046
2005,February,2,40,St. Lawrence,4992,10567,902067,2148,2997,278467,2844,7570,623600
2005,January,1,40,St. Lawrence,4986,10557,897569,2163,3006,277632,2823,7551,619937
2004,December,12,40,St. Lawrence,4943,10467,904339,2172,3050,284513,2771,7417,619826
2004,November,11,40,St. Lawrence,4776,10053,870878,2102,2956,275704,2674,7097,595174
2004,October,10,40,St. Lawrence,4629,9800,858688,2018,2903,277189,2611,6897,581499
2004,September,9,40,St. Lawrence,4530,9610,790569,1924,2840,253863,2606,6770,536706
2004,August,8,40,St. Lawrence,4420,9459,779116,1852,2753,251312,2568,6706,527804
2004,July,7,40,St. Lawrence,4398,9499,782993,1822,2736,253228,2576,6763,529765
2004,June,6,40,St. Lawrence,4325,9460,773978,1740,2601,245440,2585,6859,528538
2004,May,5,40,St. Lawrence,4365,9549,790373,1802,2745,259081,2563,6804,531292
2004,April,4,40,St. Lawrence,4378,9646,790638,1825,2789,264459,2553,6857,526179
2004,March,3,40,St. Lawrence,4372,9638,793397,1833,2796,267232,2539,6842,526165
2004,February,2,40,St. Lawrence,4233,9297,763148,1796,2757,260832,2437,6540,502316
2004,January,1,40,St. Lawrence,4200,9239,754218,1803,2755,260823,2397,6484,493395
2003,December,12,40,St. Lawrence,4045,8822,723992,1749,2644,248360,2296,6178,475632
2003,November,11,40,St. Lawrence,3927,8486,690278,1705,2565,234957,2222,5921,455321
2003,October,10,40,St. Lawrence,3874,8287,676993,1673,2503,232562,2201,5784,444431
2003,September,9,40,St. Lawrence,3821,8167,654401,1653,2489,226791,2168,5678,427610
2003,August,8,40,St. Lawrence,3740,8016,639710,1642,2488,223779,2098,5528,415931
2003,July,7,40,St. Lawrence,3749,7932,634763,1648,2421,218049,2101,5511,416714
2003,June,6,40,St. Lawrence,3728,7884,625456,1655,2424,218924,2073,5460,406532
2003,May,5,40,St. Lawrence,3759,7984,631728,1665,2438,218003,2094,5546,413725
2003,April,4,40,St. Lawrence,3757,7969,630003,1656,2419,215831,2101,5550,414172
2003,March,3,40,St. Lawrence,3766,7974,639154,1653,2398,216556,2113,5576,422598
2003,February,2,40,St. Lawrence,3741,7949,628075,1631,2333,208995,2110,5616,419080
2003,January,1,40,St. Lawrence,3705,7881,625709,1602,2288,207119,2103,5593,418590
2002,December,12,40,St. Lawrence,3644,7682,610074,1620,2321,213117,2024,5361,396957
2002,November,11,40,St. Lawrence,3570,7516,595836,1631,2355,216419,1939,5161,379417
2002,October,10,40,St. Lawrence,3529,7402,585159,1612,2318,214972,1917,5084,370187
2002,September,9,40,St. Lawrence,3521,7333,540090,1598,2295,193450,1923,5038,346640
2002,August,8,40,St. Lawrence,3546,7412,543023,1598,2326,195154,1948,5086,347869
2002,July,7,40,St. Lawrence,3531,7405,545469,1608,2359,196368,1923,5046,349101
2002,June,6,40,St. Lawrence,3543,7438,539747,1634,2448,203159,1909,4990,336588
2002,May,5,40,St. Lawrence,3574,7513,551893,1641,2465,206748,1933,5048,345145
2002,April,4,40,St. Lawrence,3575,7474,554420,1638,2432,205286,1937,5042,349134
2002,March,3,40,St. Lawrence,3616,7576,568712,1654,2460,210911,1962,5116,357801
2002,February,2,40,St. Lawrence,3552,7456,558992,1621,2393,204761,1931,5063,354231
2002,January,1,40,St. Lawrence,3557,7436,560362,1645,2441,211584,1912,4995,348778
2018,December,12,41,Saratoga,7574,12728,1506278,1922,2094,341668,5652,10634,1164610
2018,November,11,41,Saratoga,7501,12641,1490434,1901,2072,338761,5600,10569,1151673
2018,October,10,41,Saratoga,7467,12561,1482690,1892,2063,335766,5575,10498,1146924
2018,September,9,41,Saratoga,7403,12428,1454292,1892,2067,333464,5511,10361,1120828
2018,August,8,41,Saratoga,7470,12583,1474624,1907,2094,336734,5563,10489,1137890
2018,July,7,41,Saratoga,7526,12753,1474137,1897,2079,331625,5629,10674,1142512
2018,June,6,41,Saratoga,7611,12976,1494912,1901,2088,333565,5710,10888,1161347
2018,May,5,41,Saratoga,7761,13293,1533942,1903,2086,332311,5858,11207,1201631
2018,April,4,41,Saratoga,7847,13535,1555850,1908,2093,334614,5939,11442,1221236
2018,March,3,41,Saratoga,7908,13679,1579379,1910,2087,335625,5998,11592,1243754
2018,February,2,41,Saratoga,7844,13587,1556489,1892,2065,331329,5952,11522,1225160
2018,January,1,41,Saratoga,7864,13577,1558136,1898,2069,333119,5966,11508,1225017
2017,December,12,41,Saratoga,7838,13508,1556136,1890,2056,334259,5948,11452,1221877
2017,November,11,41,Saratoga,7747,13361,1551362,1882,2048,332703,5865,11313,1218659
2017,October,10,41,Saratoga,7736,13343,1555892,1899,2079,338070,5837,11264,1217822
2017,September,9,41,Saratoga,7803,13492,1569136,1901,2072,335324,5902,11420,1233812
2017,August,8,41,Saratoga,7850,13554,1587420,1915,2085,337572,5935,11469,1249848
2017,July,7,41,Saratoga,7894,13636,1578414,1936,2115,333824,5958,11521,1244590
2017,June,6,41,Saratoga,8037,13939,1614092,1936,2124,336730,6101,11815,1277362
2017,May,5,41,Saratoga,8057,13941,1613279,1931,2123,335488,6126,11818,1277791
2017,April,4,41,Saratoga,8182,14199,1650437,1940,2147,339358,6242,12052,1311079
2017,March,3,41,Saratoga,8264,14369,1693109,1949,2167,344714,6315,12202,1348395
2017,February,2,41,Saratoga,8182,14228,1674601,1950,2178,349257,6232,12050,1325344
2017,January,1,41,Saratoga,8204,14256,1659761,1940,2144,335618,6264,12112,1324143
2016,December,12,41,Saratoga,8206,14297,1666514,1946,2149,338622,6260,12148,1327892
2016,November,11,41,Saratoga,8072,14022,1643741,1923,2130,347447,6149,11892,1296294
2016,October,10,41,Saratoga,8046,14002,1644761,1918,2118,334325,6128,11884,1310436
2016,September,9,41,Saratoga,8018,13957,1640550,1911,2102,333124,6107,11855,1307426
2016,August,8,41,Saratoga,8034,13928,1643987,1927,2123,335367,6107,11805,1308620
2016,July,7,41,Saratoga,8042,13927,1653983,1928,2127,335247,6114,11800,1318736
2016,June,6,41,Saratoga,8158,14143,1680074,1939,2126,336288,6219,12017,1343786
2016,May,5,41,Saratoga,8287,14364,1728370,1923,2096,332617,6364,12268,1395753
2016,April,4,41,Saratoga,8568,14755,1782923,1921,2098,333433,6647,12657,1449490
2016,March,3,41,Saratoga,8661,14930,1804831,1931,2115,335943,6730,12815,1468888
2016,February,2,41,Saratoga,8646,14975,1803318,1925,2102,334910,6721,12873,1468408
2016,January,1,41,Saratoga,8620,14932,1793723,1922,2107,335058,6698,12825,1458665
2015,December,12,41,Saratoga,8585,14880,1814035,1934,2127,340498,6651,12753,1473537
2015,November,11,41,Saratoga,8426,14570,1763877,1908,2098,335997,6518,12472,1427880
2015,October,10,41,Saratoga,8450,14676,1788143,1915,2107,338718,6535,12569,1449425
2015,September,9,41,Saratoga,8453,14677,1801741,1908,2080,339118,6545,12597,1462623
2015,August,8,41,Saratoga,8542,14885,1824097,1936,2138,346856,6606,12747,1477241
2015,July,7,41,Saratoga,8667,15096,1838336,1937,2149,343886,6730,12947,1494450
2015,June,6,41,Saratoga,8760,15331,1861114,1947,2158,344819,6813,13173,1516295
2015,May,5,41,Saratoga,8891,15638,1907905,1962,2184,348854,6929,13454,1559051
2015,April,4,41,Saratoga,8988,15876,1943027,1958,2176,347925,7030,13700,1595102
2015,March,3,41,Saratoga,9031,16029,1960740,1975,2205,352441,7056,13824,1608299
2015,February,2,41,Saratoga,8993,15944,1964202,1981,2214,353688,7012,13730,1610514
2015,January,1,41,Saratoga,9036,16014,1994886,1966,2224,354240,7070,13790,1640646
2014,December,12,41,Saratoga,8933,15825,1980410,1868,2043,333776,7065,13782,1646634
2014,November,11,41,Saratoga,8954,15884,1982277,1875,2051,334797,7079,13833,1647480
2014,October,10,41,Saratoga,9004,16022,2000303,1874,2049,335411,7130,13973,1664892
2014,September,9,41,Saratoga,9020,16070,1930457,1869,2009,319350,7151,14061,1611107
2014,August,8,41,Saratoga,9086,16225,1953097,1889,2038,325674,7197,14187,1627423
2014,July,7,41,Saratoga,9142,16323,1976697,1894,2042,329910,7248,14281,1646787
2014,June,6,41,Saratoga,9274,16610,2020828,1895,2053,331308,7379,14557,1689520
2014,May,5,41,Saratoga,9380,16811,2053482,1903,2048,329706,7477,14763,1723776
2014,April,4,41,Saratoga,9392,16884,2080601,1903,2063,332254,7489,14821,1748347
2014,March,3,41,Saratoga,9297,16763,2066295,1917,2099,335656,7380,14664,1730639
2014,February,2,41,Saratoga,9175,16594,2043456,1866,2010,322480,7309,14584,1720976
2014,January,1,41,Saratoga,9058,16365,1995809,1875,2042,328737,7183,14323,1667072
2013,December,12,41,Saratoga,9028,16273,1994174,1880,2027,329971,7148,14246,1664203
2013,November,11,41,Saratoga,9093,16300,2107030,1873,2014,334628,7220,14286,1772402
2013,October,10,41,Saratoga,8973,16293,2136626,1840,1984,343328,7133,14309,1793298
2013,September,9,41,Saratoga,9005,16397,2126425,1849,2013,340309,7156,14384,1786116
2013,August,8,41,Saratoga,8961,16340,2120888,1828,1978,335046,7133,14362,1785842
2013,July,7,41,Saratoga,8981,16381,2126189,1825,1953,331751,7156,14428,1794438
2013,June,6,41,Saratoga,8970,16387,2108198,1821,1960,331725,7149,14427,1776473
2013,May,5,41,Saratoga,9074,16589,2138243,1819,1946,328718,7255,14643,1809525
2013,April,4,41,Saratoga,9067,16616,2141767,1822,1958,333913,7245,14658,1807854
2013,March,3,41,Saratoga,9107,16681,2149634,1831,1972,334793,7276,14709,1814841
2013,February,2,41,Saratoga,8995,16536,2127101,1836,1999,334331,7159,14537,1792770
2013,January,1,41,Saratoga,8890,16258,2089660,1822,1961,330922,7068,14297,1758738
2012,December,12,41,Saratoga,8732,15943,2055740,1816,1943,332176,6916,14000,1723564
2012,November,11,41,Saratoga,8661,15866,2050948,1813,1929,331047,6848,13937,1719901
2012,October,10,41,Saratoga,8595,15720,2025826,1813,1941,332339,6782,13779,1693487
2012,September,9,41,Saratoga,8563,15729,2025345,1811,1941,332042,6752,13788,1693303
2012,August,8,41,Saratoga,8609,15813,2037676,1821,1949,334801,6788,13864,1702875
2012,July,7,41,Saratoga,8594,15787,2019728,1826,1947,332973,6768,13840,1686755
2012,June,6,41,Saratoga,8680,15968,2042575,1828,1951,331757,6852,14017,1710818
2012,May,5,41,Saratoga,8690,15937,2038362,1813,1941,330353,6877,13996,1708009
2012,April,4,41,Saratoga,8694,15976,2038906,1801,1929,325402,6893,14047,1713504
2012,March,3,41,Saratoga,8737,16085,2146601,1810,1942,377993,6927,14143,1768608
2012,February,2,41,Saratoga,8698,16105,2049041,1828,2009,336062,6870,14096,1712979
2012,January,1,41,Saratoga,8618,15926,2017244,1781,1917,324019,6837,14009,1693225
2011,December,12,41,Saratoga,8678,16070,2069782,1821,1960,340783,6857,14110,1728999
2011,November,11,41,Saratoga,8440,15582,2009573,1809,1942,334122,6631,13640,1675451
2011,October,10,41,Saratoga,8432,15564,2011864,1811,1944,335631,6621,13620,1676233
2011,September,9,41,Saratoga,8408,15582,1992414,1780,1901,324487,6628,13681,1667927
2011,August,8,41,Saratoga,8388,15546,1991588,1786,1921,326540,6602,13625,1665048
2011,July,7,41,Saratoga,8456,15642,2001976,1774,1911,325101,6682,13731,1676875
2011,June,6,41,Saratoga,8462,15786,2013505,1762,1916,324462,6700,13870,1689043
2011,May,5,41,Saratoga,8425,15790,2026503,1762,1930,329149,6663,13860,1697354
2011,April,4,41,Saratoga,8385,15801,2035374,1755,1909,325166,6630,13892,1710208
2011,March,3,41,Saratoga,8394,15707,2083626,1728,1865,327287,6666,13842,1756339
2011,February,2,41,Saratoga,8272,15497,2046541,1726,1850,326169,6546,13647,1720372
2011,January,1,41,Saratoga,8188,15330,2014856,1732,1876,329071,6456,13454,1685785
2010,December,12,41,Saratoga,8157,15338,2022123,1694,1821,321030,6463,13517,1701093
2010,November,11,41,Saratoga,7990,15033,1998533,1684,1828,317615,6306,13205,1680918
2010,October,10,41,Saratoga,7860,14844,1963630,1675,1798,316230,6185,13046,1647400
2010,September,9,41,Saratoga,7722,14595,1921649,1654,1762,310539,6068,12833,1611110
2010,August,8,41,Saratoga,7639,14505,1914803,1633,1733,304816,6006,12772,1609987
2010,July,7,41,Saratoga,7542,14294,1885781,1627,1737,305980,5915,12557,1579801
2010,June,6,41,Saratoga,7453,14164,1859692,1606,1709,300667,5847,12455,1559025
2010,May,5,41,Saratoga,7488,14244,1879296,1595,1706,299368,5893,12538,1579928
2010,April,4,41,Saratoga,7430,14081,1865900,1594,1706,300339,5836,12375,1565561
2010,March,3,41,Saratoga,7346,13972,1852288,1587,1701,299308,5759,12271,1552980
2010,February,2,41,Saratoga,7193,13731,1840401,1601,1726,304621,5592,12005,1535780
2010,January,1,41,Saratoga,7082,13496,1827122,1609,1739,302026,5473,11757,1525096
2009,December,12,41,Saratoga,6999,13360,1776414,1573,1694,295313,5426,11666,1481101
2009,November,11,41,Saratoga,6727,12767,1706941,1571,1683,292689,5156,11084,1414252
2009,October,10,41,Saratoga,6646,12588,1689641,1540,1639,285889,5106,10949,1403752
2009,September,9,41,Saratoga,6455,12238,1647006,1522,1618,281810,4933,10620,1365196
2009,August,8,41,Saratoga,6359,12075,1630635,1525,1620,282472,4834,10455,1348163
2009,July,7,41,Saratoga,6260,11868,1607420,1528,1621,285129,4732,10247,1322291
2009,June,6,41,Saratoga,6151,11625,1576051,1527,1622,284140,4624,10003,1291911
2009,May,5,41,Saratoga,6065,11425,1559978,1532,1626,284977,4533,9799,1275001
2009,April,4,41,Saratoga,5926,11114,1515019,1527,1637,285886,4399,9477,1229133
2009,March,3,41,Saratoga,5849,10963,1292850,1532,1643,249098,4317,9320,1043752
2009,February,2,41,Saratoga,5703,10624,1237463,1519,1619,245285,4184,9005,992178
2009,January,1,41,Saratoga,5589,10404,1118118,1501,1596,207439,4088,8808,910679
2008,December,12,41,Saratoga,5415,10003,1116498,1488,1582,213119,3927,8421,903379
2008,November,11,41,Saratoga,5175,9475,1047298,1476,1573,209472,3699,7902,837826
2008,October,10,41,Saratoga,5052,9252,1031508,1460,1554,206313,3592,7698,825195
2008,September,9,41,Saratoga,4898,8932,824258,1448,1542,151217,3450,7390,673041
2008,August,8,41,Saratoga,4890,8935,821872,1442,1530,149619,3448,7405,672253
2008,July,7,41,Saratoga,4803,8811,811871,1424,1514,149492,3379,7297,662379
2008,June,6,41,Saratoga,4847,8972,837517,1441,1543,152411,3406,7429,685106
2008,May,5,41,Saratoga,4853,8985,846435,1446,1554,154678,3407,7431,691757
2008,April,4,41,Saratoga,4829,8867,845278,1434,1544,154531,3395,7323,690747
2008,March,3,41,Saratoga,4810,8863,840380,1420,1524,152026,3390,7339,688354
2008,February,2,41,Saratoga,4667,8640,817573,1402,1499,149021,3265,7141,668552
2008,January,1,41,Saratoga,4622,8503,808339,1391,1487,145863,3231,7016,662476
2007,December,12,41,Saratoga,4487,8205,797383,1395,1496,152111,3092,6709,645272
2007,November,11,41,Saratoga,4280,7718,737937,1363,1443,144926,2917,6275,593011
2007,October,10,41,Saratoga,4292,7792,746509,1374,1452,146284,2918,6340,600225
2007,September,9,41,Saratoga,4263,7726,700645,1362,1429,135838,2901,6297,564807
2007,August,8,41,Saratoga,4238,7644,692477,1351,1413,135921,2887,6231,556556
2007,July,7,41,Saratoga,4304,7819,713324,1361,1422,136163,2943,6397,577161
2007,June,6,41,Saratoga,4306,7882,717899,1353,1417,136851,2953,6465,581048
2007,May,5,41,Saratoga,4358,7988,727840,1345,1418,136172,3013,6570,591668
2007,April,4,41,Saratoga,4328,7949,729503,1348,1423,138056,2980,6526,591447
2007,March,3,41,Saratoga,4432,8201,756096,1337,1411,136859,3095,6790,619237
2007,February,2,41,Saratoga,4308,8022,734137,1347,1466,143662,2961,6556,590475
2007,January,1,41,Saratoga,4334,8068,734067,1348,1443,141076,2986,6625,592991
2006,December,12,41,Saratoga,4317,8021,747496,1355,1460,144609,2962,6561,602887
2006,November,11,41,Saratoga,4228,7753,730249,1364,1455,150390,2864,6298,579859
2006,October,10,41,Saratoga,4187,7699,718886,1331,1406,139988,2856,6293,578898
2006,September,9,41,Saratoga,4203,7684,699271,1322,1396,137291,2881,6288,561980
2006,August,8,41,Saratoga,4212,7716,701666,1324,1395,136891,2888,6321,564775
2006,July,7,41,Saratoga,4203,7658,694325,1316,1398,135823,2887,6260,558502
2006,June,6,41,Saratoga,4223,7736,700255,1320,1400,135450,2903,6336,564805
2006,May,5,41,Saratoga,4197,7722,699072,1334,1429,136309,2863,6293,562763
2006,April,4,41,Saratoga,4200,7735,697053,1332,1438,138655,2868,6297,558398
2006,March,3,41,Saratoga,4280,7917,723467,1344,1456,141435,2936,6461,582032
2006,February,2,41,Saratoga,4201,7813,704895,1321,1435,138849,2880,6378,566046
2006,January,1,41,Saratoga,4264,7919,699439,1333,1441,131896,2931,6478,567543
2005,December,12,41,Saratoga,4249,7876,717647,1300,1400,134048,2949,6476,583599
2005,November,11,41,Saratoga,4126,7647,697261,1307,1410,137411,2819,6237,559850
2005,October,10,41,Saratoga,4038,7372,670417,1304,1403,133895,2734,5969,536522
2005,September,9,41,Saratoga,3991,7371,646919,1304,1396,129059,2687,5975,517860
2005,August,8,41,Saratoga,3964,7345,646305,1296,1386,127683,2668,5959,518622
2005,July,7,41,Saratoga,3967,7397,646134,1285,1380,127168,2682,6017,518966
2005,June,6,41,Saratoga,3997,7392,644947,1324,1423,129517,2673,5969,515430
2005,May,5,41,Saratoga,4034,7483,650242,1332,1423,127104,2702,6060,523138
2005,April,4,41,Saratoga,4103,7583,652019,1369,1467,126330,2734,6116,525689
2005,March,3,41,Saratoga,4127,7653,656697,1377,1482,124534,2750,6171,532163
2005,February,2,41,Saratoga,4071,7483,649410,1409,1519,126607,2662,5964,522803
2005,January,1,41,Saratoga,4051,7497,646660,1417,1531,126042,2634,5966,520618
2004,December,12,41,Saratoga,4022,7455,644452,1403,1491,124665,2619,5964,519787
2004,November,11,41,Saratoga,3866,7150,623723,1349,1420,119660,2517,5730,504063
2004,October,10,41,Saratoga,3795,7049,617093,1280,1341,115846,2515,5708,501247
2004,September,9,41,Saratoga,3652,6894,555090,1196,1268,102559,2456,5626,452531
2004,August,8,41,Saratoga,3591,6905,557204,1105,1178,99471,2486,5727,457733
2004,July,7,41,Saratoga,3552,6890,561434,1073,1149,98344,2479,5741,463090
2004,June,6,41,Saratoga,3510,6850,562925,1011,1091,95815,2499,5759,467110
2004,May,5,41,Saratoga,3534,6954,567181,1016,1096,97261,2518,5858,469920
2004,April,4,41,Saratoga,3570,7099,583433,1019,1113,99962,2551,5986,483471
2004,March,3,41,Saratoga,3544,7035,584491,1005,1108,99285,2539,5927,485206
2004,February,2,41,Saratoga,3450,6911,571366,984,1081,96354,2466,5830,475012
2004,January,1,41,Saratoga,3441,6888,567436,999,1113,100339,2442,5775,467097
2003,December,12,41,Saratoga,3348,6745,556447,975,1084,95759,2373,5661,460688
2003,November,11,41,Saratoga,3254,6465,532963,983,1081,95203,2271,5384,437760
2003,October,10,41,Saratoga,3209,6345,528899,982,1080,96478,2227,5265,432421
2003,September,9,41,Saratoga,3187,6266,513853,969,1063,92431,2218,5203,421422
2003,August,8,41,Saratoga,3193,6279,507942,980,1075,93618,2213,5204,414324
2003,July,7,41,Saratoga,3174,6250,508120,970,1060,91526,2204,5190,416594
2003,June,6,41,Saratoga,3157,6176,501352,963,1037,89733,2194,5139,411619
2003,May,5,41,Saratoga,3180,6325,513130,965,1045,91599,2215,5280,421531
2003,April,4,41,Saratoga,3129,6195,493628,960,1049,91569,2169,5146,402059
2003,March,3,41,Saratoga,3127,6188,498246,951,1028,89728,2176,5160,408518
2003,February,2,41,Saratoga,3080,6112,491227,940,1022,88771,2140,5090,402456
2003,January,1,41,Saratoga,3036,6065,481318,929,1010,88156,2107,5055,393162
2002,December,12,41,Saratoga,2983,5944,472860,923,1018,88713,2060,4926,384147
2002,November,11,41,Saratoga,2914,5715,454094,921,1011,87716,1993,4704,366378
2002,October,10,41,Saratoga,2897,5611,447665,923,997,86290,1974,4614,361375
2002,September,9,41,Saratoga,2854,5499,413393,920,992,74603,1934,4507,338790
2002,August,8,41,Saratoga,2807,5331,398019,932,1016,78119,1875,4315,319900
2002,July,7,41,Saratoga,2788,5347,402480,892,966,73408,1896,4381,329072
2002,June,6,41,Saratoga,2787,5364,401740,893,973,74464,1894,4391,327276
2002,May,5,41,Saratoga,2797,5430,409094,908,1004,75485,1889,4426,333609
2002,April,4,41,Saratoga,2830,5465,410070,929,1040,81843,1901,4425,328227
2002,March,3,41,Saratoga,2845,5488,415279,930,1033,81004,1915,4455,334275
2002,February,2,41,Saratoga,2811,5417,409312,934,1026,80176,1877,4391,329136
2002,January,1,41,Saratoga,2757,5353,395646,912,1011,78677,1845,4342,316969
2018,December,12,42,Schenectady,10808,20337,2588670,4379,6297,919978,6429,14040,1668692
2018,November,11,42,Schenectady,10826,20537,2642614,4393,6369,930586,6433,14168,1712028
2018,October,10,42,Schenectady,10930,20680,2686418,4391,6359,938267,6539,14321,1748151
2018,September,9,42,Schenectady,10979,20861,2665902,4386,6384,928567,6593,14477,1737335
2018,August,8,42,Schenectady,11053,21009,2700504,4363,6384,931263,6690,14625,1769241
2018,July,7,42,Schenectady,11127,21012,2667525,4411,6417,920515,6716,14595,1747010
2018,June,6,42,Schenectady,11200,21198,2673595,4432,6455,925760,6768,14743,1747835
2018,May,5,42,Schenectady,11271,21332,2685158,4401,6403,914722,6870,14929,1770436
2018,April,4,42,Schenectady,11279,21326,2638709,4401,6428,914595,6878,14898,1724114
2018,March,3,42,Schenectady,11375,21584,2690389,4424,6493,921242,6951,15091,1769147
2018,February,2,42,Schenectady,11334,21502,2682694,4402,6484,923261,6932,15018,1759433
2018,January,1,42,Schenectady,11313,21425,2682456,4427,6530,936164,6886,14895,1746292
2017,December,12,42,Schenectady,11387,21557,2723274,4488,6651,960044,6899,14906,1763230
2017,November,11,42,Schenectady,11366,21550,2712975,4446,6588,954268,6920,14962,1758707
2017,October,10,42,Schenectady,11469,21698,2756472,4470,6594,958097,6999,15104,1798375
2017,September,9,42,Schenectady,11503,21819,2780420,4440,6526,950454,7063,15293,1829966
2017,August,8,42,Schenectady,11628,22096,2807912,4460,6593,960319,7168,15503,1847593
2017,July,7,42,Schenectady,11714,22315,2806620,4440,6568,944459,7274,15747,1862161
2017,June,6,42,Schenectady,11736,22291,2804170,4422,6514,938034,7314,15777,1866136
2017,May,5,42,Schenectady,11803,22370,2815483,4442,6573,945243,7361,15797,1870240
2017,April,4,42,Schenectady,11795,22260,2808804,4498,6663,959719,7297,15597,1849085
2017,March,3,42,Schenectady,11906,22466,2836378,4531,6780,976745,7375,15686,1859633
2017,February,2,42,Schenectady,11942,22506,2837104,4546,6836,987539,7396,15670,1849565
2017,January,1,42,Schenectady,11996,22585,2863490,4552,6829,980595,7444,15756,1882895
2016,December,12,42,Schenectady,12107,22747,2900398,4579,6832,992776,7528,15915,1907622
2016,November,11,42,Schenectady,12120,22721,2920756,4553,6845,998604,7567,15876,1922152
2016,October,10,42,Schenectady,12188,22967,2955504,4609,6966,1005636,7579,16001,1949868
2016,September,9,42,Schenectady,12289,23142,2999813,4583,6904,1007276,7706,16238,1992537
2016,August,8,42,Schenectady,12321,23259,3029114,4612,6876,1002366,7709,16383,2026748
2016,July,7,42,Schenectady,12467,23448,3038153,4571,6865,991574,7896,16583,2046579
2016,June,6,42,Schenectady,12386,23300,3048615,4543,6783,985255,7843,16517,2063360
2016,May,5,42,Schenectady,12323,23120,3030824,4520,6759,984614,7803,16361,2046210
2016,April,4,42,Schenectady,12548,23343,3090792,4561,6791,996760,7987,16552,2094032
2016,March,3,42,Schenectady,12610,23467,3111292,4571,6830,1003826,8039,16637,2107466
2016,February,2,42,Schenectady,12677,23597,3146532,4606,6912,1017574,8071,16685,2128958
2016,January,1,42,Schenectady,12813,23927,3187401,4618,6954,1021081,8195,16973,2166320
2015,December,12,42,Schenectady,12787,23873,3229588,4614,7005,1031737,8173,16868,2197851
2015,November,11,42,Schenectady,12765,23889,3221465,4611,7042,1029861,8154,16847,2191604
2015,October,10,42,Schenectady,12842,24052,3205048,4676,7158,1047882,8166,16894,2157166
2015,September,9,42,Schenectady,13075,24550,3275727,4669,7111,1053171,8406,17439,2222556
2015,August,8,42,Schenectady,13174,24764,3325200,4651,7061,1058682,8523,17703,2266518
2015,July,7,42,Schenectady,13252,24904,3306359,4676,7154,1052590,8576,17750,2253769
2015,June,6,42,Schenectady,13325,25056,3369417,4656,7082,1054119,8669,17974,2315298
2015,May,5,42,Schenectady,13204,24849,3298605,4661,7182,1055931,8543,17667,2242674
2015,April,4,42,Schenectady,13375,25135,3366062,4680,7206,1065845,8695,17929,2300217
2015,March,3,42,Schenectady,13427,25230,3427002,4689,7171,1068558,8738,18059,2358444
2015,February,2,42,Schenectady,13268,24917,3362865,4664,7156,1061579,8604,17761,2301286
2015,January,1,42,Schenectady,13362,25199,3377472,4690,7238,1075028,8672,17961,2302444
2014,December,12,42,Schenectady,13564,25642,3470706,4371,6513,999047,9193,19129,2471659
2014,November,11,42,Schenectady,13418,25406,3436201,4398,6616,1008290,9020,18790,2427911
2014,October,10,42,Schenectady,13568,25750,3514028,4417,6702,1019451,9151,19048,2494577
2014,September,9,42,Schenectady,13528,25600,3368625,4407,6597,984566,9121,19003,2384059
2014,August,8,42,Schenectady,13554,25673,3388613,4381,6559,986833,9173,19114,2401780
2014,July,7,42,Schenectady,13625,25835,3408993,4356,6466,981545,9269,19369,2427448
2014,June,6,42,Schenectady,13569,25689,3409747,4340,6407,974104,9229,19282,2435643
2014,May,5,42,Schenectady,13533,25702,3410455,4311,6401,972280,9222,19301,2438175
2014,April,4,42,Schenectady,13446,25533,3386629,4313,6378,972444,9133,19155,2414185
2014,March,3,42,Schenectady,13373,25486,3387878,4281,6357,971751,9092,19129,2416127
2014,February,2,42,Schenectady,13253,25325,3352036,4284,6381,970809,8969,18944,2381227
2014,January,1,42,Schenectady,13251,25467,3332536,4267,6402,973039,8984,19065,2359497
2013,December,12,42,Schenectady,13293,25605,3357333,4326,6493,994098,8967,19112,2363235
2013,November,11,42,Schenectady,13651,26029,3798135,4474,6631,1157357,9177,19398,2640778
2013,October,10,42,Schenectady,13350,25779,3625358,4297,6453,1044539,9053,19326,2580819
2013,September,9,42,Schenectady,13300,25599,3570256,4251,6342,1016570,9049,19257,2553686
2013,August,8,42,Schenectady,13231,25519,3597688,4180,6204,993645,9051,19315,2604043
2013,July,7,42,Schenectady,12995,25213,3519615,4109,6043,977102,8886,19170,2542513
2013,June,6,42,Schenectady,12883,25024,3512784,4080,5937,955224,8803,19087,2557560
2013,May,5,42,Schenectady,12853,24928,3487336,4097,5904,960802,8756,19024,2526534
2013,April,4,42,Schenectady,12665,24658,3453885,4053,5895,949388,8612,18763,2504497
2013,March,3,42,Schenectady,12579,24562,3399805,4003,5836,933244,8576,18726,2466561
2013,February,2,42,Schenectady,12476,24394,3373813,3980,5742,921491,8496,18652,2452322
2013,January,1,42,Schenectady,12585,24613,3411170,4015,5837,940769,8570,18776,2470401
2012,December,12,42,Schenectady,12542,24594,3410091,3970,5774,933379,8572,18820,2476712
2012,November,11,42,Schenectady,12533,24616,3403984,3955,5737,921762,8578,18879,2482222
2012,October,10,42,Schenectady,12482,24605,3427771,3917,5665,916675,8565,18940,2511096
2012,September,9,42,Schenectady,12422,24618,3430546,3850,5577,896745,8572,19041,2533801
2012,August,8,42,Schenectady,12338,24483,3410221,3825,5495,887969,8513,18988,2522252
2012,July,7,42,Schenectady,12200,24250,3364366,3768,5379,867706,8432,18871,2496660
2012,June,6,42,Schenectady,12246,24381,3381392,3748,5353,861249,8498,19028,2520143
2012,May,5,42,Schenectady,12157,24193,3370536,3729,5319,858447,8428,18874,2512089
2012,April,4,42,Schenectady,12068,24009,3336620,3730,5302,851186,8338,18707,2485434
2012,March,3,42,Schenectady,12110,24023,3375244,3762,5377,890851,8348,18646,2484393
2012,February,2,42,Schenectady,11931,23799,3292970,3726,5383,863637,8205,18416,2429333
2012,January,1,42,Schenectady,11897,23741,3279257,3714,5381,859473,8183,18360,2419784
2011,December,12,42,Schenectady,11933,23754,3319735,3729,5412,880513,8204,18342,2439222
2011,November,11,42,Schenectady,11804,23645,3316435,3712,5428,880539,8092,18217,2435896
2011,October,10,42,Schenectady,11816,23630,3341161,3742,5458,895161,8074,18172,2446000
2011,September,9,42,Schenectady,11812,23659,3834425,3725,5333,1030277,8087,18326,2804148
2011,August,8,42,Schenectady,11741,23587,3307614,3701,5391,875352,8040,18196,2432262
2011,July,7,42,Schenectady,11673,23485,3269835,3663,5295,850825,8010,18190,2419010
2011,June,6,42,Schenectady,11571,23366,3249797,3638,5272,850289,7933,18094,2399508
2011,May,5,42,Schenectady,11368,22988,3200912,3577,5182,831553,7791,17806,2369359
2011,April,4,42,Schenectady,11238,22772,3146121,3600,5244,843466,7638,17528,2302655
2011,March,3,42,Schenectady,11263,22849,3239106,3636,5275,870746,7627,17574,2368360
2011,February,2,42,Schenectady,11027,22411,3158371,3657,5320,871390,7370,17091,2286981
2011,January,1,42,Schenectady,10925,22221,3172279,3635,5339,875879,7290,16882,2296400
2010,December,12,42,Schenectady,10719,21848,3133377,3577,5242,868546,7142,16606,2264831
2010,November,11,42,Schenectady,10605,21619,3100438,3560,5159,850418,7045,16460,2250020
2010,October,10,42,Schenectady,10609,21560,3084859,3582,5143,847067,7027,16417,2237792
2010,September,9,42,Schenectady,10562,21567,3066354,3530,5048,830433,7032,16519,2235921
2010,August,8,42,Schenectady,10462,21387,3049776,3512,4993,825210,6950,16394,2224566
2010,July,7,42,Schenectady,10452,21420,3032147,3445,4879,800093,7007,16541,2232054
2010,June,6,42,Schenectady,10275,21091,2965265,3396,4746,780177,6879,16345,2185088
2010,May,5,42,Schenectady,10099,20743,2925438,3403,4744,787085,6696,15999,2138353
2010,April,4,42,Schenectady,9947,20370,2856209,3396,4743,784662,6551,15627,2071547
2010,March,3,42,Schenectady,9833,20168,2846003,3385,4723,784299,6448,15445,2061704
2010,February,2,42,Schenectady,9508,19498,2743877,3326,4651,774227,6182,14847,1969650
2010,January,1,42,Schenectady,9424,19444,2778799,3358,4698,783010,6066,14746,1995789
2009,December,12,42,Schenectady,9185,18973,2675901,3303,4636,769378,5882,14337,1906523
2009,November,11,42,Schenectady,8961,18546,2594505,3249,4507,739290,5712,14039,1855215
2009,October,10,42,Schenectady,8887,18382,2589607,3260,4528,749821,5627,13854,1839786
2009,September,9,42,Schenectady,8740,18118,2559446,3226,4485,741801,5514,13633,1817645
2009,August,8,42,Schenectady,8547,17642,2506532,3223,4474,739035,5324,13168,1767497
2009,July,7,42,Schenectady,8303,17142,2456950,3153,4377,722365,5150,12765,1734585
2009,June,6,42,Schenectady,8024,16528,2467532,3136,4316,800742,4888,12212,1666790
2009,May,5,42,Schenectady,7710,15905,2295460,3063,4236,721536,4647,11669,1573924
2009,April,4,42,Schenectady,7511,15406,2238027,3013,4144,705092,4498,11262,1532935
2009,March,3,42,Schenectady,7189,14776,1865753,2883,3961,581808,4306,10815,1283945
2009,February,2,42,Schenectady,7022,14375,1775897,2833,3862,552381,4189,10513,1223516
2009,January,1,42,Schenectady,6981,14343,1658963,2853,3965,518225,4128,10378,1140738
2008,December,12,42,Schenectady,6928,14215,1716145,2836,3928,535130,4092,10287,1181015
2008,November,11,42,Schenectady,6832,14020,1640245,2836,3935,520758,3996,10085,1119487
2008,October,10,42,Schenectady,6825,13999,1657636,2807,3891,520764,4018,10108,1136872
2008,September,9,42,Schenectady,6731,13806,1370480,2766,3796,402578,3965,10010,967902
2008,August,8,42,Schenectady,6702,13749,1357388,2747,3745,394532,3955,10004,962856
2008,July,7,42,Schenectady,6694,13738,1361136,2766,3742,396375,3928,9996,964761
2008,June,6,42,Schenectady,6688,13725,1371737,2764,3757,402579,3924,9968,969158
2008,May,5,42,Schenectady,6710,13743,1375288,2800,3831,413894,3910,9912,961394
2008,April,4,42,Schenectady,6596,13561,1356480,2746,3759,402794,3850,9802,953686
2008,March,3,42,Schenectady,6590,13532,1364266,2789,3878,417607,3801,9654,946659
2008,February,2,42,Schenectady,6485,13306,1328285,2760,3812,406459,3725,9494,921826
2008,January,1,42,Schenectady,6522,13406,1348039,2783,3886,424287,3739,9520,923752
2007,December,12,42,Schenectady,6507,13294,1335608,2775,3879,416918,3732,9415,918690
2007,November,11,42,Schenectady,6501,13285,1345296,2809,3953,430783,3692,9332,914513
2007,October,10,42,Schenectady,6503,13244,1348507,2854,4018,442141,3649,9226,906366
2007,September,9,42,Schenectady,6517,13400,1278713,2811,3942,403056,3706,9458,875657
2007,August,8,42,Schenectady,6503,13305,1275698,2824,3932,411114,3679,9373,864584
2007,July,7,42,Schenectady,6512,13324,1272160,2798,3884,399262,3714,9440,872898
2007,June,6,42,Schenectady,6527,13375,1273833,2808,3908,404023,3719,9467,869810
2007,May,5,42,Schenectady,6507,13378,1291446,2787,3860,402698,3720,9518,888748
2007,April,4,42,Schenectady,6447,13235,1269335,2773,3820,397237,3674,9415,872098
2007,March,3,42,Schenectady,6507,13382,1280414,2784,3876,401546,3723,9506,878868
2007,February,2,42,Schenectady,6366,13126,1248639,2776,3857,398553,3590,9269,850086
2007,January,1,42,Schenectady,6468,13386,1279952,2819,3953,413775,3649,9433,866177
2006,December,12,42,Schenectady,6431,13326,1296564,2838,4021,427832,3593,9305,868732
2006,November,11,42,Schenectady,6331,13150,1279763,2824,4028,426744,3507,9122,853019
2006,October,10,42,Schenectady,6325,13239,1290378,2824,4060,422871,3501,9179,867507
2006,September,9,42,Schenectady,6297,13178,1246458,2784,3988,405585,3513,9190,840873
2006,August,8,42,Schenectady,6332,13221,1261376,2770,3975,408646,3562,9246,852730
2006,July,7,42,Schenectady,6330,13166,1260506,2781,3989,410816,3549,9177,849690
2006,June,6,42,Schenectady,6339,13196,1256905,2793,4021,415969,3546,9175,840936
2006,May,5,42,Schenectady,6316,13118,1258747,2776,4021,411061,3540,9097,847686
2006,April,4,42,Schenectady,6329,13184,1250129,2776,3992,407313,3553,9192,842816
2006,March,3,42,Schenectady,6365,13253,1269716,2801,4059,421035,3564,9194,848681
2006,February,2,42,Schenectady,6304,13142,1254641,2763,4017,413763,3541,9125,840878
2006,January,1,42,Schenectady,6317,13141,1237876,2777,4086,411216,3540,9055,826660
2005,December,12,42,Schenectady,6349,13223,1267703,2791,4128,428364,3558,9095,839339
2005,November,11,42,Schenectady,6232,12979,1242151,2764,4087,422698,3468,8892,819453
2005,October,10,42,Schenectady,6290,13138,1256648,2771,4122,423622,3519,9016,833026
2005,September,9,42,Schenectady,6245,13044,1216519,2726,4024,401913,3519,9020,814606
2005,August,8,42,Schenectady,6225,13035,1220956,2722,4027,402465,3503,9008,818491
2005,July,7,42,Schenectady,6147,12871,1201184,2693,3974,394030,3454,8897,807154
2005,June,6,42,Schenectady,6176,12848,1207095,2747,4005,397542,3429,8843,809553
2005,May,5,42,Schenectady,6092,12672,1177371,2736,3959,389854,3356,8713,787517
2005,April,4,42,Schenectady,6071,12537,1152316,2813,4024,388104,3258,8513,764212
2005,March,3,42,Schenectady,6087,12538,1169666,2827,4053,402879,3260,8485,766787
2005,February,2,42,Schenectady,6036,12411,1130729,2822,3987,382186,3214,8424,748543
2005,January,1,42,Schenectady,6018,12387,1125672,2815,3964,377298,3203,8423,748374
2004,December,12,42,Schenectady,6114,12638,1158798,2849,4061,390072,3265,8577,768726
2004,November,11,42,Schenectady,5909,12364,1116114,2748,3950,375882,3161,8414,740232
2004,October,10,42,Schenectady,5796,12269,1129157,2600,3809,369232,3196,8460,759925
2004,September,9,42,Schenectady,5720,12231,1056569,2493,3690,342022,3227,8541,714547
2004,August,8,42,Schenectady,5521,11995,1036230,2309,3473,324841,3212,8522,711389
2004,July,7,42,Schenectady,5505,11995,1035059,2255,3399,318961,3250,8596,716098
2004,June,6,42,Schenectady,5381,11837,1027840,2126,3213,308631,3255,8624,719209
2004,May,5,42,Schenectady,5372,11721,1025673,2129,3233,311449,3243,8488,714224
2004,April,4,42,Schenectady,5407,11814,1031119,2142,3230,308946,3265,8584,722173
2004,March,3,42,Schenectady,5420,11850,1041433,2151,3282,321670,3269,8568,719763
2004,February,2,42,Schenectady,5285,11615,1017868,2098,3211,312027,3187,8404,705841
2004,January,1,42,Schenectady,5319,11643,1009405,2081,3141,302626,3238,8502,706779
2003,December,12,42,Schenectady,5206,11531,1003128,2030,3109,294230,3176,8422,708898
2003,November,11,42,Schenectady,5132,11263,975442,2039,3096,296989,3093,8167,678453
2003,October,10,42,Schenectady,5095,11146,982459,2027,3117,306231,3068,8029,676228
2003,September,9,42,Schenectady,5078,11031,968395,2020,3106,301476,3058,7925,666919
2003,August,8,42,Schenectady,4973,10825,936024,1983,3008,284835,2990,7817,651189
2003,July,7,42,Schenectady,4985,10907,956827,1975,2975,289323,3010,7932,667504
2003,June,6,42,Schenectady,4901,10653,930802,1965,2930,291153,2936,7723,639649
2003,May,5,42,Schenectady,4829,10488,913192,1968,2963,291322,2861,7525,621870
2003,April,4,42,Schenectady,4735,10286,903412,1911,2845,289718,2824,7441,613694
2003,March,3,42,Schenectady,4666,10108,876106,1904,2826,280896,2762,7282,595210
2003,February,2,42,Schenectady,4532,9837,853348,1879,2800,280251,2653,7037,573097
2003,January,1,42,Schenectady,4545,9825,843640,1869,2761,267407,2676,7064,576233
2002,December,12,42,Schenectady,4486,9732,834749,1871,2829,269438,2615,6903,565311
2002,November,11,42,Schenectady,4363,9483,795317,1820,2723,255614,2543,6760,539703
2002,October,10,42,Schenectady,4320,9349,793468,1819,2703,256108,2501,6646,537360
2002,September,9,42,Schenectady,4239,9106,726289,1779,2635,235863,2460,6471,490426
2002,August,8,42,Schenectady,4217,9049,717890,1753,2592,227639,2464,6457,490251
2002,July,7,42,Schenectady,4203,8940,710448,1747,2558,224043,2456,6382,486405
2002,June,6,42,Schenectady,4167,8907,708058,1704,2489,222244,2463,6418,485814
2002,May,5,42,Schenectady,4192,8964,709215,1699,2450,217048,2493,6514,492167
2002,April,4,42,Schenectady,4189,8951,707435,1720,2502,221746,2469,6449,485689
2002,March,3,42,Schenectady,4185,8987,720641,1721,2515,226320,2464,6472,494321
2002,February,2,42,Schenectady,4120,8892,709019,1705,2484,221845,2415,6408,487174
2002,January,1,42,Schenectady,4092,8865,704350,1675,2470,219187,2417,6395,485163
2018,December,12,43,Schoharie,1984,3437,418797,512,588,92766,1472,2849,326031
2018,November,11,43,Schoharie,1965,3401,410396,509,582,91826,1456,2819,318570
2018,October,10,43,Schoharie,1981,3408,413183,508,588,91068,1473,2820,322115
2018,September,9,43,Schoharie,1963,3380,407328,502,576,90198,1461,2804,317130
2018,August,8,43,Schoharie,1973,3444,413261,510,596,91470,1463,2848,321791
2018,July,7,43,Schoharie,1966,3420,411805,502,586,90861,1464,2834,320944
2018,June,6,43,Schoharie,1988,3509,414981,505,584,91086,1483,2925,323895
2018,May,5,43,Schoharie,1993,3503,413276,507,582,91979,1486,2921,321297
2018,April,4,43,Schoharie,2000,3494,414505,504,586,90595,1496,2908,323910
2018,March,3,43,Schoharie,2028,3587,431960,507,596,92605,1521,2991,339355
2018,February,2,43,Schoharie,2012,3593,423388,504,598,92178,1508,2995,331210
2018,January,1,43,Schoharie,2002,3578,421742,509,601,93726,1493,2977,328016
2017,December,12,43,Schoharie,1973,3496,412957,520,617,97468,1453,2879,315489
2017,November,11,43,Schoharie,1958,3498,416169,517,616,96491,1441,2882,319678
2017,October,10,43,Schoharie,1954,3474,415931,518,623,97065,1436,2851,318866
2017,September,9,43,Schoharie,1967,3505,417058,523,631,97885,1444,2874,319173
2017,August,8,43,Schoharie,1960,3502,416807,514,613,95902,1446,2889,320905
2017,July,7,43,Schoharie,1952,3490,418694,516,623,95911,1436,2867,322783
2017,June,6,43,Schoharie,1975,3553,420603,522,629,96344,1453,2924,324259
2017,May,5,43,Schoharie,1994,3595,428804,524,644,98269,1470,2951,330535
2017,April,4,43,Schoharie,2013,3665,435930,537,662,101273,1476,3003,334657
2017,March,3,43,Schoharie,2042,3698,443069,548,678,102463,1494,3020,340606
2017,February,2,43,Schoharie,2027,3685,437762,545,678,101979,1482,3007,335783
2017,January,1,43,Schoharie,2056,3709,443055,556,699,102295,1500,3010,340760
2016,December,12,43,Schoharie,2041,3660,439842,556,694,103405,1485,2966,336437
2016,November,11,43,Schoharie,2019,3633,440484,547,681,103895,1472,2952,336589
2016,October,10,43,Schoharie,2004,3598,438432,548,691,104201,1456,2907,334231
2016,September,9,43,Schoharie,2007,3628,441873,537,672,100751,1470,2956,341122
2016,August,8,43,Schoharie,1998,3597,443054,540,678,102011,1458,2919,341043
2016,July,7,43,Schoharie,1983,3558,438532,530,666,101885,1453,2892,336647
2016,June,6,43,Schoharie,2003,3619,446181,533,661,101258,1470,2958,344923
2016,May,5,43,Schoharie,2008,3612,447896,537,658,101581,1471,2954,346315
2016,April,4,43,Schoharie,2021,3645,451562,527,635,99091,1494,3010,352471
2016,March,3,43,Schoharie,2051,3688,453627,534,646,100256,1517,3042,353371
2016,February,2,43,Schoharie,2046,3680,456551,535,647,101135,1511,3033,355416
2016,January,1,43,Schoharie,2040,3677,455192,548,679,105375,1492,2998,349817
2015,December,12,43,Schoharie,2050,3711,455950,550,691,106665,1500,3020,349285
2015,November,11,43,Schoharie,2010,3713,459705,525,671,103411,1485,3042,356294
2015,October,10,43,Schoharie,2025,3712,456632,531,672,105363,1494,3040,351269
2015,September,9,43,Schoharie,2043,3761,464428,535,667,105359,1508,3094,359069
2015,August,8,43,Schoharie,2006,3667,454722,528,665,104751,1478,3002,349971
2015,July,7,43,Schoharie,2043,3770,469412,533,676,106734,1510,3094,362678
2015,June,6,43,Schoharie,2038,3785,473710,529,680,107504,1509,3105,366206
2015,May,5,43,Schoharie,2054,3834,480654,536,683,107170,1518,3151,373484
2015,April,4,43,Schoharie,2052,3819,478264,536,678,107459,1516,3141,370805
2015,March,3,43,Schoharie,2067,3837,483338,545,685,108967,1522,3152,374371
2015,February,2,43,Schoharie,2032,3788,477931,540,685,109285,1492,3103,368646
2015,January,1,43,Schoharie,2038,3790,477661,544,687,108872,1494,3103,368789
2014,December,12,43,Schoharie,2036,3801,482447,511,619,98586,1525,3182,383861
2014,November,11,43,Schoharie,2021,3776,479566,521,637,101145,1500,3139,378421
2014,October,10,43,Schoharie,1990,3723,472568,519,644,102739,1471,3079,369829
2014,September,9,43,Schoharie,2024,3771,459409,531,649,99598,1493,3122,359811
2014,August,8,43,Schoharie,2012,3761,458497,526,643,100073,1486,3118,358424
2014,July,7,43,Schoharie,2043,3819,464271,532,660,102529,1511,3159,361742
2014,June,6,43,Schoharie,2067,3896,469943,537,679,104440,1530,3217,365503
2014,May,5,43,Schoharie,2076,3938,476019,539,676,104304,1537,3262,371715
2014,April,4,43,Schoharie,2098,4021,488000,526,657,102263,1572,3364,385737
2014,March,3,43,Schoharie,2102,4048,488098,538,679,105874,1564,3369,382224
2014,February,2,43,Schoharie,2070,3986,477492,519,629,98438,1551,3357,379054
2014,January,1,43,Schoharie,2086,4017,479233,528,654,103175,1558,3363,376058
2013,December,12,43,Schoharie,2058,3947,477741,538,672,104347,1520,3275,373394
2013,November,11,43,Schoharie,2072,3938,496312,548,682,112310,1524,3256,384002
2013,October,10,43,Schoharie,2023,3871,502123,530,655,110149,1493,3216,391974
2013,September,9,43,Schoharie,2003,3852,490603,528,653,106504,1475,3199,384099
2013,August,8,43,Schoharie,1989,3800,486983,525,644,104996,1464,3156,381987
2013,July,7,43,Schoharie,2032,3937,500013,527,660,106429,1505,3277,393584
2013,June,6,43,Schoharie,2031,3919,497135,521,651,105942,1510,3268,391193
2013,May,5,43,Schoharie,2021,3903,499461,516,639,104230,1505,3264,395231
2013,April,4,43,Schoharie,2021,3905,495013,502,618,100674,1519,3287,394339
2013,March,3,43,Schoharie,2039,3965,508824,502,609,99664,1537,3356,409160
2013,February,2,43,Schoharie,1991,3850,490342,505,597,97185,1486,3253,393157
2013,January,1,43,Schoharie,1981,3811,488295,503,580,96006,1478,3231,392289
2012,December,12,43,Schoharie,1963,3769,483145,493,570,94470,1470,3199,388675
2012,November,11,43,Schoharie,1937,3727,479421,487,565,93368,1450,3162,386053
2012,October,10,43,Schoharie,1948,3718,478867,486,569,93690,1462,3149,385177
2012,September,9,43,Schoharie,1943,3684,479981,492,584,96334,1451,3100,383647
2012,August,8,43,Schoharie,1944,3681,483120,489,573,95045,1455,3108,388075
2012,July,7,43,Schoharie,1953,3698,482553,501,600,99141,1452,3098,383412
2012,June,6,43,Schoharie,1978,3764,491549,489,568,93808,1489,3196,397741
2012,May,5,43,Schoharie,1959,3766,489234,495,594,97316,1464,3172,391918
2012,April,4,43,Schoharie,1940,3755,486170,494,582,95425,1446,3173,390745
2012,March,3,43,Schoharie,1949,3772,492374,486,564,97498,1463,3208,394876
2012,February,2,43,Schoharie,1954,3822,493672,487,568,94272,1467,3254,399400
2012,January,1,43,Schoharie,1948,3812,496896,489,569,93406,1459,3243,403490
2011,December,12,43,Schoharie,1934,3794,504598,486,567,96133,1448,3227,408465
2011,November,11,43,Schoharie,1966,3855,509879,497,589,100397,1469,3266,409482
2011,October,10,43,Schoharie,1984,3897,692013,492,576,112588,1492,3321,579425
2011,September,9,43,Schoharie,1956,3826,638666,480,565,118601,1476,3261,520065
2011,August,8,43,Schoharie,1886,3653,481855,483,582,96515,1403,3071,385340
2011,July,7,43,Schoharie,1916,3738,493294,494,588,97506,1422,3150,395788
2011,June,6,43,Schoharie,1896,3664,478723,484,554,92823,1412,3110,385900
2011,May,5,43,Schoharie,1904,3725,483962,485,562,93827,1419,3163,390135
2011,April,4,43,Schoharie,1896,3746,486499,489,582,96431,1407,3164,390068
2011,March,3,43,Schoharie,1916,3799,503636,489,589,99550,1427,3210,404086
2011,February,2,43,Schoharie,1884,3706,495485,474,583,98070,1410,3123,397415
2011,January,1,43,Schoharie,1864,3674,489726,475,578,98676,1389,3096,391050
2010,December,12,43,Schoharie,1831,3629,482809,454,541,91673,1377,3088,391136
2010,November,11,43,Schoharie,1796,3535,467559,454,543,91164,1342,2992,376395
2010,October,10,43,Schoharie,1750,3446,457484,456,539,89995,1294,2907,367489
2010,September,9,43,Schoharie,1763,3499,464415,455,542,90105,1308,2957,374310
2010,August,8,43,Schoharie,1737,3440,456443,447,527,88623,1290,2913,367820
2010,July,7,43,Schoharie,1719,3390,450453,451,542,90893,1268,2848,359560
2010,June,6,43,Schoharie,1729,3406,452106,447,523,89473,1282,2883,362633
2010,May,5,43,Schoharie,1702,3346,444094,439,511,87868,1263,2835,356226
2010,April,4,43,Schoharie,1727,3427,453734,444,523,90601,1283,2904,363133
2010,March,3,43,Schoharie,1689,3347,447463,441,529,90933,1248,2818,356530
2010,February,2,43,Schoharie,1668,3313,445180,443,523,90050,1225,2790,355130
2010,January,1,43,Schoharie,1635,3257,441095,435,519,88992,1200,2738,352103
2009,December,12,43,Schoharie,1603,3173,421905,437,531,91149,1166,2642,330756
2009,November,11,43,Schoharie,1565,3081,409506,428,512,86875,1137,2569,322631
2009,October,10,43,Schoharie,1553,3061,403854,421,502,84696,1132,2559,319158
2009,September,9,43,Schoharie,1505,2940,387221,413,486,82623,1092,2454,304598
2009,August,8,43,Schoharie,1474,2897,387511,403,481,82058,1071,2416,305453
2009,July,7,43,Schoharie,1462,2856,382645,393,471,79000,1069,2385,303645
2009,June,6,43,Schoharie,1448,2838,382098,392,475,80431,1056,2363,301667
2009,May,5,43,Schoharie,1427,2795,375498,388,458,76888,1039,2337,298610
2009,April,4,43,Schoharie,1403,2740,368544,391,454,77645,1012,2286,290899
2009,March,3,43,Schoharie,1392,2698,312274,393,472,68805,999,2226,243469
2009,February,2,43,Schoharie,1362,2605,302093,391,453,67183,971,2152,234910
2009,January,1,43,Schoharie,1301,2490,264383,392,464,60748,909,2026,203635
2008,December,12,43,Schoharie,1292,2445,270108,394,462,60098,898,1983,210010
2008,November,11,43,Schoharie,1221,2315,254408,387,452,58309,834,1863,196099
2008,October,10,43,Schoharie,1196,2260,246282,393,454,59413,803,1806,186869
2008,September,9,43,Schoharie,1167,2218,206058,376,427,41512,791,1791,164546
2008,August,8,43,Schoharie,1167,2193,204596,375,428,40891,792,1765,163705
2008,July,7,43,Schoharie,1148,2177,197865,367,409,38101,781,1768,159764
2008,June,6,43,Schoharie,1175,2224,204903,372,413,39008,803,1811,165895
2008,May,5,43,Schoharie,1186,2250,208989,387,432,41746,799,1818,167243
2008,April,4,43,Schoharie,1176,2240,204884,389,441,43152,787,1799,161732
2008,March,3,43,Schoharie,1165,2202,206681,383,440,42865,782,1762,163816
2008,February,2,43,Schoharie,1123,2142,200929,375,430,41841,748,1712,159088
2008,January,1,43,Schoharie,1096,2075,196428,361,405,40058,735,1670,156370
2007,December,12,43,Schoharie,1092,2061,197629,359,398,39308,733,1663,158321
2007,November,11,43,Schoharie,1058,1982,191164,359,395,39069,699,1587,152095
2007,October,10,43,Schoharie,1046,1884,182719,361,405,40597,685,1479,142122
2007,September,9,43,Schoharie,1053,1934,176889,361,422,39792,692,1512,137097
2007,August,8,43,Schoharie,1046,1924,175374,360,410,39836,686,1514,135538
2007,July,7,43,Schoharie,1024,1897,171655,349,401,38983,675,1496,132672
2007,June,6,43,Schoharie,1044,1972,178318,353,412,40519,691,1560,137799
2007,May,5,43,Schoharie,1066,2025,183508,356,420,41514,710,1605,141994
2007,April,4,43,Schoharie,1082,2067,187701,356,403,39378,726,1664,148323
2007,March,3,43,Schoharie,1094,2077,191296,361,411,40275,733,1666,151021
2007,February,2,43,Schoharie,1083,2045,190633,366,423,42095,717,1622,148538
2007,January,1,43,Schoharie,1080,2056,187114,368,426,42520,712,1630,144594
2006,December,12,43,Schoharie,1075,2012,185152,373,432,44059,702,1580,141093
2006,November,11,43,Schoharie,1043,1939,181101,370,441,46226,673,1498,134875
2006,October,10,43,Schoharie,1054,1974,187324,383,473,49649,671,1501,137675
2006,September,9,43,Schoharie,1040,1929,175877,374,447,45304,666,1482,130573
2006,August,8,43,Schoharie,1032,1874,172066,370,428,43409,662,1446,128657
2006,July,7,43,Schoharie,1034,1885,170232,372,432,43708,662,1453,126524
2006,June,6,43,Schoharie,1033,1885,168603,382,452,46121,651,1433,122482
2006,May,5,43,Schoharie,1041,1919,169343,376,449,45650,665,1470,123693
2006,April,4,43,Schoharie,1056,1970,174393,371,436,44029,685,1534,130364
2006,March,3,43,Schoharie,1065,1975,182562,368,424,42756,697,1551,139806
2006,February,2,43,Schoharie,1047,1949,177120,358,407,40676,689,1542,136444
2006,January,1,43,Schoharie,1036,1942,169134,364,429,39984,672,1513,129150
2005,December,12,43,Schoharie,1038,1934,176588,362,411,40555,676,1523,136033
2005,November,11,43,Schoharie,1001,1841,164501,354,399,38655,647,1442,125846
2005,October,10,43,Schoharie,1025,1892,169873,369,436,43249,656,1456,126624
2005,September,9,43,Schoharie,1014,1868,163586,368,439,41640,646,1429,121946
2005,August,8,43,Schoharie,1004,1848,161151,364,420,40156,640,1428,120995
2005,July,7,43,Schoharie,998,1839,158845,365,423,40191,633,1416,118654
2005,June,6,43,Schoharie,1012,1892,158233,361,408,37561,651,1484,120672
2005,May,5,43,Schoharie,1035,1930,162565,366,411,37276,669,1519,125289
2005,April,4,43,Schoharie,1061,1961,165190,397,454,39679,664,1507,125511
2005,March,3,43,Schoharie,1079,2011,165832,413,485,41396,666,1526,124436
2005,February,2,43,Schoharie,1065,1967,162970,421,495,42497,644,1472,120473
2005,January,1,43,Schoharie,1032,1915,159527,414,485,42084,618,1430,117443
2004,December,12,43,Schoharie,1029,1945,162156,410,493,41857,619,1452,120299
2004,November,11,43,Schoharie,1018,1935,164982,410,491,42619,608,1444,122363
2004,October,10,43,Schoharie,1004,1941,162579,392,481,42005,612,1460,120574
2004,September,9,43,Schoharie,949,1824,145353,356,432,37000,593,1392,108353
2004,August,8,43,Schoharie,934,1831,147099,332,416,36844,602,1415,110255
2004,July,7,43,Schoharie,926,1873,153352,311,392,34821,615,1481,118531
2004,June,6,43,Schoharie,924,1909,154378,292,363,33054,632,1546,121324
2004,May,5,43,Schoharie,921,1882,151707,293,365,32694,628,1517,119013
2004,April,4,43,Schoharie,926,1944,156043,294,381,34418,632,1563,121625
2004,March,3,43,Schoharie,927,1922,155771,298,380,34126,629,1542,121645
2004,February,2,43,Schoharie,900,1852,147507,299,380,34290,601,1472,113217
2004,January,1,43,Schoharie,909,1868,150544,304,383,34714,605,1485,115830
2003,December,12,43,Schoharie,891,1817,147914,307,387,34690,584,1430,113224
2003,November,11,43,Schoharie,877,1765,143076,301,371,32209,576,1394,110867
2003,October,10,43,Schoharie,857,1739,140866,294,369,33014,563,1370,107852
2003,September,9,43,Schoharie,889,1844,146893,295,371,32194,594,1473,114699
2003,August,8,43,Schoharie,864,1774,138350,298,371,32249,566,1403,106101
2003,July,7,43,Schoharie,886,1841,144769,290,358,30311,596,1483,114458
2003,June,6,43,Schoharie,892,1837,142047,276,329,26377,616,1508,115670
2003,May,5,43,Schoharie,904,1868,144734,279,322,26170,625,1546,118564
2003,April,4,43,Schoharie,892,1838,145196,277,322,26562,615,1516,118634
2003,March,3,43,Schoharie,886,1803,142299,277,325,27944,609,1478,114355
2003,February,2,43,Schoharie,866,1784,139065,275,319,26839,591,1465,112226
2003,January,1,43,Schoharie,857,1735,137014,276,323,26451,581,1412,110563
2002,December,12,43,Schoharie,817,1654,129596,269,313,25863,548,1341,103733
2002,November,11,43,Schoharie,831,1661,133084,274,317,26175,557,1344,106909
2002,October,10,43,Schoharie,810,1620,128174,274,316,25593,536,1304,102581
2002,September,9,43,Schoharie,812,1592,118261,276,331,24425,536,1261,93836
2002,August,8,43,Schoharie,793,1571,113724,267,308,22162,526,1263,91562
2002,July,7,43,Schoharie,787,1585,114141,263,307,21607,524,1278,92534
2002,June,6,43,Schoharie,805,1631,117983,263,310,22386,542,1321,95597
2002,May,5,43,Schoharie,813,1659,122477,265,317,23025,548,1342,99452
2002,April,4,43,Schoharie,810,1643,120188,266,314,22404,544,1329,97784
2002,March,3,43,Schoharie,820,1684,121327,263,318,23172,557,1366,98155
2002,February,2,43,Schoharie,789,1613,116568,259,316,23161,530,1297,93407
2002,January,1,43,Schoharie,791,1606,114258,263,321,22496,528,1285,91762
2018,December,12,44,Schuyler,1170,2107,240360,310,422,64070,860,1685,176290
2018,November,11,44,Schuyler,1151,2079,236528,316,436,66130,835,1643,170398
2018,October,10,44,Schuyler,1147,2067,236757,317,434,66241,830,1633,170516
2018,September,9,44,Schuyler,1130,2029,227857,322,439,65921,808,1590,161936
2018,August,8,44,Schuyler,1152,2065,236587,325,440,66312,827,1625,170275
2018,July,7,44,Schuyler,1155,2076,238871,333,473,70052,822,1603,168819
2018,June,6,44,Schuyler,1185,2172,247593,341,483,71404,844,1689,176189
2018,May,5,44,Schuyler,1188,2192,245711,340,481,70484,848,1711,175227
2018,April,4,44,Schuyler,1205,2263,251306,335,479,69762,870,1784,181544
2018,March,3,44,Schuyler,1213,2309,255564,345,493,72209,868,1816,183355
2018,February,2,44,Schuyler,1213,2310,256309,334,476,69749,879,1834,186560
2018,January,1,44,Schuyler,1233,2342,263774,339,480,73822,894,1862,189952
2017,December,12,44,Schuyler,1204,2311,253430,331,469,69192,873,1842,184238
2017,November,11,44,Schuyler,1188,2264,247076,316,454,65468,872,1810,181608
2017,October,10,44,Schuyler,1194,2266,251488,314,449,66364,880,1817,185124
2017,September,9,44,Schuyler,1198,2269,253827,309,442,64814,889,1827,189013
2017,August,8,44,Schuyler,1189,2254,250745,305,432,63668,884,1822,187077
2017,July,7,44,Schuyler,1203,2280,254852,318,462,67391,885,1818,187461
2017,June,6,44,Schuyler,1218,2299,258661,326,466,67118,892,1833,191543
2017,May,5,44,Schuyler,1215,2277,257520,333,486,69897,882,1791,187623
2017,April,4,44,Schuyler,1217,2293,256948,335,475,70620,882,1818,186328
2017,March,3,44,Schuyler,1224,2323,260582,327,466,69336,897,1857,191246
2017,February,2,44,Schuyler,1235,2350,261954,337,490,71991,898,1860,189963
2017,January,1,44,Schuyler,1242,2365,264216,335,493,72188,907,1872,192028
2016,December,12,44,Schuyler,1240,2340,268872,334,486,72829,906,1854,196043
2016,November,11,44,Schuyler,1235,2331,268459,335,480,73501,900,1851,194958
2016,October,10,44,Schuyler,1227,2301,264623,335,483,72465,892,1818,192158
2016,September,9,44,Schuyler,1219,2292,265240,338,490,74736,881,1802,190504
2016,August,8,44,Schuyler,1233,2324,271132,337,499,74323,896,1825,196809
2016,July,7,44,Schuyler,1215,2293,265552,350,514,78190,865,1779,187362
2016,June,6,44,Schuyler,1234,2317,270544,349,505,76662,885,1812,193882
2016,May,5,44,Schuyler,1224,2318,268673,353,511,79026,871,1807,189647
2016,April,4,44,Schuyler,1250,2399,280617,358,529,80900,892,1870,199717
2016,March,3,44,Schuyler,1250,2420,286934,353,523,78451,897,1897,208483
2016,February,2,44,Schuyler,1221,2374,277079,348,527,79135,873,1847,197944
2016,January,1,44,Schuyler,1233,2386,282058,357,560,84255,876,1826,197803
2015,December,12,44,Schuyler,1252,2434,290050,355,551,83977,897,1883,206073
2015,November,11,44,Schuyler,1235,2382,285861,359,551,83606,876,1831,202255
2015,October,10,44,Schuyler,1239,2378,286860,355,553,83444,884,1825,203416
2015,September,9,44,Schuyler,1255,2425,288240,365,564,84805,890,1861,203435
2015,August,8,44,Schuyler,1261,2443,292327,357,552,83524,904,1891,208803
2015,July,7,44,Schuyler,1277,2485,295606,373,581,87474,904,1904,208132
2015,June,6,44,Schuyler,1287,2534,298437,372,595,88967,915,1939,209470
2015,May,5,44,Schuyler,1302,2567,302336,377,607,92243,925,1960,210093
2015,April,4,44,Schuyler,1310,2576,301711,375,601,89944,935,1975,211767
2015,March,3,44,Schuyler,1305,2585,307000,369,595,89287,936,1990,217713
2015,February,2,44,Schuyler,1306,2597,307272,374,597,89191,932,2000,218081
2015,January,1,44,Schuyler,1308,2572,303793,371,581,88294,937,1991,215499
2014,December,12,44,Schuyler,1298,2561,301587,336,491,77674,962,2070,223913
2014,November,11,44,Schuyler,1277,2528,297615,333,498,77076,944,2030,220539
2014,October,10,44,Schuyler,1293,2574,299910,335,520,78231,958,2054,221679
2014,September,9,44,Schuyler,1299,2580,288164,335,509,75808,964,2071,212356
2014,August,8,44,Schuyler,1289,2555,292621,347,527,79221,942,2028,213400
2014,July,7,44,Schuyler,1294,2575,290929,345,516,77288,949,2059,213641
2014,June,6,44,Schuyler,1307,2579,292012,348,502,75707,959,2077,216305
2014,May,5,44,Schuyler,1334,2628,300275,358,528,80957,976,2100,219318
2014,April,4,44,Schuyler,1340,2653,306595,373,555,85249,967,2098,221346
2014,March,3,44,Schuyler,1335,2651,303848,362,550,82217,973,2101,221631
2014,February,2,44,Schuyler,1326,2673,305037,355,543,80754,971,2130,224283
2014,January,1,44,Schuyler,1318,2658,303352,353,535,81465,965,2123,221887
2013,December,12,44,Schuyler,1302,2619,297922,345,515,78417,957,2104,219505
2013,November,11,44,Schuyler,1302,2611,332583,349,517,90217,953,2094,242366
2013,October,10,44,Schuyler,1269,2553,309703,334,495,78512,935,2058,231191
2013,September,9,44,Schuyler,1253,2513,301124,327,495,78023,926,2018,223101
2013,August,8,44,Schuyler,1264,2539,309459,321,461,73930,943,2078,235529
2013,July,7,44,Schuyler,1259,2523,306151,316,459,73540,943,2064,232611
2013,June,6,44,Schuyler,1262,2549,309526,315,463,73797,947,2086,235729
2013,May,5,44,Schuyler,1304,2634,321779,343,508,80331,961,2126,241448
2013,April,4,44,Schuyler,1314,2666,325516,354,518,83157,960,2148,242359
2013,March,3,44,Schuyler,1324,2720,332398,345,513,81638,979,2207,250760
2013,February,2,44,Schuyler,1302,2677,330859,342,515,81265,960,2162,249594
2013,January,1,44,Schuyler,1292,2668,326597,327,474,75724,965,2194,250873
2012,December,12,44,Schuyler,1271,2605,320457,330,487,78186,941,2118,242271
2012,November,11,44,Schuyler,1269,2609,322954,328,483,77531,941,2126,245423
2012,October,10,44,Schuyler,1242,2545,310507,331,484,76123,911,2061,234384
2012,September,9,44,Schuyler,1237,2542,312736,320,474,74606,917,2068,238130
2012,August,8,44,Schuyler,1242,2541,315211,330,485,77179,912,2056,238032
2012,July,7,44,Schuyler,1237,2523,312545,324,464,74248,913,2059,238297
2012,June,6,44,Schuyler,1266,2593,326067,323,470,75831,943,2123,250236
2012,May,5,44,Schuyler,1264,2604,328088,315,461,75035,949,2143,253053
2012,April,4,44,Schuyler,1265,2618,331985,325,472,76371,940,2146,255614
2012,March,3,44,Schuyler,1280,2669,348395,324,488,87340,956,2181,261055
2012,February,2,44,Schuyler,1258,2634,327756,332,507,80921,926,2127,246835
2012,January,1,44,Schuyler,1258,2634,330177,340,523,83821,918,2111,246356
2011,December,12,44,Schuyler,1253,2606,331886,340,501,80325,913,2105,251561
2011,November,11,44,Schuyler,1230,2543,327467,345,495,80484,885,2048,246983
2011,October,10,44,Schuyler,1228,2564,327714,341,502,80855,887,2062,246859
2011,September,9,44,Schuyler,1218,2545,325842,333,481,78605,885,2064,247237
2011,August,8,44,Schuyler,1193,2537,323221,320,468,75704,873,2069,247517
2011,July,7,44,Schuyler,1213,2598,326635,323,478,77931,890,2120,248704
2011,June,6,44,Schuyler,1227,2628,332830,328,487,79854,899,2141,252976
2011,May,5,44,Schuyler,1253,2685,342910,331,495,81165,922,2190,261745
2011,April,4,44,Schuyler,1238,2645,339398,329,497,81587,909,2148,257811
2011,March,3,44,Schuyler,1233,2667,354199,333,506,84447,900,2161,269752
2011,February,2,44,Schuyler,1200,2568,336423,324,499,82039,876,2069,254384
2011,January,1,44,Schuyler,1187,2533,331586,318,473,79207,869,2060,252379
2010,December,12,44,Schuyler,1167,2483,333482,329,482,84002,838,2001,249480
2010,November,11,44,Schuyler,1098,2332,306796,325,478,80184,773,1854,226612
2010,October,10,44,Schuyler,1100,2347,309258,325,468,77785,775,1879,231473
2010,September,9,44,Schuyler,1093,2351,310593,319,470,78099,774,1881,232494
2010,August,8,44,Schuyler,1086,2338,310884,309,453,74036,777,1885,236848
2010,July,7,44,Schuyler,1075,2299,310256,311,447,75155,764,1852,235101
2010,June,6,44,Schuyler,1066,2298,304879,314,456,75560,752,1842,229319
2010,May,5,44,Schuyler,1078,2347,309185,316,476,77520,762,1871,231665
2010,April,4,44,Schuyler,1089,2358,308312,321,475,77111,768,1883,231201
2010,March,3,44,Schuyler,1098,2382,318085,330,491,81496,768,1891,236589
2010,February,2,44,Schuyler,1091,2336,314374,335,489,81883,756,1847,232491
2010,January,1,44,Schuyler,1100,2360,321371,337,501,82497,763,1859,238874
2009,December,12,44,Schuyler,1068,2278,305468,332,497,82753,736,1781,222715
2009,November,11,44,Schuyler,1025,2185,289790,330,494,81059,695,1691,208731
2009,October,10,44,Schuyler,1018,2154,289655,330,496,81038,688,1658,208617
2009,September,9,44,Schuyler,982,2076,278825,315,473,76545,667,1603,202280
2009,August,8,44,Schuyler,960,2017,270518,316,476,76639,644,1541,193879
2009,July,7,44,Schuyler,952,1994,266546,302,449,72548,650,1545,193998
2009,June,6,44,Schuyler,967,2021,274264,319,477,77280,648,1544,196984
2009,May,5,44,Schuyler,959,2014,276364,324,496,81649,635,1518,194715
2009,April,4,44,Schuyler,947,1984,269167,331,506,81699,616,1478,187468
2009,March,3,44,Schuyler,932,1969,227919,319,487,66424,613,1482,161495
2009,February,2,44,Schuyler,913,1904,220827,319,487,68772,594,1417,152055
2009,January,1,44,Schuyler,890,1875,203913,306,483,61018,584,1392,142895
2008,December,12,44,Schuyler,870,1839,203935,301,463,60667,569,1376,143268
2008,November,11,44,Schuyler,830,1768,194621,294,442,56375,536,1326,138246
2008,October,10,44,Schuyler,799,1642,180244,292,416,53884,507,1226,126360
2008,September,9,44,Schuyler,777,1598,145083,285,399,39912,492,1199,105171
2008,August,8,44,Schuyler,779,1618,147318,285,408,40920,494,1210,106398
2008,July,7,44,Schuyler,776,1571,145829,292,393,40060,484,1178,105769
2008,June,6,44,Schuyler,780,1567,141961,294,390,39387,486,1177,102574
2008,May,5,44,Schuyler,785,1571,145189,296,400,42043,489,1171,103146
2008,April,4,44,Schuyler,778,1611,154337,302,438,45474,476,1173,108863
2008,March,3,44,Schuyler,763,1563,150551,306,435,46810,457,1128,103741
2008,February,2,44,Schuyler,733,1526,144398,292,413,44168,441,1113,100230
2008,January,1,44,Schuyler,720,1494,137182,287,398,41118,433,1096,96064
2007,December,12,44,Schuyler,714,1485,141048,289,406,43022,425,1079,98026
2007,November,11,44,Schuyler,695,1416,133538,280,393,40545,415,1023,92993
2007,October,10,44,Schuyler,693,1416,134315,277,386,39665,416,1030,94650
2007,September,9,44,Schuyler,675,1371,123651,273,379,37823,402,992,85828
2007,August,8,44,Schuyler,676,1350,121386,276,390,38885,400,960,82501
2007,July,7,44,Schuyler,687,1372,122473,282,412,40868,405,960,81605
2007,June,6,44,Schuyler,716,1424,131494,301,451,46394,415,973,85100
2007,May,5,44,Schuyler,726,1465,137773,295,444,46139,431,1021,91634
2007,April,4,44,Schuyler,724,1469,133618,305,452,45972,419,1017,87646
2007,March,3,44,Schuyler,727,1467,133805,316,462,47360,411,1005,86445
2007,February,2,44,Schuyler,735,1508,137492,308,458,46514,427,1050,90978
2007,January,1,44,Schuyler,733,1502,133265,308,446,46199,425,1056,87066
2006,December,12,44,Schuyler,722,1482,135481,300,434,45745,422,1048,89736
2006,November,11,44,Schuyler,699,1462,130932,286,400,42510,413,1062,88422
2006,October,10,44,Schuyler,709,1478,133664,288,415,42357,421,1063,91307
2006,September,9,44,Schuyler,701,1430,125308,288,424,41953,413,1006,83355
2006,August,8,44,Schuyler,700,1408,122618,288,414,41018,412,994,81600
2006,July,7,44,Schuyler,717,1468,128295,294,425,41590,423,1043,86705
2006,June,6,44,Schuyler,723,1481,130448,287,411,40212,436,1070,90236
2006,May,5,44,Schuyler,735,1521,135102,286,416,41349,449,1105,93753
2006,April,4,44,Schuyler,750,1571,140533,301,451,45880,449,1120,94653
2006,March,3,44,Schuyler,757,1610,145223,300,447,46306,457,1163,98917
2006,February,2,44,Schuyler,742,1570,137179,289,432,42500,453,1138,94679
2006,January,1,44,Schuyler,751,1593,137664,299,448,42849,452,1145,94815
2005,December,12,44,Schuyler,757,1610,143904,302,441,44403,455,1169,99501
2005,November,11,44,Schuyler,722,1512,134298,301,449,43962,421,1063,90336
2005,October,10,44,Schuyler,705,1460,129455,289,443,42237,416,1017,87218
2005,September,9,44,Schuyler,718,1496,131388,283,430,40376,435,1066,91012
2005,August,8,44,Schuyler,710,1469,128348,283,445,41824,427,1024,86524
2005,July,7,44,Schuyler,734,1576,136468,283,449,43233,451,1127,93235
2005,June,6,44,Schuyler,723,1569,136815,273,437,41016,450,1132,95799
2005,May,5,44,Schuyler,751,1626,140710,291,471,44084,460,1155,96626
2005,April,4,44,Schuyler,771,1660,144196,306,483,46381,465,1177,97815
2005,March,3,44,Schuyler,793,1725,148970,309,493,47153,484,1232,101817
2005,February,2,44,Schuyler,785,1722,149962,317,522,50634,468,1200,99328
2005,January,1,44,Schuyler,767,1671,141578,314,504,49161,453,1167,92417
2004,December,12,44,Schuyler,746,1604,138597,307,501,48592,439,1103,90005
2004,November,11,44,Schuyler,719,1539,132405,298,471,45515,421,1068,86890
2004,October,10,44,Schuyler,679,1458,128676,273,440,44112,406,1018,84564
2004,September,9,44,Schuyler,658,1418,115247,261,424,38097,397,994,77150
2004,August,8,44,Schuyler,626,1321,108984,255,423,39494,371,898,69490
2004,July,7,44,Schuyler,617,1320,109561,258,439,40458,359,881,69103
2004,June,6,44,Schuyler,620,1335,110297,250,411,37903,370,924,72394
2004,May,5,44,Schuyler,640,1374,112405,259,433,39541,381,941,72864
2004,April,4,44,Schuyler,644,1376,116168,267,446,42279,377,930,73889
2004,March,3,44,Schuyler,638,1357,113605,273,449,44056,365,908,69549
2004,February,2,44,Schuyler,614,1321,111560,258,418,40803,356,903,70757
2004,January,1,44,Schuyler,602,1306,110115,255,403,38415,347,903,71700
2003,December,12,44,Schuyler,585,1277,108272,242,384,36608,343,893,71664
2003,November,11,44,Schuyler,574,1256,104946,241,374,34782,333,882,70164
2003,October,10,44,Schuyler,570,1248,108830,244,390,37974,326,858,70856
2003,September,9,44,Schuyler,555,1201,100388,239,394,37425,316,807,62963
2003,August,8,44,Schuyler,532,1146,93127,230,372,33201,302,774,59926
2003,July,7,44,Schuyler,522,1114,88871,224,349,31801,298,765,57070
2003,June,6,44,Schuyler,522,1115,89464,224,342,32652,298,773,56812
2003,May,5,44,Schuyler,525,1125,86778,212,326,29532,313,799,57246
2003,April,4,44,Schuyler,528,1155,88953,220,357,32019,308,798,56934
2003,March,3,44,Schuyler,526,1157,91810,226,387,35710,300,770,56100
2003,February,2,44,Schuyler,523,1158,91404,227,393,35498,296,765,55906
2003,January,1,44,Schuyler,509,1132,89226,217,373,33570,292,759,55656
2002,December,12,44,Schuyler,500,1101,89866,212,361,33095,288,740,56771
2002,November,11,44,Schuyler,492,1081,85090,203,345,30133,289,736,54957
2002,October,10,44,Schuyler,495,1078,86017,208,347,31160,287,731,54857
2002,September,9,44,Schuyler,480,1040,78247,198,339,28261,282,701,49986
2002,August,8,44,Schuyler,474,1012,75848,198,333,28170,276,679,47678
2002,July,7,44,Schuyler,470,988,72682,191,311,26121,279,677,46561
2002,June,6,44,Schuyler,472,998,73914,197,317,27225,275,681,46689
2002,May,5,44,Schuyler,487,1039,78564,203,323,27728,284,716,50836
2002,April,4,44,Schuyler,496,1075,81737,218,360,31486,278,715,50251
2002,March,3,44,Schuyler,484,1048,83001,218,373,33344,266,675,49657
2002,February,2,44,Schuyler,467,1017,77891,209,350,30782,258,667,47109
2002,January,1,44,Schuyler,456,957,74208,212,354,30591,244,603,43617
2018,December,12,45,Seneca,1713,3002,348272,576,741,109710,1137,2261,238562
2018,November,11,45,Seneca,1681,2934,343383,581,755,111019,1100,2179,232364
2018,October,10,45,Seneca,1725,3003,358587,594,778,117328,1131,2225,241259
2018,September,9,45,Seneca,1710,2981,346124,591,770,114361,1119,2211,231763
2018,August,8,45,Seneca,1688,2926,346285,587,757,115628,1101,2169,230657
2018,July,7,45,Seneca,1675,2903,340459,572,719,107213,1103,2184,233246
2018,June,6,45,Seneca,1710,3001,354594,567,710,105929,1143,2291,248665
2018,May,5,45,Seneca,1695,2969,349268,575,732,108653,1120,2237,240615
2018,April,4,45,Seneca,1718,3018,347634,577,721,107172,1141,2297,240462
2018,March,3,45,Seneca,1751,3118,354527,582,732,107159,1169,2386,247368
2018,February,2,45,Seneca,1755,3169,361391,571,717,107510,1184,2452,253881
2018,January,1,45,Seneca,1766,3210,367644,563,691,102120,1203,2519,265524
2017,December,12,45,Seneca,1753,3196,366636,573,708,105636,1180,2488,261000
2017,November,11,45,Seneca,1722,3135,362794,574,711,105609,1148,2424,257185
2017,October,10,45,Seneca,1711,3111,364677,583,734,108467,1128,2377,256210
2017,September,9,45,Seneca,1689,3089,355789,587,757,110693,1102,2332,245096
2017,August,8,45,Seneca,1669,3038,355118,586,769,113315,1083,2269,241803
2017,July,7,45,Seneca,1695,3104,363400,590,780,112501,1105,2324,250899
2017,June,6,45,Seneca,1716,3137,367776,599,795,113349,1117,2342,254427
2017,May,5,45,Seneca,1723,3200,370241,598,793,113350,1125,2407,256891
2017,April,4,45,Seneca,1750,3274,382641,596,788,113861,1154,2486,268780
2017,March,3,45,Seneca,1773,3358,393774,598,798,114558,1175,2560,279216
2017,February,2,45,Seneca,1784,3405,394918,593,796,113868,1191,2609,281050
2017,January,1,45,Seneca,1812,3463,401028,598,803,116380,1214,2660,284648
2016,December,12,45,Seneca,1808,3486,398728,588,788,115433,1220,2698,283295
2016,November,11,45,Seneca,1804,3424,403034,590,784,118367,1214,2640,284667
2016,October,10,45,Seneca,1776,3374,398289,578,774,111770,1198,2600,286519
2016,September,9,45,Seneca,1786,3368,395358,576,771,110579,1210,2597,284779
2016,August,8,45,Seneca,1764,3283,393876,568,755,109103,1196,2528,284773
2016,July,7,45,Seneca,1777,3284,393813,579,788,114378,1198,2496,279435
2016,June,6,45,Seneca,1759,3267,396071,586,811,116253,1173,2456,279818
2016,May,5,45,Seneca,1781,3308,403008,579,801,116400,1202,2507,286608
2016,April,4,45,Seneca,1818,3394,414187,596,821,116996,1222,2573,297191
2016,March,3,45,Seneca,1821,3403,426057,606,834,122051,1215,2569,304006
2016,February,2,45,Seneca,1785,3336,419217,595,830,121169,1190,2506,298048
2016,January,1,45,Seneca,1787,3334,410887,599,842,120895,1188,2492,289992
2015,December,12,45,Seneca,1820,3390,421342,605,857,125292,1215,2533,296050
2015,November,11,45,Seneca,1779,3328,411126,586,836,120180,1193,2492,290946
2015,October,10,45,Seneca,1781,3336,416133,596,862,124877,1185,2474,291256
2015,September,9,45,Seneca,1805,3353,419130,612,882,129227,1193,2471,289903
2015,August,8,45,Seneca,1831,3406,427094,616,891,130796,1215,2515,296298
2015,July,7,45,Seneca,1826,3405,427695,604,864,126310,1222,2541,301385
2015,June,6,45,Seneca,1856,3489,436755,615,871,125643,1241,2618,311112
2015,May,5,45,Seneca,1885,3532,439490,623,883,128932,1262,2649,310558
2015,April,4,45,Seneca,1927,3633,456306,631,894,131275,1296,2739,325031
2015,March,3,45,Seneca,1931,3665,471759,615,877,131129,1316,2788,340630
2015,February,2,45,Seneca,1913,3662,465910,611,894,127724,1302,2768,338186
2015,January,1,45,Seneca,1895,3637,463753,614,881,129088,1281,2756,334665
2014,December,12,45,Seneca,1903,3626,465272,535,748,112137,1368,2878,353135
2014,November,11,45,Seneca,1866,3553,455501,537,742,113036,1329,2811,342465
2014,October,10,45,Seneca,1880,3568,457285,543,752,114252,1337,2816,343033
2014,September,9,45,Seneca,1914,3626,442495,546,733,108443,1368,2893,334052
2014,August,8,45,Seneca,1932,3669,452743,543,748,112063,1389,2921,340680
2014,July,7,45,Seneca,1943,3713,465745,549,764,114629,1394,2949,351116
2014,June,6,45,Seneca,1973,3777,469903,555,775,114565,1418,3002,355338
2014,May,5,45,Seneca,1965,3775,472864,552,773,116107,1413,3002,356757
2014,April,4,45,Seneca,1952,3779,463151,551,760,113840,1401,3019,349311
2014,March,3,45,Seneca,1935,3735,460024,566,787,117468,1369,2948,342556
2014,February,2,45,Seneca,1921,3695,453192,565,777,116704,1356,2918,336488
2014,January,1,45,Seneca,1893,3647,443188,558,779,117524,1335,2868,325664
2013,December,12,45,Seneca,1864,3587,440061,547,754,114198,1317,2833,325863
2013,November,11,45,Seneca,2010,3743,611274,557,755,138956,1453,2988,472318
2013,October,10,45,Seneca,1819,3484,459412,531,718,115777,1288,2766,343635
2013,September,9,45,Seneca,1812,3495,454345,530,744,115659,1282,2751,338686
2013,August,8,45,Seneca,1828,3511,455547,521,697,110708,1307,2814,344839
2013,July,7,45,Seneca,1821,3568,464478,514,693,110463,1307,2875,354015
2013,June,6,45,Seneca,1826,3579,460608,515,680,107844,1311,2899,352764
2013,May,5,45,Seneca,1830,3578,468725,505,662,104326,1325,2916,364399
2013,April,4,45,Seneca,1792,3499,453835,491,632,99760,1301,2867,354075
2013,March,3,45,Seneca,1804,3556,464291,491,636,102057,1313,2920,362234
2013,February,2,45,Seneca,1767,3534,451987,491,639,99749,1276,2895,352238
2013,January,1,45,Seneca,1752,3459,452046,487,643,99377,1265,2816,352669
2012,December,12,45,Seneca,1697,3296,426927,483,623,99651,1214,2673,327276
2012,November,11,45,Seneca,1654,3191,411847,479,623,96444,1175,2568,315403
2012,October,10,45,Seneca,1642,3170,414069,469,598,94155,1173,2572,319914
2012,September,9,45,Seneca,1620,3114,395295,474,614,95550,1146,2500,299745
2012,August,8,45,Seneca,1660,3225,418387,466,604,94850,1194,2621,323537
2012,July,7,45,Seneca,1615,3093,401199,455,585,91717,1160,2508,309482
2012,June,6,45,Seneca,1635,3167,410418,458,600,95811,1177,2567,314607
2012,May,5,45,Seneca,1623,3152,414280,443,577,91167,1180,2575,323113
2012,April,4,45,Seneca,1595,3061,406297,442,572,89294,1153,2489,317003
2012,March,3,45,Seneca,1604,3116,450797,445,578,104807,1159,2538,345990
2012,February,2,45,Seneca,1563,3025,392112,432,542,85695,1131,2483,306417
2012,January,1,45,Seneca,1557,3007,390075,433,552,86243,1124,2455,303832
2011,December,12,45,Seneca,1578,3047,404811,440,562,91273,1138,2485,313538
2011,November,11,45,Seneca,1535,2961,388293,424,527,85680,1111,2434,302613
2011,October,10,45,Seneca,1516,2932,381184,413,511,83661,1103,2421,297523
2011,September,9,45,Seneca,1507,2903,369898,414,513,82404,1093,2390,287494
2011,August,8,45,Seneca,1509,2928,372947,417,507,82099,1092,2421,290848
2011,July,7,45,Seneca,1538,2956,385525,421,504,82612,1117,2452,302913
2011,June,6,45,Seneca,1567,3053,402344,422,511,82948,1145,2542,319396
2011,May,5,45,Seneca,1535,2941,387706,429,516,82588,1106,2425,305118
2011,April,4,45,Seneca,1541,2960,393819,433,524,85685,1108,2436,308134
2011,March,3,45,Seneca,1536,2942,410391,436,531,91301,1100,2411,319090
2011,February,2,45,Seneca,1500,2919,399013,425,525,86738,1075,2394,312275
2011,January,1,45,Seneca,1491,2919,404007,413,504,84525,1078,2415,319482
2010,December,12,45,Seneca,1431,2778,390105,399,484,81554,1032,2294,308551
2010,November,11,45,Seneca,1402,2666,365178,411,502,82981,991,2164,282197
2010,October,10,45,Seneca,1429,2751,378516,413,513,83866,1016,2238,294650
2010,September,9,45,Seneca,1426,2715,365746,408,511,85147,1018,2204,280599
2010,August,8,45,Seneca,1445,2782,378770,399,494,83930,1046,2288,294840
2010,July,7,45,Seneca,1457,2831,375835,404,492,82746,1053,2339,293089
2010,June,6,45,Seneca,1456,2867,381695,403,498,84074,1053,2369,297621
2010,May,5,45,Seneca,1461,2873,386687,403,502,83018,1058,2371,303669
2010,April,4,45,Seneca,1445,2857,387301,409,510,85085,1036,2347,302216
2010,March,3,45,Seneca,1439,2799,388486,411,503,87019,1028,2296,301467
2010,February,2,45,Seneca,1389,2710,376962,411,508,86511,978,2202,290451
2010,January,1,45,Seneca,1383,2704,370817,410,502,85261,973,2202,285556
2009,December,12,45,Seneca,1346,2641,357079,405,505,86449,941,2136,270630
2009,November,11,45,Seneca,1323,2566,340525,400,493,82445,923,2073,258080
2009,October,10,45,Seneca,1329,2581,349247,406,504,86207,923,2077,263040
2009,September,9,45,Seneca,1312,2535,335492,394,490,81613,918,2045,253879
2009,August,8,45,Seneca,1283,2505,332899,387,491,81930,896,2014,250969
2009,July,7,45,Seneca,1296,2501,347883,389,498,83876,907,2003,264007
2009,June,6,45,Seneca,1258,2457,336739,381,476,81488,877,1981,255251
2009,May,5,45,Seneca,1249,2402,332408,380,463,77981,869,1939,254427
2009,April,4,45,Seneca,1258,2446,342009,382,468,78295,876,1978,263714
2009,March,3,45,Seneca,1230,2353,281723,383,472,67468,847,1881,214255
2009,February,2,45,Seneca,1200,2270,273634,389,475,69678,811,1795,203956
2009,January,1,45,Seneca,1166,2209,244584,371,459,60354,795,1750,184230
2008,December,12,45,Seneca,1126,2119,238333,361,439,57294,765,1680,181039
2008,November,11,45,Seneca,1103,2043,230567,370,455,59820,733,1588,170747
2008,October,10,45,Seneca,1074,1991,225266,374,466,61116,700,1525,164150
2008,September,9,45,Seneca,1033,1860,165572,353,424,39189,680,1436,126383
2008,August,8,45,Seneca,1046,1871,165495,361,434,40705,685,1437,124790
2008,July,7,45,Seneca,1041,1889,168262,360,437,41013,681,1452,127249
2008,June,6,45,Seneca,1055,1909,170218,363,439,40945,692,1470,129273
2008,May,5,45,Seneca,1049,1939,180339,360,443,42630,689,1496,137709
2008,April,4,45,Seneca,1039,1936,178185,360,455,44574,679,1481,133611
2008,March,3,45,Seneca,1043,1934,176013,359,443,42258,684,1491,133755
2008,February,2,45,Seneca,1023,1893,174584,347,421,39953,676,1472,134631
2008,January,1,45,Seneca,1016,1893,173943,341,416,39633,675,1477,134310
2007,December,12,45,Seneca,999,1832,166056,343,418,39433,656,1414,126623
2007,November,11,45,Seneca,976,1801,160386,336,401,37323,640,1400,123063
2007,October,10,45,Seneca,998,1841,167982,344,413,39711,654,1428,128271
2007,September,9,45,Seneca,1004,1838,157189,345,398,35932,659,1440,121257
2007,August,8,45,Seneca,1006,1821,156458,355,416,37004,651,1405,119454
2007,July,7,45,Seneca,1019,1850,159546,355,412,36904,664,1438,122642
2007,June,6,45,Seneca,1017,1855,160621,355,426,37518,662,1429,123103
2007,May,5,45,Seneca,1025,1878,163441,346,409,35917,679,1469,127524
2007,April,4,45,Seneca,1034,1915,164353,347,426,38520,687,1489,125833
2007,March,3,45,Seneca,1053,1951,173995,354,429,39190,699,1522,134805
2007,February,2,45,Seneca,1033,1929,168255,346,423,39068,687,1506,129187
2007,January,1,45,Seneca,1055,1993,173875,346,412,36472,709,1581,137403
2006,December,12,45,Seneca,1042,1984,176253,349,430,39698,693,1554,136555
2006,November,11,45,Seneca,1017,1920,168841,348,423,39535,669,1497,129306
2006,October,10,45,Seneca,1043,1973,173526,358,435,39911,685,1538,133615
2006,September,9,45,Seneca,1053,2028,175408,366,462,42022,687,1566,133386
2006,August,8,45,Seneca,1058,2030,174629,359,435,39386,699,1595,135243
2006,July,7,45,Seneca,1060,2030,176418,361,446,39565,699,1584,136853
2006,June,6,45,Seneca,1068,2051,180355,359,454,40258,709,1597,140097
2006,May,5,45,Seneca,1067,2050,181506,358,435,39202,709,1615,142304
2006,April,4,45,Seneca,1026,1972,173935,352,439,39286,674,1533,134649
2006,March,3,45,Seneca,1047,2030,180751,352,442,40528,695,1588,140223
2006,February,2,45,Seneca,1053,2004,179009,358,446,40790,695,1558,138219
2006,January,1,45,Seneca,1043,1987,170237,360,461,39172,683,1526,131065
2005,December,12,45,Seneca,1057,2012,176884,376,475,43122,681,1537,133762
2005,November,11,45,Seneca,1037,1975,175142,371,460,41805,666,1515,133337
2005,October,10,45,Seneca,1038,1977,171522,372,463,41526,666,1514,129996
2005,September,9,45,Seneca,1042,2006,169924,362,457,39490,680,1549,130434
2005,August,8,45,Seneca,1038,2007,170239,364,473,41155,674,1534,129084
2005,July,7,45,Seneca,1048,2052,173742,358,472,40644,690,1580,133098
2005,June,6,45,Seneca,1079,2131,182842,370,483,41897,709,1648,140945
2005,May,5,45,Seneca,1093,2155,182662,367,484,41896,726,1671,140766
2005,April,4,45,Seneca,1107,2186,184506,379,493,44048,728,1693,140458
2005,March,3,45,Seneca,1098,2184,189931,374,483,42562,724,1701,147369
2005,February,2,45,Seneca,1081,2143,187088,374,475,41654,707,1668,145434
2005,January,1,45,Seneca,1071,2115,182429,376,471,40149,695,1644,142280
2004,December,12,45,Seneca,1069,2121,186983,383,492,42506,686,1629,144477
2004,November,11,45,Seneca,1047,2059,181855,362,467,42908,685,1592,138947
2004,October,10,45,Seneca,1049,2060,179946,353,452,40716,696,1608,139230
2004,September,9,45,Seneca,1045,2039,163316,347,447,36355,698,1592,126961
2004,August,8,45,Seneca,1028,2041,167494,333,435,38618,695,1606,128876
2004,July,7,45,Seneca,1021,2043,165658,327,432,38608,694,1611,127050
2004,June,6,45,Seneca,1002,2013,163134,322,431,37789,680,1582,125345
2004,May,5,45,Seneca,1008,2020,164704,323,430,39502,685,1590,125202
2004,April,4,45,Seneca,1009,2039,160973,329,445,40129,680,1594,120844
2004,March,3,45,Seneca,1019,2039,169014,323,427,38721,696,1612,130293
2004,February,2,45,Seneca,996,1993,164064,318,414,37196,678,1579,126868
2004,January,1,45,Seneca,983,1958,158740,313,408,37216,670,1550,121524
2003,December,12,45,Seneca,979,1962,154495,309,406,35102,670,1556,119393
2003,November,11,45,Seneca,943,1879,147603,316,434,38025,627,1445,109578
2003,October,10,45,Seneca,937,1865,146103,324,451,39484,613,1414,106619
2003,September,9,45,Seneca,944,1892,144968,318,448,37019,626,1444,107949
2003,August,8,45,Seneca,957,1921,145581,313,440,37513,644,1481,108068
2003,July,7,45,Seneca,970,1948,147989,321,450,38496,649,1498,109493
2003,June,6,45,Seneca,969,1957,148504,328,467,39630,641,1490,108874
2003,May,5,45,Seneca,987,1965,148115,331,467,40013,656,1498,108102
2003,April,4,45,Seneca,977,1947,150468,333,468,41249,644,1479,109219
2003,March,3,45,Seneca,981,1929,153044,333,468,41316,648,1461,111728
2003,February,2,45,Seneca,967,1901,149213,330,451,39041,637,1450,110172
2003,January,1,45,Seneca,956,1862,143013,327,443,39234,629,1419,103779
2002,December,12,45,Seneca,929,1806,138095,308,411,34658,621,1395,103437
2002,November,11,45,Seneca,908,1763,134197,307,400,34867,601,1363,99330
2002,October,10,45,Seneca,896,1739,133990,302,397,33545,594,1342,100445
2002,September,9,45,Seneca,881,1704,116289,305,395,29232,576,1309,87057
2002,August,8,45,Seneca,891,1741,122914,317,414,32449,574,1327,90465
2002,July,7,45,Seneca,871,1687,117266,319,421,32110,552,1266,85156
2002,June,6,45,Seneca,883,1711,120516,325,433,33263,558,1278,87253
2002,May,5,45,Seneca,872,1683,121691,324,445,35029,548,1238,86662
2002,April,4,45,Seneca,867,1709,124815,330,464,37198,537,1245,87617
2002,March,3,45,Seneca,888,1770,133671,315,454,37255,573,1316,96416
2002,February,2,45,Seneca,862,1681,123248,307,437,36076,555,1244,87172
2002,January,1,45,Seneca,845,1639,120601,300,420,33302,545,1219,87299
2018,December,12,46,Steuben,5596,10478,1218766,1909,2477,377567,3687,8001,841199
2018,November,11,46,Steuben,5467,10195,1187681,1881,2468,374481,3586,7727,813200
2018,October,10,46,Steuben,5500,10249,1198922,1893,2477,377323,3607,7772,821599
2018,September,9,46,Steuben,5477,10222,1175552,1877,2462,366268,3600,7760,809284
2018,August,8,46,Steuben,5519,10304,1186282,1892,2506,372480,3627,7798,813802
2018,July,7,46,Steuben,5593,10483,1199340,1861,2440,358019,3732,8043,841321
2018,June,6,46,Steuben,5677,10706,1214477,1907,2498,367528,3770,8208,846949
2018,May,5,46,Steuben,5728,10815,1222323,1928,2540,372619,3800,8275,849704
2018,April,4,46,Steuben,5811,11078,1259830,1937,2555,378407,3874,8523,881423
2018,March,3,46,Steuben,5797,11103,1267145,1930,2551,379612,3867,8552,887533
2018,February,2,46,Steuben,5785,11099,1258897,1925,2544,376138,3860,8555,882759
2018,January,1,46,Steuben,5757,11059,1246949,1915,2528,372479,3842,8531,874470
2017,December,12,46,Steuben,5698,10982,1250273,1897,2519,373095,3801,8463,877178
2017,November,11,46,Steuben,5617,10780,1217588,1889,2520,373090,3728,8260,844498
2017,October,10,46,Steuben,5632,10837,1231540,1881,2519,378456,3751,8318,853084
2017,September,9,46,Steuben,5714,11025,1245760,1908,2563,379184,3806,8462,866576
2017,August,8,46,Steuben,5768,11082,1264107,1917,2543,382114,3851,8539,881993
2017,July,7,46,Steuben,5716,11052,1243757,1911,2534,370867,3805,8518,872890
2017,June,6,46,Steuben,5740,11116,1258114,1915,2521,371680,3825,8595,886434
2017,May,5,46,Steuben,5805,11318,1287675,1931,2537,373840,3874,8781,913835
2017,April,4,46,Steuben,5837,11441,1294932,1939,2550,373787,3898,8891,921145
2017,March,3,46,Steuben,5900,11588,1310331,1965,2610,382288,3935,8978,928043
2017,February,2,46,Steuben,5896,11658,1318557,1942,2623,381711,3954,9035,936846
2017,January,1,46,Steuben,5819,11454,1298143,1965,2656,386943,3854,8798,911200
2016,December,12,46,Steuben,5803,11417,1293847,1949,2628,383680,3854,8789,910167
2016,November,11,46,Steuben,5667,11109,1258717,1921,2610,381982,3746,8499,876735
2016,October,10,46,Steuben,5621,11002,1247664,1917,2605,380480,3704,8397,867184
2016,September,9,46,Steuben,5639,11028,1260843,1928,2618,380507,3711,8410,880336
2016,August,8,46,Steuben,5653,11023,1256129,1957,2670,389260,3696,8353,866869
2016,July,7,46,Steuben,5668,11140,1262775,1970,2723,391923,3698,8417,870852
2016,June,6,46,Steuben,5747,11353,1292736,1981,2747,393721,3766,8606,899015
2016,May,5,46,Steuben,5833,11561,1318652,2008,2788,403250,3825,8773,915402
2016,April,4,46,Steuben,5957,11783,1351397,2017,2821,407899,3940,8962,943498
2016,March,3,46,Steuben,6033,11965,1385935,2019,2850,414159,4014,9115,971776
2016,February,2,46,Steuben,6032,12022,1396214,2015,2845,413246,4017,9177,982968
2016,January,1,46,Steuben,5975,11906,1366753,2014,2845,409977,3961,9061,956776
2015,December,12,46,Steuben,5945,11857,1376372,1996,2846,411599,3949,9011,964773
2015,November,11,46,Steuben,5872,11652,1357704,1988,2813,411668,3884,8839,946036
2015,October,10,46,Steuben,5938,11804,1374247,2004,2845,417774,3934,8959,956473
2015,September,9,46,Steuben,6004,11918,1392018,2036,2890,423419,3968,9028,968599
2015,August,8,46,Steuben,6058,12086,1420466,2029,2905,428151,4029,9181,992315
2015,July,7,46,Steuben,6145,12253,1429272,2056,2964,430554,4089,9289,998718
2015,June,6,46,Steuben,6151,12334,1440780,2039,2961,427389,4112,9373,1013391
2015,May,5,46,Steuben,6174,12428,1446712,2056,3016,435897,4118,9412,1010815
2015,April,4,46,Steuben,6251,12519,1467166,2091,3061,440763,4160,9458,1026403
2015,March,3,46,Steuben,6286,12599,1486465,2086,3055,441410,4200,9544,1045055
2015,February,2,46,Steuben,6204,12395,1455995,2063,2987,435447,4141,9408,1020548
2015,January,1,46,Steuben,6222,12495,1471610,2052,2989,439245,4170,9506,1032365
2014,December,12,46,Steuben,6221,12504,1475819,1894,2628,394896,4327,9876,1080923
2014,November,11,46,Steuben,6117,12270,1448413,1889,2670,400136,4228,9600,1048277
2014,October,10,46,Steuben,6211,12495,1482620,1876,2668,399152,4335,9827,1083468
2014,September,9,46,Steuben,6202,12513,1420108,1892,2648,382826,4310,9865,1037282
2014,August,8,46,Steuben,6261,12585,1435326,1932,2696,391398,4329,9889,1043928
2014,July,7,46,Steuben,6357,12867,1485597,1955,2751,403588,4402,10116,1082009
2014,June,6,46,Steuben,6425,13024,1498665,1965,2791,406584,4460,10233,1092081
2014,May,5,46,Steuben,6536,13387,1545888,1997,2807,413371,4539,10580,1132517
2014,April,4,46,Steuben,6589,13533,1563152,2034,2881,422130,4555,10652,1141022
2014,March,3,46,Steuben,6585,13563,1578623,2020,2850,422183,4565,10713,1156440
2014,February,2,46,Steuben,6504,13392,1559187,2010,2860,421150,4494,10532,1138037
2014,January,1,46,Steuben,6395,13166,1511392,1975,2812,412202,4420,10354,1099190
2013,December,12,46,Steuben,6340,12964,1503335,1984,2794,414243,4356,10170,1089092
2013,November,11,46,Steuben,6406,12885,1636462,2010,2824,461933,4396,10061,1174529
2013,October,10,46,Steuben,6275,12729,1590235,1979,2755,434181,4296,9974,1156054
2013,September,9,46,Steuben,6247,12707,1557270,1975,2776,427814,4272,9931,1129456
2013,August,8,46,Steuben,6293,12849,1584495,1968,2762,433244,4325,10087,1151251
2013,July,7,46,Steuben,6297,12913,1584984,1982,2763,432622,4315,10150,1152362
2013,June,6,46,Steuben,6315,12927,1588440,1986,2812,436892,4329,10115,1151548
2013,May,5,46,Steuben,6306,12922,1583146,1967,2767,431650,4339,10155,1151496
2013,April,4,46,Steuben,6365,13143,1606196,1962,2731,429087,4403,10412,1177109
2013,March,3,46,Steuben,6362,13226,1621201,1931,2680,421782,4431,10546,1199419
2013,February,2,46,Steuben,6284,13121,1622632,1907,2672,418250,4377,10449,1204382
2013,January,1,46,Steuben,6175,12817,1564802,1920,2703,421009,4255,10114,1143793
2012,December,12,46,Steuben,6062,12571,1537942,1928,2743,428796,4134,9828,1109146
2012,November,11,46,Steuben,5898,12089,1479262,1907,2674,417984,3991,9415,1061278
2012,October,10,46,Steuben,5962,12218,1515651,1907,2685,417653,4055,9533,1097998
2012,September,9,46,Steuben,5909,12058,1488358,1877,2646,411517,4032,9412,1076841
2012,August,8,46,Steuben,5926,12097,1487413,1881,2631,409095,4045,9466,1078318
2012,July,7,46,Steuben,5864,11942,1462300,1856,2590,400893,4008,9352,1061407
2012,June,6,46,Steuben,5941,12055,1480538,1868,2621,408438,4073,9434,1072100
2012,May,5,46,Steuben,5939,12046,1479863,1880,2624,409727,4059,9422,1070136
2012,April,4,46,Steuben,5899,12039,1462220,1869,2649,410419,4030,9390,1051801
2012,March,3,46,Steuben,5968,12192,1533250,1869,2659,428114,4099,9533,1105136
2012,February,2,46,Steuben,5919,12200,1481641,1835,2605,404081,4084,9595,1077560
2012,January,1,46,Steuben,5838,12034,1453529,1838,2605,403399,4000,9429,1050130
2011,December,12,46,Steuben,5864,12139,1504134,1865,2651,423171,3999,9488,1080963
2011,November,11,46,Steuben,5798,12004,1476315,1853,2583,410100,3945,9421,1066215
2011,October,10,46,Steuben,5792,12019,1486530,1860,2583,411258,3932,9436,1075272
2011,September,9,46,Steuben,5835,12043,1478199,1850,2567,403063,3985,9476,1075136
2011,August,8,46,Steuben,5862,12112,1493733,1897,2642,418656,3965,9470,1075077
2011,July,7,46,Steuben,5860,12150,1504271,1897,2631,414220,3963,9519,1090051
2011,June,6,46,Steuben,5908,12338,1523185,1892,2596,409001,4016,9742,1114184
2011,May,5,46,Steuben,5880,12306,1510035,1885,2585,411750,3995,9721,1098285
2011,April,4,46,Steuben,5895,12345,1528016,1905,2657,420321,3990,9688,1107695
2011,March,3,46,Steuben,5916,12479,1572243,1904,2671,430156,4012,9808,1142087
2011,February,2,46,Steuben,5858,12395,1563343,1887,2665,428852,3971,9730,1134491
2011,January,1,46,Steuben,5810,12293,1545942,1872,2620,418825,3938,9673,1127117
2010,December,12,46,Steuben,5726,12116,1529686,1811,2501,400953,3915,9615,1128733
2010,November,11,46,Steuben,5608,11883,1496930,1817,2505,400135,3791,9378,1096795
2010,October,10,46,Steuben,5569,11825,1485939,1835,2590,414024,3734,9235,1071915
2010,September,9,46,Steuben,5576,11868,1500539,1839,2572,415285,3737,9296,1085254
2010,August,8,46,Steuben,5555,11822,1503414,1812,2521,406837,3743,9301,1096577
2010,July,7,46,Steuben,5579,11935,1519890,1829,2577,415666,3750,9358,1104224
2010,June,6,46,Steuben,5518,11809,1497978,1818,2606,419462,3700,9203,1078516
2010,May,5,46,Steuben,5509,11781,1499936,1810,2568,413309,3699,9213,1086627
2010,April,4,46,Steuben,5466,11706,1490812,1780,2517,408643,3686,9189,1082169
2010,March,3,46,Steuben,5416,11597,1477448,1781,2543,411353,3635,9054,1066095
2010,February,2,46,Steuben,5391,11576,1487691,1777,2518,408167,3614,9058,1079524
2010,January,1,46,Steuben,5258,11414,1461140,1735,2487,396224,3523,8927,1064916
2009,December,12,46,Steuben,5211,11283,1451188,1710,2401,390955,3501,8882,1060233
2009,November,11,46,Steuben,4968,10727,1367293,1672,2361,379770,3296,8366,987523
2009,October,10,46,Steuben,4921,10592,1363963,1692,2382,385305,3229,8210,978658
2009,September,9,46,Steuben,4793,10232,1316796,1659,2305,371309,3134,7927,945487
2009,August,8,46,Steuben,4727,10036,1298585,1665,2321,372373,3062,7715,926212
2009,July,7,46,Steuben,4709,9973,1310914,1661,2316,377257,3048,7657,933657
2009,June,6,46,Steuben,4641,9866,1306804,1635,2275,364827,3006,7591,941977
2009,May,5,46,Steuben,4596,9739,1292031,1641,2266,366022,2955,7473,926009
2009,April,4,46,Steuben,4510,9531,1259042,1629,2220,358396,2881,7311,900646
2009,March,3,46,Steuben,4452,9419,1066960,1633,2269,318334,2819,7150,748626
2009,February,2,46,Steuben,4335,9158,1048224,1630,2258,318635,2705,6900,729589
2009,January,1,46,Steuben,4264,9001,951226,1641,2290,285422,2623,6711,665804
2008,December,12,46,Steuben,4093,8617,915170,1595,2203,277697,2498,6414,637473
2008,November,11,46,Steuben,3929,8204,872166,1573,2129,270162,2356,6075,602004
2008,October,10,46,Steuben,3886,8090,865222,1575,2148,269703,2311,5942,595519
2008,September,9,46,Steuben,3809,7960,699381,1558,2135,208924,2251,5825,490457
2008,August,8,46,Steuben,3795,7897,698236,1564,2126,204808,2231,5771,493428
2008,July,7,46,Steuben,3825,7917,699783,1571,2130,205261,2254,5787,494522
2008,June,6,46,Steuben,3813,7916,710600,1583,2178,212795,2230,5738,497805
2008,May,5,46,Steuben,3798,7885,708109,1603,2239,219684,2195,5646,488425
2008,April,4,46,Steuben,3836,8022,737223,1625,2296,228558,2211,5726,508665
2008,March,3,46,Steuben,3867,8076,754697,1651,2326,239773,2216,5750,514924
2008,February,2,46,Steuben,3773,7887,727965,1622,2270,228918,2151,5617,499047
2008,January,1,46,Steuben,3716,7743,712071,1609,2247,225989,2107,5496,486082
2007,December,12,46,Steuben,3723,7767,726822,1636,2323,243222,2087,5444,483600
2007,November,11,46,Steuben,3711,7769,725778,1637,2330,243299,2074,5439,482479
2007,October,10,46,Steuben,3736,7815,733465,1660,2390,251294,2076,5425,482171
2007,September,9,46,Steuben,3751,7797,689589,1639,2360,232698,2112,5437,456891
2007,August,8,46,Steuben,3778,7878,705105,1641,2390,238428,2137,5488,466677
2007,July,7,46,Steuben,3758,7850,697120,1636,2343,231052,2122,5507,466068
2007,June,6,46,Steuben,3795,7964,705795,1645,2387,235660,2150,5577,470135
2007,May,5,46,Steuben,3840,8121,728977,1651,2425,240097,2189,5696,488880
2007,April,4,46,Steuben,3883,8204,728246,1717,2519,253611,2166,5685,474635
2007,March,3,46,Steuben,3931,8368,749170,1744,2592,262639,2187,5776,486531
2007,February,2,46,Steuben,3855,8164,728498,1727,2536,255353,2128,5628,473145
2007,January,1,46,Steuben,3887,8242,743101,1748,2601,265386,2139,5641,477715
2006,December,12,46,Steuben,3884,8218,748014,1762,2644,271890,2122,5574,476124
2006,November,11,46,Steuben,3847,8077,738204,1758,2650,274080,2089,5427,464124
2006,October,10,46,Steuben,3836,8086,734772,1748,2652,269604,2088,5434,465168
2006,September,9,46,Steuben,3900,8190,737812,1756,2698,267930,2144,5492,469882
2006,August,8,46,Steuben,3912,8149,738507,1768,2667,270088,2144,5482,468419
2006,July,7,46,Steuben,3938,8255,739054,1785,2730,273742,2153,5525,465312
2006,June,6,46,Steuben,3964,8322,740835,1799,2775,279533,2165,5547,461302
2006,May,5,46,Steuben,4031,8433,756585,1844,2849,287323,2187,5584,469262
2006,April,4,46,Steuben,4035,8490,759917,1848,2849,290018,2187,5641,469899
2006,March,3,46,Steuben,4077,8658,784952,1843,2876,293868,2234,5782,491084
2006,February,2,46,Steuben,3991,8486,760071,1813,2801,283220,2178,5685,476851
2006,January,1,46,Steuben,3970,8437,733882,1824,2837,280987,2146,5600,452895
2005,December,12,46,Steuben,4013,8522,765959,1866,2928,295983,2147,5594,469976
2005,November,11,46,Steuben,3931,8255,745419,1862,2907,298590,2069,5348,446829
2005,October,10,46,Steuben,3897,8229,732553,1816,2800,283879,2081,5429,448674
2005,September,9,46,Steuben,3917,8296,725033,1756,2702,265431,2161,5594,459602
2005,August,8,46,Steuben,3931,8413,726176,1757,2712,264037,2174,5701,462139
2005,July,7,46,Steuben,3954,8552,742805,1773,2800,274348,2181,5752,468457
2005,June,6,46,Steuben,3992,8609,744496,1783,2779,269581,2209,5830,474915
2005,May,5,46,Steuben,4048,8663,754290,1851,2904,282959,2197,5759,471331
2005,April,4,46,Steuben,4098,8752,753505,1893,2974,286553,2205,5778,466952
2005,March,3,46,Steuben,4194,8903,780849,1942,3055,299159,2252,5848,481690
2005,February,2,46,Steuben,4153,8783,761261,1951,3045,295508,2202,5738,465753
2005,January,1,46,Steuben,4143,8842,762485,1976,3125,299272,2167,5717,463213
2004,December,12,46,Steuben,4134,8777,765618,1940,3022,291967,2194,5755,473651
2004,November,11,46,Steuben,3963,8458,746651,1867,2937,290846,2096,5521,455805
2004,October,10,46,Steuben,3892,8339,735631,1796,2817,279501,2096,5522,456130
2004,September,9,46,Steuben,3842,8310,683056,1712,2728,251816,2130,5582,431240
2004,August,8,46,Steuben,3791,8303,679810,1654,2674,251076,2137,5629,428734
2004,July,7,46,Steuben,3789,8351,688670,1635,2676,252421,2154,5675,436249
2004,June,6,46,Steuben,3773,8388,688159,1590,2601,248686,2183,5787,439473
2004,May,5,46,Steuben,3817,8499,711182,1629,2687,257711,2188,5812,453471
2004,April,4,46,Steuben,3772,8426,706077,1614,2653,258010,2158,5773,448067
2004,March,3,46,Steuben,3788,8427,707139,1621,2640,256510,2167,5787,450629
2004,February,2,46,Steuben,3692,8296,687033,1591,2611,248466,2101,5685,438567
2004,January,1,46,Steuben,3676,8235,675557,1579,2556,245921,2097,5679,429636
2003,December,12,46,Steuben,3579,8034,666555,1525,2428,231982,2054,5606,434573
2003,November,11,46,Steuben,3473,7716,638610,1520,2395,230128,1953,5321,408482
2003,October,10,46,Steuben,3417,7576,632222,1492,2331,224838,1925,5245,407384
2003,September,9,46,Steuben,3488,7771,640483,1506,2426,229304,1982,5345,411179
2003,August,8,46,Steuben,3479,7667,641929,1532,2474,233643,1947,5193,408286
2003,July,7,46,Steuben,3503,7754,654216,1546,2516,241192,1957,5238,413024
2003,June,6,46,Steuben,3505,7779,644349,1539,2513,235920,1966,5266,408429
2003,May,5,46,Steuben,3529,7799,653818,1539,2515,239568,1990,5284,414250
2003,April,4,46,Steuben,3493,7710,635145,1530,2489,237843,1963,5221,397302
2003,March,3,46,Steuben,3470,7676,632908,1540,2509,240425,1930,5167,392483
2003,February,2,46,Steuben,3390,7478,609601,1486,2354,221815,1904,5124,387786
2003,January,1,46,Steuben,3285,7188,576377,1472,2277,209691,1813,4911,366686
2002,December,12,46,Steuben,3247,7100,571221,1440,2230,208065,1807,4870,363156
2002,November,11,46,Steuben,3150,6858,543229,1441,2262,207912,1709,4596,335317
2002,October,10,46,Steuben,3101,6696,538786,1408,2164,204219,1693,4532,334567
2002,September,9,46,Steuben,3027,6530,493212,1355,2071,179988,1672,4459,313224
2002,August,8,46,Steuben,2959,6358,477181,1328,2047,175010,1631,4311,302171
2002,July,7,46,Steuben,2982,6407,480441,1335,2057,173570,1647,4350,306871
2002,June,6,46,Steuben,2987,6418,480419,1330,2032,175620,1657,4386,304799
2002,May,5,46,Steuben,3001,6422,483858,1341,2063,177800,1660,4359,306058
2002,April,4,46,Steuben,2996,6388,486620,1332,2023,176941,1664,4365,309679
2002,March,3,46,Steuben,3026,6475,494614,1364,2086,184057,1662,4389,310557
2002,February,2,46,Steuben,2934,6283,469289,1338,2043,176228,1596,4240,293061
2002,January,1,46,Steuben,2868,6108,460493,1319,2004,175617,1549,4104,284876
2018,December,12,47,Suffolk,57347,95010,12897175,18277,24098,3734714,39070,70912,9162461
2018,November,11,47,Suffolk,57651,95642,12996040,18409,24324,3778448,39242,71318,9217592
2018,October,10,47,Suffolk,58104,96467,13074661,18519,24547,3814313,39585,71920,9260348
2018,September,9,47,Suffolk,58879,97977,13130566,18441,24434,3757316,40438,73543,9373250
2018,August,8,47,Suffolk,59571,99472,13247533,18579,24649,3775635,40992,74823,9471898
2018,July,7,47,Suffolk,60200,100889,13118664,18550,24682,3653995,41650,76207,9464669
2018,June,6,47,Suffolk,60881,102104,13233022,18633,24753,3647332,42248,77351,9585690
2018,May,5,47,Suffolk,61536,103470,13404032,18809,24986,3674113,42727,78484,9729919
2018,April,4,47,Suffolk,61912,104175,13481289,18937,25127,3686671,42975,79048,9794618
2018,March,3,47,Suffolk,62623,105738,13699485,19145,25446,3729687,43478,80292,9969798
2018,February,2,47,Suffolk,62532,105596,13671809,19114,25403,3725309,43418,80193,9946500
2018,January,1,47,Suffolk,62883,106321,13789698,19271,25760,3784957,43612,80561,10004741
2017,December,12,47,Suffolk,63411,107559,14026205,19387,25908,3833113,44024,81651,10193092
2017,November,11,47,Suffolk,63244,107126,14034745,19297,25765,3835673,43947,81361,10199072
2017,October,10,47,Suffolk,63509,107459,14128655,19438,26081,3891385,44071,81378,10237270
2017,September,9,47,Suffolk,64026,108531,14311436,19390,26022,3901512,44636,82509,10409924
2017,August,8,47,Suffolk,64844,110125,14563579,19507,26164,3944685,45337,83961,10618894
2017,July,7,47,Suffolk,65289,111163,14393831,19388,25978,3848210,45901,85185,10545621
2017,June,6,47,Suffolk,66475,113105,14671496,19640,26269,3906854,46835,86836,10764642
2017,May,5,47,Suffolk,67066,114254,14859958,19777,26448,3952973,47289,87806,10906985
2017,April,4,47,Suffolk,67634,115472,15050480,19799,26429,3961579,47835,89043,11088901
2017,March,3,47,Suffolk,68367,116830,15360303,20219,27154,4106211,48148,89676,11254092
2017,February,2,47,Suffolk,68520,116999,15420209,20141,27089,4084158,48379,89910,11336051
2017,January,1,47,Suffolk,69072,118007,15612114,20366,27506,4154602,48706,90501,11457512
2016,December,12,47,Suffolk,69016,118129,15684946,20402,27638,4184797,48614,90491,11500149
2016,November,11,47,Suffolk,69098,117948,15761947,20456,27806,4241225,48642,90142,11520722
2016,October,10,47,Suffolk,69096,118245,15840105,20546,28022,4248592,48550,90223,11591513
2016,September,9,47,Suffolk,69666,119341,15979528,20668,28306,4282849,48998,91035,11696679
2016,August,8,47,Suffolk,70163,120319,16226999,20828,28483,4329395,49335,91836,11897604
2016,July,7,47,Suffolk,70834,121708,16331669,20762,28454,4293616,50072,93254,12038053
2016,June,6,47,Suffolk,73859,125192,17018388,20960,28628,4325593,52899,96564,12692795
2016,May,5,47,Suffolk,74501,126429,17255368,21057,28907,4379443,53444,97522,12875925
2016,April,4,47,Suffolk,75107,127839,17473091,21166,29150,4405253,53941,98689,13067838
2016,March,3,47,Suffolk,75431,128583,17655882,21273,29393,4451118,54158,99190,13204764
2016,February,2,47,Suffolk,75269,128301,17642318,21201,29315,4429999,54068,98986,13212319
2016,January,1,47,Suffolk,75506,128857,17695617,21369,29733,4468331,54137,99124,13227286
2015,December,12,47,Suffolk,75693,129140,17829715,21427,29832,4486783,54266,99308,13342932
2015,November,11,47,Suffolk,75332,128479,17815335,21420,29829,4493245,53912,98650,13322090
2015,October,10,47,Suffolk,75321,128262,17826977,21641,30204,4555847,53680,98058,13271130
2015,September,9,47,Suffolk,75616,128775,17974754,21696,30312,4591262,53920,98463,13383492
2015,August,8,47,Suffolk,76041,129785,18132657,21771,30389,4617398,54270,99396,13515259
2015,July,7,47,Suffolk,76362,130553,18123964,21899,30520,4577250,54463,100033,13546714
2015,June,6,47,Suffolk,76688,131153,18217283,21880,30551,4585649,54808,100602,13631634
2015,May,5,47,Suffolk,76711,131453,18253609,21845,30502,4575158,54866,100951,13678451
2015,April,4,47,Suffolk,76902,131922,18344346,22135,30906,4651856,54767,101016,13692490
2015,March,3,47,Suffolk,76916,132036,18378240,22333,31129,4671252,54583,100907,13706988
2015,February,2,47,Suffolk,76355,131146,18205043,22217,31133,4652602,54138,100013,13552441
2015,January,1,47,Suffolk,76222,130930,18125694,22150,31194,4643238,54072,99736,13482456
2014,December,12,47,Suffolk,75808,130394,18204569,20207,27546,4179837,55601,102848,14024732
2014,November,11,47,Suffolk,75086,129074,18107380,20170,27544,4184804,54916,101530,13922576
2014,October,10,47,Suffolk,74473,127838,18008889,20211,27696,4236529,54262,100142,13772360
2014,September,9,47,Suffolk,73939,127075,17202859,20187,27708,4121760,53752,99367,13081099
2014,August,8,47,Suffolk,74062,127561,17380631,20233,27733,4177756,53829,99828,13202875
2014,July,7,47,Suffolk,74358,128368,17600514,20293,27732,4225780,54065,100636,13374734
2014,June,6,47,Suffolk,74351,128363,17614711,20221,27648,4213078,54130,100715,13401633
2014,May,5,47,Suffolk,74486,129236,17742567,20115,27647,4205032,54371,101589,13537535
2014,April,4,47,Suffolk,74470,129532,17803626,19975,27403,4168118,54495,102129,13635508
2014,March,3,47,Suffolk,74051,129173,17732580,20013,27475,4180442,54038,101698,13552138
2014,February,2,47,Suffolk,72805,127345,17427954,19907,27414,4173877,52898,99931,13254077
2014,January,1,47,Suffolk,71986,125998,17157959,19805,27330,4134674,52181,98668,13023285
2013,December,12,47,Suffolk,70848,124105,16970440,19769,27279,4159901,51079,96826,12810539
2013,November,11,47,Suffolk,72160,125181,18891280,20592,28308,4942759,51568,96873,13948521
2013,October,10,47,Suffolk,69403,121859,17819377,19950,27633,4486686,49453,94226,13332691
2013,September,9,47,Suffolk,68279,120036,17345657,19891,27747,4438329,48388,92289,12907328
2013,August,8,47,Suffolk,68165,119905,17346875,19864,27714,4434157,48301,92191,12912718
2013,July,7,47,Suffolk,67868,119398,17266118,19838,27734,4446114,48030,91664,12820004
2013,June,6,47,Suffolk,67674,119117,17206387,19867,27687,4437461,47807,91430,12768926
2013,May,5,47,Suffolk,67330,118459,17120865,19819,27518,4407581,47511,90941,12713284
2013,April,4,47,Suffolk,67105,118170,17112088,19814,27494,4404488,47291,90676,12707600
2013,March,3,47,Suffolk,66787,117606,17198834,19894,27675,4447281,46893,89931,12751553
2013,February,2,47,Suffolk,65365,115318,16873055,19798,27588,4413072,45567,87730,12459983
2013,January,1,47,Suffolk,65421,115477,16811312,20010,27960,4478932,45411,87517,12332380
2012,December,12,47,Suffolk,66131,117063,17035206,20064,27889,4505402,46067,89174,12529804
2012,November,11,47,Suffolk,66850,118174,25138188,20477,28454,6762055,46373,89720,18376133
2012,October,10,47,Suffolk,64058,113375,16538083,20025,27881,4503632,44033,85494,12034451
2012,September,9,47,Suffolk,63920,113236,16401051,19940,27801,4488653,43980,85435,11912398
2012,August,8,47,Suffolk,63794,113123,16368425,19876,27817,4464162,43918,85306,11904263
2012,July,7,47,Suffolk,62895,111608,16090076,19842,27736,4445439,43053,83872,11644637
2012,June,6,47,Suffolk,62891,111758,16069599,19792,27705,4425353,43099,84053,11644246
2012,May,5,47,Suffolk,62350,111065,15986619,19852,27718,4436698,42498,83347,11549921
2012,April,4,47,Suffolk,61837,110291,15855921,19838,27712,4404148,41999,82579,11451773
2012,March,3,47,Suffolk,61734,110295,16168026,19871,27889,4554748,41863,82406,11613278
2012,February,2,47,Suffolk,60368,107944,15607823,19673,27672,4396937,40695,80272,11210886
2012,January,1,47,Suffolk,59581,106702,15424239,19570,27566,4398083,40011,79136,11026156
2011,December,12,47,Suffolk,59165,105822,15454564,19592,27578,4429275,39573,78244,11025289
2011,November,11,47,Suffolk,58288,104373,15338400,19573,27564,4434633,38715,76809,10903767
2011,October,10,47,Suffolk,57680,103176,15133615,19586,27620,4457110,38094,75556,10676505
2011,September,9,47,Suffolk,58167,103995,15782940,19627,27539,4661824,38540,76456,11121116
2011,August,8,47,Suffolk,56636,101285,14737737,19532,27437,4384662,37104,73848,10353075
2011,July,7,47,Suffolk,55784,99926,14422123,19383,27164,4330957,36401,72762,10091166
2011,June,6,47,Suffolk,55360,99268,14320071,19297,26920,4306370,36063,72348,10013701
2011,May,5,47,Suffolk,54525,97956,14121978,19193,26759,4277455,35332,71197,9844523
2011,April,4,47,Suffolk,54118,97367,14053762,19227,26829,4288351,34891,70538,9765411
2011,March,3,47,Suffolk,53402,96172,14135084,19088,26679,4314597,34314,69493,9820487
2011,February,2,47,Suffolk,51684,93383,13668060,18879,26367,4249385,32805,67016,9418675
2011,January,1,47,Suffolk,50992,92144,13412241,18792,26403,4246617,32200,65741,9165624
2010,December,12,47,Suffolk,50278,90970,13284743,18711,26306,4241736,31567,64664,9043007
2010,November,11,47,Suffolk,49376,89249,13100006,18610,26109,4218865,30766,63140,8881141
2010,October,10,47,Suffolk,48514,87735,12881103,18507,25953,4193429,30007,61782,8687674
2010,September,9,47,Suffolk,47621,85939,12663325,18157,25393,4090862,29464,60546,8572463
2010,August,8,47,Suffolk,46682,84214,12356467,17977,25102,4044305,28705,59112,8312162
2010,July,7,47,Suffolk,46307,83442,12253614,17839,24740,3992569,28468,58702,8261045
2010,June,6,47,Suffolk,45502,81881,12017080,17658,24405,3960196,27844,57476,8056884
2010,May,5,47,Suffolk,45054,81100,11935417,17525,24155,3919298,27529,56945,8016119
2010,April,4,47,Suffolk,44631,80266,11802289,17434,23909,3888633,27197,56357,7913656
2010,March,3,47,Suffolk,43968,79185,11746171,17185,23620,3869864,26783,55565,7876307
2010,February,2,47,Suffolk,42822,77066,11395650,16975,23315,3812270,25847,53751,7583380
2010,January,1,47,Suffolk,42257,76212,11304286,16847,23154,3749006,25410,53058,7555280
2009,December,12,47,Suffolk,41425,74525,10957166,16667,22986,3753006,24758,51539,7204160
2009,November,11,47,Suffolk,40272,72256,10649702,16646,22971,3740079,23626,49285,6909623
2009,October,10,47,Suffolk,39593,70978,10597398,16563,22960,3780671,23030,48018,6816727
2009,September,9,47,Suffolk,38077,67735,10166125,16146,22078,3640623,21931,45657,6525502
2009,August,8,47,Suffolk,36906,65362,9812393,15878,21609,3540236,21028,43753,6272157
2009,July,7,47,Suffolk,36138,63804,9643815,15792,21526,3537785,20346,42278,6106030
2009,June,6,47,Suffolk,35141,61858,9400978,15582,21141,3506775,19559,40717,5894203
2009,May,5,47,Suffolk,34274,60216,9180232,15416,20843,3442923,18858,39373,5737309
2009,April,4,47,Suffolk,33305,58299,8918437,15241,20584,3395128,18064,37715,5523309
2009,March,3,47,Suffolk,32032,56007,7729534,14860,20125,2971334,17172,35882,4758200
2009,February,2,47,Suffolk,30129,52602,7107232,14255,19402,2792754,15874,33200,4314478
2009,January,1,47,Suffolk,29304,51304,6541192,13965,19114,2612952,15339,32190,3928240
2008,December,12,47,Suffolk,28324,49359,6393410,13760,18924,2594043,14564,30435,3799367
2008,November,11,47,Suffolk,27600,47856,6156914,13727,18819,2569937,13873,29037,3586977
2008,October,10,47,Suffolk,27256,47270,6032341,13666,18791,2540198,13590,28479,3492143
2008,September,9,47,Suffolk,26852,46230,4913146,13582,18532,2025192,13270,27698,2887954
2008,August,8,47,Suffolk,26636,45919,4830806,13453,18379,1990636,13183,27540,2840170
2008,July,7,47,Suffolk,26602,45604,4803617,13514,18293,1982468,13088,27311,2821149
2008,June,6,47,Suffolk,26247,44746,4676589,13438,17943,1937182,12809,26803,2739407
2008,May,5,47,Suffolk,26001,44326,4671262,13471,18007,1954115,12530,26319,2717147
2008,April,4,47,Suffolk,25753,43753,4636972,13403,17833,1940920,12350,25920,2696052
2008,March,3,47,Suffolk,25395,43098,4536555,13358,17806,1929103,12037,25292,2607452
2008,February,2,47,Suffolk,24812,42034,4394745,13225,17620,1891797,11587,24414,2502948
2008,January,1,47,Suffolk,24739,42004,4458627,13183,17658,1902599,11556,24346,2556028
2007,December,12,47,Suffolk,24178,40800,4324412,12967,17377,1870981,11211,23423,2453431
2007,November,11,47,Suffolk,23948,40340,4262664,13029,17477,1876286,10919,22863,2386378
2007,October,10,47,Suffolk,23967,40413,4284619,13050,17605,1888141,10917,22808,2396478
2007,September,9,47,Suffolk,23855,40060,4004204,13096,17718,1789380,10759,22342,2214824
2007,August,8,47,Suffolk,23834,40146,4001761,13062,17655,1791044,10772,22491,2210717
2007,July,7,47,Suffolk,23574,39461,3914898,13023,17467,1765741,10551,21994,2149157
2007,June,6,47,Suffolk,23418,39350,3902670,12960,17371,1755290,10458,21979,2147380
2007,May,5,47,Suffolk,23193,39022,3874344,12864,17244,1762833,10329,21778,2111511
2007,April,4,47,Suffolk,23113,38975,3865150,12889,17359,1774968,10224,21616,2090182
2007,March,3,47,Suffolk,23135,39033,3923652,12913,17391,1791067,10222,21642,2132585
2007,February,2,47,Suffolk,22679,38422,3854702,12793,17306,1776455,9886,21116,2078247
2007,January,1,47,Suffolk,22648,38308,3849585,12777,17338,1778437,9871,20970,2071148
2006,December,12,47,Suffolk,22510,38123,3865853,12754,17441,1786772,9756,20682,2079081
2006,November,11,47,Suffolk,22404,37922,3888670,12820,17607,1855462,9584,20315,2033208
2006,October,10,47,Suffolk,22440,37990,3818580,12819,17651,1795451,9621,20339,2023129
2006,September,9,47,Suffolk,22430,38041,3671642,12894,17895,1759084,9536,20146,1912558
2006,August,8,47,Suffolk,22486,38076,3720620,12981,17976,1774640,9505,20100,1945980
2006,July,7,47,Suffolk,22342,37810,3636385,12970,18010,1745943,9372,19800,1890442
2006,June,6,47,Suffolk,22524,38025,3692675,13033,18060,1763670,9491,19965,1929005
2006,May,5,47,Suffolk,22261,37652,3672102,12999,18064,1769359,9262,19588,1902743
2006,April,4,47,Suffolk,22110,37452,3633098,13037,18092,1773169,9073,19360,1859929
2006,March,3,47,Suffolk,22189,37636,3713973,13057,18076,1788452,9132,19560,1925521
2006,February,2,47,Suffolk,21640,36715,3543571,12864,17958,1762048,8776,18757,1781523
2006,January,1,47,Suffolk,21716,37087,3541033,12868,18096,1753326,8848,18991,1787707
2005,December,12,47,Suffolk,21674,37118,3609333,12992,18461,1807222,8682,18657,1802111
2005,November,11,47,Suffolk,21336,36617,3545692,12858,18328,1790438,8478,18289,1755254
2005,October,10,47,Suffolk,21259,36353,3515558,12916,18417,1807981,8343,17936,1707577
2005,September,9,47,Suffolk,21044,36032,3400131,12823,18358,1751202,8221,17674,1648929
2005,August,8,47,Suffolk,20945,35796,3390702,12688,18183,1742664,8257,17613,1648038
2005,July,7,47,Suffolk,20837,35510,3337103,12630,18059,1717402,8207,17451,1619701
2005,June,6,47,Suffolk,21238,35860,3330101,12984,18227,1701098,8254,17633,1629003
2005,May,5,47,Suffolk,21605,36261,3331857,13389,18663,1711364,8216,17598,1620493
2005,April,4,47,Suffolk,22474,37155,3371835,14215,19504,1745063,8259,17651,1626772
2005,March,3,47,Suffolk,22798,37609,3433981,14558,19864,1783692,8240,17745,1650289
2005,February,2,47,Suffolk,22674,37102,3299846,14767,19959,1732870,7907,17143,1566976
2005,January,1,47,Suffolk,22944,37660,3380483,14994,20433,1784686,7950,17227,1595797
2004,December,12,47,Suffolk,22781,37361,3363829,15034,20511,1788131,7747,16850,1575698
2004,November,11,47,Suffolk,21789,36277,3313558,14253,19774,1772705,7536,16503,1540853
2004,October,10,47,Suffolk,20849,35380,3257649,13401,18980,1733823,7448,16400,1523826
2004,September,9,47,Suffolk,20017,34638,3022315,12520,18083,1597559,7497,16555,1424756
2004,August,8,47,Suffolk,19112,33893,3036556,11604,17223,1594351,7508,16670,1442205
2004,July,7,47,Suffolk,18292,32766,2948121,10924,16446,1540034,7368,16320,1408087
2004,June,6,47,Suffolk,17596,32066,2935818,10198,15661,1527411,7398,16405,1408407
2004,May,5,47,Suffolk,17498,31800,2915639,10199,15578,1516086,7299,16222,1399553
2004,April,4,47,Suffolk,17434,31622,2898309,10208,15711,1532870,7226,15911,1365439
2004,March,3,47,Suffolk,17303,31494,2898373,10175,15723,1542240,7128,15771,1356133
2004,February,2,47,Suffolk,17040,31135,2833154,10077,15647,1521287,6963,15488,1311867
2004,January,1,47,Suffolk,16908,30849,2782019,10006,15522,1497676,6902,15327,1284343
2003,December,12,47,Suffolk,16747,30626,2795647,9833,15344,1488534,6914,15282,1307113
2003,November,11,47,Suffolk,16546,30287,2728677,9637,15126,1445222,6909,15161,1283455
2003,October,10,47,Suffolk,16795,30801,2819661,9786,15328,1493491,7009,15473,1326170
2003,September,9,47,Suffolk,16948,30973,2787037,9880,15402,1474098,7068,15571,1312939
2003,August,8,47,Suffolk,16643,30507,2727319,9699,15223,1446899,6944,15284,1280420
2003,July,7,47,Suffolk,16845,30773,2750767,9841,15292,1467660,7004,15481,1283107
2003,June,6,47,Suffolk,16738,30569,2719513,9744,15101,1433130,6994,15468,1286383
2003,May,5,47,Suffolk,16784,30686,2738193,9788,15217,1450983,6996,15469,1287210
2003,April,4,47,Suffolk,16758,30530,2718981,9802,15235,1456030,6956,15295,1262951
2003,March,3,47,Suffolk,16783,30631,2746896,9912,15432,1479282,6871,15199,1267614
2003,February,2,47,Suffolk,16385,29911,2651701,9676,15124,1426857,6709,14787,1224844
2003,January,1,47,Suffolk,16317,29927,2659552,9716,15303,1451577,6601,14624,1207975
2002,December,12,47,Suffolk,16056,29226,2564669,9585,15016,1405054,6471,14210,1159615
2002,November,11,47,Suffolk,15883,28905,2531378,9542,15025,1397808,6341,13880,1133570
2002,October,10,47,Suffolk,15880,28744,2565673,9637,15208,1439870,6243,13536,1125803
2002,September,9,47,Suffolk,15363,27642,2216514,9338,14616,1254088,6025,13026,962426
2002,August,8,47,Suffolk,15471,27918,2236187,9405,14765,1256562,6066,13153,979625
2002,July,7,47,Suffolk,15421,27809,2232510,9313,14619,1240702,6108,13190,991808
2002,June,6,47,Suffolk,15343,27639,2213143,9309,14555,1236581,6034,13084,976562
2002,May,5,47,Suffolk,15295,27596,2253972,9314,14660,1261356,5981,12936,992616
2002,April,4,47,Suffolk,15127,27246,2218519,9224,14432,1247308,5903,12814,971211
2002,March,3,47,Suffolk,15038,27123,2238079,9223,14531,1275802,5815,12592,962277
2002,February,2,47,Suffolk,14626,26466,2132150,9003,14287,1234474,5623,12179,897676
2002,January,1,47,Suffolk,14571,26375,2156237,8998,14266,1248490,5573,12109,907747
2018,December,12,48,Sullivan,6313,12519,1621892,1851,2299,356124,4462,10220,1265768
2018,November,11,48,Sullivan,6311,12451,1623267,1839,2278,354088,4472,10173,1269179
2018,October,10,48,Sullivan,6331,12505,1627690,1838,2238,347400,4493,10267,1280290
2018,September,9,48,Sullivan,6333,12493,1610850,1833,2246,343182,4500,10247,1267668
2018,August,8,48,Sullivan,6413,12623,1629202,1846,2271,346153,4567,10352,1283049
2018,July,7,48,Sullivan,6417,12650,1599806,1858,2293,337727,4559,10357,1262079
2018,June,6,48,Sullivan,6526,12859,1619011,1887,2326,340815,4639,10533,1278196
2018,May,5,48,Sullivan,6558,12957,1646884,1881,2345,344707,4677,10612,1302177
2018,April,4,48,Sullivan,6629,13102,1632601,1899,2367,341431,4730,10735,1291170
2018,March,3,48,Sullivan,6709,13353,1677709,1921,2431,344600,4788,10922,1333109
2018,February,2,48,Sullivan,6678,13326,1671357,1922,2441,347509,4756,10885,1323848
2018,January,1,48,Sullivan,6688,13346,1673790,1913,2418,345840,4775,10928,1327950
2017,December,12,48,Sullivan,6621,13270,1660845,1909,2427,349238,4712,10843,1311607
2017,November,11,48,Sullivan,6520,12969,1633894,1888,2423,349760,4632,10546,1284134
2017,October,10,48,Sullivan,6493,12889,1632954,1881,2410,352828,4612,10479,1280126
2017,September,9,48,Sullivan,6509,12887,1628884,1868,2384,346586,4641,10503,1282298
2017,August,8,48,Sullivan,6470,12866,1629207,1886,2403,347911,4584,10463,1281296
2017,July,7,48,Sullivan,6536,12933,1609433,1884,2402,338081,4652,10531,1271352
2017,June,6,48,Sullivan,6567,13047,1615840,1902,2439,345544,4665,10608,1270296
2017,May,5,48,Sullivan,6598,13145,1634482,1924,2493,354056,4674,10652,1280426
2017,April,4,48,Sullivan,6595,13189,1640579,1940,2537,358174,4655,10652,1282405
2017,March,3,48,Sullivan,6667,13451,1670433,1942,2567,360343,4725,10884,1310090
2017,February,2,48,Sullivan,6627,13350,1669671,1947,2581,365738,4680,10769,1303933
2017,January,1,48,Sullivan,6624,13373,1673045,1941,2584,366897,4683,10789,1306148
2016,December,12,48,Sullivan,6640,13396,1688746,1926,2550,363939,4714,10846,1324807
2016,November,11,48,Sullivan,6557,13123,1654965,1904,2503,365567,4653,10620,1289398
2016,October,10,48,Sullivan,6511,13089,1654082,1896,2497,353582,4615,10592,1300500
2016,September,9,48,Sullivan,6501,13122,1662826,1877,2492,356491,4624,10630,1306335
2016,August,8,48,Sullivan,6523,13153,1682121,1895,2519,363323,4628,10634,1318798
2016,July,7,48,Sullivan,6603,13267,1689428,1930,2583,371394,4673,10684,1318034
2016,June,6,48,Sullivan,6650,13340,1704699,1927,2558,367035,4723,10782,1337664
2016,May,5,48,Sullivan,6683,13393,1713583,1942,2587,370394,4741,10806,1343189
2016,April,4,48,Sullivan,6666,13326,1701803,1939,2592,370814,4727,10734,1330989
2016,March,3,48,Sullivan,6684,13285,1718150,1935,2600,375594,4749,10685,1342556
2016,February,2,48,Sullivan,6660,13182,1703763,1951,2616,376511,4709,10566,1327252
2016,January,1,48,Sullivan,6639,13173,1691322,1946,2612,376559,4693,10561,1314763
2015,December,12,48,Sullivan,6525,12901,1664095,1947,2616,377068,4578,10285,1287027
2015,November,11,48,Sullivan,6425,12719,1641796,1958,2642,384910,4467,10077,1256886
2015,October,10,48,Sullivan,6444,12772,1657365,1942,2646,383242,4502,10126,1274123
2015,September,9,48,Sullivan,6410,12641,1639140,1946,2644,384158,4464,9997,1254982
2015,August,8,48,Sullivan,6333,12524,1623554,1939,2641,382681,4394,9883,1240873
2015,July,7,48,Sullivan,6379,12517,1621385,1965,2709,385478,4414,9808,1235907
2015,June,6,48,Sullivan,6363,12524,1620650,1967,2720,389041,4396,9804,1231609
2015,May,5,48,Sullivan,6323,12458,1652120,1953,2677,392365,4370,9781,1259755
2015,April,4,48,Sullivan,6275,12305,1655078,1925,2642,388413,4350,9663,1266665
2015,March,3,48,Sullivan,6141,12083,1654835,1906,2614,391010,4235,9469,1263825
2015,February,2,48,Sullivan,6061,11908,1635237,1885,2580,385564,4176,9328,1249673
2015,January,1,48,Sullivan,6005,11838,1614806,1880,2555,386119,4125,9283,1228687
2014,December,12,48,Sullivan,6020,11921,1623754,1771,2282,352126,4249,9639,1271628
2014,November,11,48,Sullivan,5989,11939,1611692,1767,2280,350704,4222,9659,1260988
2014,October,10,48,Sullivan,6140,12176,1651887,1809,2396,373117,4331,9780,1278770
2014,September,9,48,Sullivan,6123,12108,1563967,1820,2409,362815,4303,9699,1201152
2014,August,8,48,Sullivan,6187,12285,1590047,1854,2469,375462,4333,9816,1214585
2014,July,7,48,Sullivan,6282,12535,1635231,1854,2461,381014,4428,10074,1254217
2014,June,6,48,Sullivan,6377,12679,1664124,1870,2486,384356,4507,10193,1279768
2014,May,5,48,Sullivan,6464,12946,1727469,1898,2559,399232,4566,10387,1328237
2014,April,4,48,Sullivan,6386,12706,1695279,1914,2602,408760,4472,10104,1286519
2014,March,3,48,Sullivan,6370,12632,1718782,1906,2595,403663,4464,10037,1315119
2014,February,2,48,Sullivan,6353,12702,1693805,1925,2598,406384,4428,10104,1287421
2014,January,1,48,Sullivan,6455,12874,1712964,1962,2679,420405,4493,10195,1292559
2013,December,12,48,Sullivan,6437,12972,1714280,1959,2708,426321,4478,10264,1287959
2013,November,11,48,Sullivan,7113,13670,2293895,2181,2983,597265,4932,10687,1696630
2013,October,10,48,Sullivan,6523,13147,1836071,2040,2821,463578,4483,10326,1372493
2013,September,9,48,Sullivan,6558,13237,1821950,2064,2886,464854,4494,10351,1357096
2013,August,8,48,Sullivan,6642,13452,1868581,2100,2942,473608,4542,10510,1394973
2013,July,7,48,Sullivan,6632,13492,1853234,2104,2945,471474,4528,10547,1381760
2013,June,6,48,Sullivan,6705,13654,1871952,2107,2952,474933,4598,10702,1397019
2013,May,5,48,Sullivan,6795,13813,1901998,2129,3006,482723,4666,10807,1419275
2013,April,4,48,Sullivan,6721,13642,1878798,2133,3012,486755,4588,10630,1392043
2013,March,3,48,Sullivan,6777,13783,1908558,2150,3085,497838,4627,10698,1410720
2013,February,2,48,Sullivan,6641,13496,1853840,2139,3074,492005,4502,10422,1361835
2013,January,1,48,Sullivan,6644,13480,1894511,2158,3088,495315,4486,10392,1399196
2012,December,12,48,Sullivan,6515,13225,1828217,2155,3093,500029,4360,10132,1328188
2012,November,11,48,Sullivan,6650,13471,2713011,2194,3155,744572,4456,10316,1968439
2012,October,10,48,Sullivan,6375,12872,1785438,2153,3073,493311,4222,9799,1292127
2012,September,9,48,Sullivan,6351,12778,1762766,2115,2981,481838,4236,9797,1280928
2012,August,8,48,Sullivan,6361,12810,1766790,2147,3085,497196,4214,9725,1269594
2012,July,7,48,Sullivan,6284,12654,1735526,2152,3092,500592,4132,9562,1234934
2012,June,6,48,Sullivan,6294,12625,1735055,2186,3141,511341,4108,9484,1223714
2012,May,5,48,Sullivan,6294,12567,1733624,2155,3103,505693,4139,9464,1227931
2012,April,4,48,Sullivan,6277,12548,1724943,2153,3095,499760,4124,9453,1225183
2012,March,3,48,Sullivan,6280,12565,1774381,2171,3112,534685,4109,9453,1239696
2012,February,2,48,Sullivan,6184,12434,1706729,2141,3082,496532,4043,9352,1210197
2012,January,1,48,Sullivan,6180,12378,1730302,2153,3064,501191,4027,9314,1229111
2011,December,12,48,Sullivan,5996,12022,1705504,2130,3019,505143,3866,9003,1200361
2011,November,11,48,Sullivan,5791,11541,1640921,2103,2986,496560,3688,8555,1144361
2011,October,10,48,Sullivan,5718,11388,1607245,2081,2950,486359,3637,8438,1120886
2011,September,9,48,Sullivan,5741,11461,1635532,2054,2909,479631,3687,8552,1155901
2011,August,8,48,Sullivan,5602,11194,1588601,2019,2859,467754,3583,8335,1120847
2011,July,7,48,Sullivan,5599,11104,1557242,2081,2911,479270,3518,8193,1077972
2011,June,6,48,Sullivan,5697,11280,1577072,2103,2944,479922,3594,8336,1097150
2011,May,5,48,Sullivan,5719,11263,1580460,2121,2945,484378,3598,8318,1096082
2011,April,4,48,Sullivan,5670,11202,1557021,2146,2974,487172,3524,8228,1069849
2011,March,3,48,Sullivan,5680,11234,1583618,2160,2997,500293,3520,8237,1083325
2011,February,2,48,Sullivan,5615,11141,1550193,2160,2990,497911,3455,8151,1052282
2011,January,1,48,Sullivan,5592,11165,1559150,2114,2901,479814,3478,8264,1079336
2010,December,12,48,Sullivan,5544,11084,1545480,2073,2832,469972,3471,8252,1075508
2010,November,11,48,Sullivan,5407,10800,1503673,2054,2829,470460,3353,7971,1033213
2010,October,10,48,Sullivan,5311,10669,1480604,2056,2819,468053,3255,7850,1012551
2010,September,9,48,Sullivan,5283,10557,1462319,1986,2741,453206,3297,7816,1009113
2010,August,8,48,Sullivan,5258,10515,1459583,2007,2791,457498,3251,7724,1002085
2010,July,7,48,Sullivan,5224,10436,1446703,2021,2810,461255,3203,7626,985448
2010,June,6,48,Sullivan,5191,10474,1450413,2005,2789,459549,3186,7685,990864
2010,May,5,48,Sullivan,5154,10424,1448103,2003,2790,462358,3151,7634,985745
2010,April,4,48,Sullivan,5196,10450,1460264,2006,2775,464451,3190,7675,995813
2010,March,3,48,Sullivan,5152,10417,1453383,1983,2739,457519,3169,7678,995864
2010,February,2,48,Sullivan,5020,10173,1429997,1951,2700,449501,3069,7473,980496
2010,January,1,48,Sullivan,5001,10106,1431195,1958,2736,453434,3043,7370,977761
2009,December,12,48,Sullivan,4863,9827,1396400,1957,2713,453259,2906,7114,943141
2009,November,11,48,Sullivan,4699,9444,1339170,1911,2622,438172,2788,6822,900998
2009,October,10,48,Sullivan,4582,9139,1299874,1889,2580,432456,2693,6559,867418
2009,September,9,48,Sullivan,4493,8950,1269445,1833,2460,412064,2660,6490,857381
2009,August,8,48,Sullivan,4405,8793,1243837,1801,2428,407523,2604,6365,836314
2009,July,7,48,Sullivan,4354,8727,1239665,1789,2443,407253,2565,6284,832412
2009,June,6,48,Sullivan,4339,8697,1242647,1798,2446,409978,2541,6251,832669
2009,May,5,48,Sullivan,4261,8489,1205455,1780,2437,408335,2481,6052,797120
2009,April,4,48,Sullivan,4246,8437,1212161,1801,2470,415730,2445,5967,796431
2009,March,3,48,Sullivan,4098,8208,1020120,1712,2341,343375,2386,5867,676745
2009,February,2,48,Sullivan,4055,8026,1000080,1716,2338,346722,2339,5688,653358
2009,January,1,48,Sullivan,3975,7945,932918,1690,2295,315847,2285,5650,617071
2008,December,12,48,Sullivan,3879,7686,921100,1647,2204,305557,2232,5482,615543
2008,November,11,48,Sullivan,3767,7430,892539,1662,2217,307204,2105,5213,585335
2008,October,10,48,Sullivan,3761,7368,893084,1707,2259,315745,2054,5109,577339
2008,September,9,48,Sullivan,3627,7082,659092,1631,2115,208937,1996,4967,450155
2008,August,8,48,Sullivan,3674,7150,655646,1647,2136,208289,2027,5014,447357
2008,July,7,48,Sullivan,3694,7143,660576,1640,2105,204163,2054,5038,456413
2008,June,6,48,Sullivan,3688,7136,659736,1655,2147,209953,2033,4989,449783
2008,May,5,48,Sullivan,3662,7068,654559,1650,2132,211156,2012,4936,443403
2008,April,4,48,Sullivan,3617,7008,641436,1630,2120,210598,1987,4888,430838
2008,March,3,48,Sullivan,3593,6962,648500,1635,2107,208636,1958,4855,439864
2008,February,2,48,Sullivan,3584,6993,670527,1642,2138,214387,1942,4855,456140
2008,January,1,48,Sullivan,3500,6816,653211,1651,2175,225370,1849,4641,427841
2007,December,12,48,Sullivan,3467,6762,642660,1631,2141,214999,1836,4621,427661
2007,November,11,48,Sullivan,3415,6697,635971,1614,2112,208969,1801,4585,427002
2007,October,10,48,Sullivan,3407,6691,632747,1621,2161,212464,1786,4530,420283
2007,September,9,48,Sullivan,3380,6647,585551,1601,2128,195554,1779,4519,389997
2007,August,8,48,Sullivan,3351,6647,584157,1609,2182,200443,1742,4465,383714
2007,July,7,48,Sullivan,3346,6642,585786,1617,2199,203589,1729,4443,382197
2007,June,6,48,Sullivan,3349,6676,595069,1632,2265,210898,1717,4411,384171
2007,May,5,48,Sullivan,3358,6707,606762,1624,2257,214258,1734,4450,392504
2007,April,4,48,Sullivan,3365,6667,595096,1630,2251,214542,1735,4416,380554
2007,March,3,48,Sullivan,3415,6828,605971,1621,2246,210122,1794,4582,395849
2007,February,2,48,Sullivan,3363,6710,596675,1610,2230,207954,1753,4480,388721
2007,January,1,48,Sullivan,3422,6745,604957,1632,2260,212415,1790,4485,392542
2006,December,12,48,Sullivan,3394,6707,608508,1644,2249,214418,1750,4458,394090
2006,November,11,48,Sullivan,3320,6505,590880,1627,2233,214244,1693,4272,376636
2006,October,10,48,Sullivan,3275,6360,568267,1602,2212,208976,1673,4148,359291
2006,September,9,48,Sullivan,3296,6475,561261,1584,2226,204344,1712,4249,356917
2006,August,8,48,Sullivan,3284,6388,547692,1582,2207,201269,1702,4181,346423
2006,July,7,48,Sullivan,3305,6444,559931,1594,2244,203374,1711,4200,356557
2006,June,6,48,Sullivan,3304,6521,564213,1569,2203,199792,1735,4318,364421
2006,May,5,48,Sullivan,3285,6470,559446,1551,2169,195337,1734,4301,364109
2006,April,4,48,Sullivan,3270,6438,565903,1557,2208,202861,1713,4230,363042
2006,March,3,48,Sullivan,3242,6430,562607,1547,2192,200014,1695,4238,362593
2006,February,2,48,Sullivan,3224,6346,554771,1530,2130,195643,1694,4216,359128
2006,January,1,48,Sullivan,3197,6306,538912,1538,2168,192662,1659,4138,346250
2005,December,12,48,Sullivan,3224,6380,555385,1516,2146,192424,1708,4234,362961
2005,November,11,48,Sullivan,3191,6271,547721,1516,2123,193170,1675,4148,354551
2005,October,10,48,Sullivan,3089,6075,529106,1492,2077,187495,1597,3998,341611
2005,September,9,48,Sullivan,3023,5983,513486,1448,2040,179128,1575,3943,334358
2005,August,8,48,Sullivan,2896,5818,504980,1358,1960,172567,1538,3858,332413
2005,July,7,48,Sullivan,2861,5814,496962,1379,1984,176797,1482,3830,320165
2005,June,6,48,Sullivan,3016,5987,512847,1472,2087,185257,1544,3900,327590
2005,May,5,48,Sullivan,3099,6066,526421,1512,2094,183859,1587,3972,342562
2005,April,4,48,Sullivan,3134,6132,523176,1549,2136,186054,1585,3996,337122
2005,March,3,48,Sullivan,3120,6112,521383,1572,2159,185886,1548,3953,335497
2005,February,2,48,Sullivan,3111,6045,514906,1579,2139,181567,1532,3906,333339
2005,January,1,48,Sullivan,3131,6123,515932,1593,2183,185179,1538,3940,330753
2004,December,12,48,Sullivan,3132,6091,519398,1583,2131,181134,1549,3960,338264
2004,November,11,48,Sullivan,3036,5827,491963,1524,2023,169439,1512,3804,322524
2004,October,10,48,Sullivan,2973,5830,497391,1461,1997,174355,1512,3833,323036
2004,September,9,48,Sullivan,2801,5572,432438,1350,1870,148946,1451,3702,283492
2004,August,8,48,Sullivan,2755,5542,443447,1285,1823,153679,1470,3719,289768
2004,July,7,48,Sullivan,2712,5483,431503,1263,1817,152855,1449,3666,278648
2004,June,6,48,Sullivan,2669,5420,429502,1231,1817,155791,1438,3603,273711
2004,May,5,48,Sullivan,2655,5422,433633,1238,1844,158859,1417,3578,274774
2004,April,4,48,Sullivan,2701,5410,432401,1252,1846,159969,1449,3564,272432
2004,March,3,48,Sullivan,2632,5390,437116,1209,1801,162222,1423,3589,274894
2004,February,2,48,Sullivan,2609,5333,426639,1192,1759,151951,1417,3574,274688
2004,January,1,48,Sullivan,2582,5310,423807,1174,1748,151824,1408,3562,271983
2003,December,12,48,Sullivan,2546,5166,407431,1140,1672,142014,1406,3494,265417
2003,November,11,48,Sullivan,2516,5099,405668,1127,1636,139083,1389,3463,266585
2003,October,10,48,Sullivan,2514,5071,404520,1121,1622,141510,1393,3449,263010
2003,September,9,48,Sullivan,2506,5106,391642,1110,1612,134513,1396,3494,257129
2003,August,8,48,Sullivan,2457,4959,377860,1102,1591,133101,1355,3368,244759
2003,July,7,48,Sullivan,2466,4986,382748,1141,1663,141457,1325,3323,241291
2003,June,6,48,Sullivan,2521,5125,402020,1148,1683,146265,1373,3442,255755
2003,May,5,48,Sullivan,2505,5096,398268,1115,1632,143180,1390,3464,255088
2003,April,4,48,Sullivan,2462,5006,392013,1092,1579,135186,1370,3427,256827
2003,March,3,48,Sullivan,2457,4985,389479,1089,1591,136656,1368,3394,252823
2003,February,2,48,Sullivan,2403,4937,383785,1086,1587,136814,1317,3350,246971
2003,January,1,48,Sullivan,2332,4845,371428,1048,1558,134462,1284,3287,236966
2002,December,12,48,Sullivan,2332,4750,377841,1046,1528,133693,1286,3222,244148
2002,November,11,48,Sullivan,2286,4609,362163,1051,1551,136007,1235,3058,226156
2002,October,10,48,Sullivan,2274,4524,350337,1047,1483,128121,1227,3041,222216
2002,September,9,48,Sullivan,2237,4475,325887,1015,1440,117680,1222,3035,208207
2002,August,8,48,Sullivan,2246,4434,315546,1017,1420,115478,1229,3014,200068
2002,July,7,48,Sullivan,2270,4461,320114,1039,1446,117146,1231,3015,202968
2002,June,6,48,Sullivan,2300,4572,337188,1049,1478,123298,1251,3094,213890
2002,May,5,48,Sullivan,2270,4533,326767,1042,1491,121879,1228,3042,204888
2002,April,4,48,Sullivan,2250,4564,333362,1048,1515,124160,1202,3049,209202
2002,March,3,48,Sullivan,2250,4561,334441,1051,1539,127377,1199,3022,207064
2002,February,2,48,Sullivan,2172,4400,337737,1014,1487,130588,1158,2913,207149
2002,January,1,48,Sullivan,2089,4280,322810,948,1420,121450,1141,2860,201360
2018,December,12,49,Tioga,2651,5042,559996,745,923,139243,1906,4119,420753
2018,November,11,49,Tioga,2654,5069,555849,738,923,136940,1916,4146,418909
2018,October,10,49,Tioga,2650,5053,557905,759,946,142668,1891,4107,415237
2018,September,9,49,Tioga,2665,5085,557412,762,962,143933,1903,4123,413479
2018,August,8,49,Tioga,2704,5169,568724,768,981,145520,1936,4188,423204
2018,July,7,49,Tioga,2733,5244,571371,769,966,142352,1964,4278,429019
2018,June,6,49,Tioga,2720,5240,570233,782,972,142035,1938,4268,428198
2018,May,5,49,Tioga,2761,5335,576199,784,984,143494,1977,4351,432705
2018,April,4,49,Tioga,2764,5358,576316,777,982,141976,1987,4376,434340
2018,March,3,49,Tioga,2785,5438,585013,771,970,142049,2014,4468,442964
2018,February,2,49,Tioga,2749,5371,572859,770,963,140942,1979,4408,431917
2018,January,1,49,Tioga,2786,5424,590648,773,975,145368,2013,4449,445280
2017,December,12,49,Tioga,2767,5416,589623,777,984,148943,1990,4432,440680
2017,November,11,49,Tioga,2753,5323,586745,772,986,147180,1981,4337,439565
2017,October,10,49,Tioga,2774,5387,601657,772,988,150128,2002,4399,451529
2017,September,9,49,Tioga,2768,5429,609667,761,971,144851,2007,4458,464816
2017,August,8,49,Tioga,2801,5508,619588,765,997,148585,2036,4511,471003
2017,July,7,49,Tioga,2791,5499,618150,764,997,149248,2027,4502,468902
2017,June,6,49,Tioga,2815,5599,651179,769,1027,159940,2046,4572,491239
2017,May,5,49,Tioga,2835,5647,628401,764,1014,148643,2071,4633,479758
2017,April,4,49,Tioga,2868,5726,629615,767,1024,150270,2101,4702,479345
2017,March,3,49,Tioga,2891,5794,635919,766,1020,150337,2125,4774,485582
2017,February,2,49,Tioga,2902,5833,638620,759,1011,148095,2143,4822,490525
2017,January,1,49,Tioga,2894,5834,634358,760,1006,146923,2134,4828,487435
2016,December,12,49,Tioga,2884,5836,635428,771,1025,151850,2113,4811,483578
2016,November,11,49,Tioga,2854,5742,630688,761,1010,148714,2093,4732,481974
2016,October,10,49,Tioga,2890,5823,643334,775,1048,152272,2115,4775,491062
2016,September,9,49,Tioga,2914,5868,658316,770,1032,150883,2144,4836,507433
2016,August,8,49,Tioga,2957,5968,679638,785,1067,156189,2172,4901,523449
2016,July,7,49,Tioga,2959,5984,688257,788,1079,156762,2171,4905,531495
2016,June,6,49,Tioga,2964,5981,685090,791,1096,159123,2173,4885,525967
2016,May,5,49,Tioga,2991,6108,701274,800,1104,158661,2191,5004,542613
2016,April,4,49,Tioga,3076,6199,715176,799,1089,158390,2277,5110,556786
2016,March,3,49,Tioga,3112,6339,738303,801,1099,159776,2311,5240,578527
2016,February,2,49,Tioga,3123,6374,740913,801,1090,158258,2322,5284,582655
2016,January,1,49,Tioga,3113,6335,734306,804,1097,162415,2309,5238,571891
2015,December,12,49,Tioga,3086,6246,722549,814,1114,164023,2272,5132,558526
2015,November,11,49,Tioga,3067,6211,721821,803,1092,161688,2264,5119,560133
2015,October,10,49,Tioga,3072,6206,719761,801,1091,159471,2271,5115,560290
2015,September,9,49,Tioga,3083,6212,726392,800,1077,159461,2283,5135,566931
2015,August,8,49,Tioga,3077,6184,725791,794,1050,158406,2283,5134,567385
2015,July,7,49,Tioga,3118,6309,737579,781,1033,153162,2337,5276,584417
2015,June,6,49,Tioga,3154,6419,756995,797,1055,159743,2357,5364,597252
2015,May,5,49,Tioga,3183,6506,755225,795,1064,155972,2388,5442,599253
2015,April,4,49,Tioga,3206,6548,761659,793,1048,153095,2413,5500,608564
2015,March,3,49,Tioga,3226,6591,769503,805,1099,159258,2421,5492,610245
2015,February,2,49,Tioga,3239,6610,768016,805,1111,160687,2434,5499,607329
2015,January,1,49,Tioga,3236,6616,782726,802,1101,160293,2434,5515,622433
2014,December,12,49,Tioga,3176,6476,757028,722,890,138577,2454,5586,618451
2014,November,11,49,Tioga,3164,6420,759818,740,909,142155,2424,5511,617663
2014,October,10,49,Tioga,3139,6334,750200,730,884,139554,2409,5450,610646
2014,September,9,49,Tioga,3100,6255,712639,712,855,129216,2388,5400,583423
2014,August,8,49,Tioga,3114,6288,713958,716,861,129582,2398,5427,584376
2014,July,7,49,Tioga,3159,6427,723701,718,900,134008,2441,5527,589693
2014,June,6,49,Tioga,3197,6546,736407,709,901,134381,2488,5645,602026
2014,May,5,49,Tioga,3250,6639,759294,717,899,136892,2533,5740,622402
2014,April,4,49,Tioga,3249,6727,765808,717,917,138689,2532,5810,627119
2014,March,3,49,Tioga,3240,6655,760096,732,968,143599,2508,5687,616497
2014,February,2,49,Tioga,3191,6544,751119,730,928,142170,2461,5616,608949
2014,January,1,49,Tioga,3161,6473,738480,737,960,144381,2424,5513,594099
2013,December,12,49,Tioga,3091,6374,725703,724,926,141098,2367,5448,584605
2013,November,11,49,Tioga,3155,6429,786080,747,950,155321,2408,5479,630759
2013,October,10,49,Tioga,3038,6295,779666,724,918,151908,2314,5377,627758
2013,September,9,49,Tioga,3021,6333,772994,723,952,151449,2298,5381,621545
2013,August,8,49,Tioga,3081,6499,795683,713,899,144854,2368,5600,650829
2013,July,7,49,Tioga,3049,6445,787892,713,912,147922,2336,5533,639970
2013,June,6,49,Tioga,3068,6470,778290,707,906,144028,2361,5564,634262
2013,May,5,49,Tioga,3086,6512,787736,713,914,147797,2373,5598,639939
2013,April,4,49,Tioga,3106,6535,795072,725,936,151029,2381,5599,644043
2013,March,3,49,Tioga,3123,6575,804907,711,910,147162,2412,5665,657745
2013,February,2,49,Tioga,3098,6538,794831,705,903,145158,2393,5635,649673
2013,January,1,49,Tioga,3083,6527,794524,705,912,146868,2378,5615,647656
2012,December,12,49,Tioga,3026,6421,781458,702,914,148180,2324,5507,633278
2012,November,11,49,Tioga,3002,6332,778049,702,909,147791,2300,5423,630258
2012,October,10,49,Tioga,2987,6301,779087,670,846,143835,2317,5455,635252
2012,September,9,49,Tioga,2956,6216,771871,672,859,138721,2284,5357,633150
2012,August,8,49,Tioga,2956,6232,788602,673,844,137933,2283,5388,650669
2012,July,7,49,Tioga,2917,6101,764177,671,833,138063,2246,5268,626114
2012,June,6,49,Tioga,2950,6245,782518,677,836,137108,2273,5409,645410
2012,May,5,49,Tioga,2923,6170,769961,662,814,136232,2261,5356,633729
2012,April,4,49,Tioga,2915,6230,766686,678,840,138038,2237,5390,628648
2012,March,3,49,Tioga,2968,6322,803513,696,876,153663,2272,5446,649850
2012,February,2,49,Tioga,2976,6362,788071,715,908,147285,2261,5454,640786
2012,January,1,49,Tioga,2956,6346,791803,704,912,148868,2252,5434,642935
2011,December,12,49,Tioga,2951,6282,796926,703,886,145925,2248,5396,651001
2011,November,11,49,Tioga,2883,6123,783100,709,904,150568,2174,5219,632532
2011,October,10,49,Tioga,3587,8025,1400084,735,960,190232,2852,7065,1209852
2011,September,9,49,Tioga,3435,7714,1243030,699,887,182177,2736,6827,1060853
2011,August,8,49,Tioga,2911,6240,784644,676,847,138840,2235,5393,645804
2011,July,7,49,Tioga,2897,6217,774728,689,899,146933,2208,5318,627795
2011,June,6,49,Tioga,2917,6280,799258,674,873,142247,2243,5407,657011
2011,May,5,49,Tioga,2875,6178,770595,659,831,136468,2216,5347,634127
2011,April,4,49,Tioga,2935,6314,789198,676,874,144295,2259,5440,644903
2011,March,3,49,Tioga,2929,6345,812833,690,894,150823,2239,5451,662010
2011,February,2,49,Tioga,2887,6244,786028,693,888,149099,2194,5356,636929
2011,January,1,49,Tioga,2917,6320,796391,688,886,147720,2229,5434,648671
2010,December,12,49,Tioga,2915,6287,791565,701,906,150040,2214,5381,641525
2010,November,11,49,Tioga,2850,6145,780195,702,921,153469,2148,5224,626726
2010,October,10,49,Tioga,2836,6109,778946,717,958,160063,2119,5151,618883
2010,September,9,49,Tioga,2831,6126,780121,704,936,155361,2127,5190,624760
2010,August,8,49,Tioga,2807,6089,775377,702,930,155308,2105,5159,620069
2010,July,7,49,Tioga,2822,6132,780791,700,926,155583,2122,5206,625208
2010,June,6,49,Tioga,2820,6121,773860,699,929,155293,2121,5192,618567
2010,May,5,49,Tioga,2834,6192,784090,695,936,156732,2139,5256,627358
2010,April,4,49,Tioga,2805,6124,777740,689,933,156292,2116,5191,621448
2010,March,3,49,Tioga,2777,6090,784588,702,971,160647,2075,5119,623941
2010,February,2,49,Tioga,2723,5995,777389,700,973,163870,2023,5022,613519
2010,January,1,49,Tioga,2714,6006,784405,714,1004,168747,2000,5002,615658
2009,December,12,49,Tioga,2692,5970,772544,717,1003,166504,1975,4967,606040
2009,November,11,49,Tioga,2586,5727,741425,697,965,160448,1889,4762,580977
2009,October,10,49,Tioga,2544,5665,738335,704,962,161607,1840,4703,576728
2009,September,9,49,Tioga,2499,5571,721593,671,896,151818,1828,4675,569775
2009,August,8,49,Tioga,2426,5460,708180,647,866,146249,1779,4594,561931
2009,July,7,49,Tioga,2406,5427,702815,659,886,149494,1747,4541,553321
2009,June,6,49,Tioga,2361,5325,694631,657,883,148990,1704,4442,545641
2009,May,5,49,Tioga,2340,5273,695581,657,879,148169,1683,4394,547412
2009,April,4,49,Tioga,2294,5180,677193,667,905,151494,1627,4275,525699
2009,March,3,49,Tioga,2252,5047,573820,697,948,139412,1555,4099,434408
2009,February,2,49,Tioga,2190,4906,567746,694,936,136785,1496,3970,430961
2009,January,1,49,Tioga,2123,4734,500891,686,912,118001,1437,3822,382890
2008,December,12,49,Tioga,2054,4551,493858,658,860,115503,1396,3691,378355
2008,November,11,49,Tioga,1994,4379,476712,662,857,112783,1332,3522,363929
2008,October,10,49,Tioga,1961,4291,470410,662,881,115364,1299,3410,355046
2008,September,9,49,Tioga,1943,4202,406289,659,872,96993,1284,3330,309296
2008,August,8,49,Tioga,1938,4195,416695,655,871,97031,1283,3324,319664
2008,July,7,49,Tioga,1914,4144,411399,657,865,98677,1257,3279,312722
2008,June,6,49,Tioga,1892,4107,397094,646,856,94077,1246,3251,303017
2008,May,5,49,Tioga,1886,4088,397338,655,876,95850,1231,3212,301488
2008,April,4,49,Tioga,1881,4078,399391,659,891,99344,1222,3187,300047
2008,March,3,49,Tioga,1872,4059,396238,659,897,99464,1213,3162,296774
2008,February,2,49,Tioga,1866,4034,397304,655,898,99226,1211,3136,298078
2008,January,1,49,Tioga,1841,4013,396913,642,871,97577,1199,3142,299336
2007,December,12,49,Tioga,1832,4011,397724,629,865,97357,1203,3146,300367
2007,November,11,49,Tioga,1799,3926,395820,624,851,97797,1175,3075,298023
2007,October,10,49,Tioga,1768,3810,388422,610,820,94936,1158,2990,293486
2007,September,9,49,Tioga,1761,3832,359625,611,838,88371,1150,2994,271254
2007,August,8,49,Tioga,1779,3883,369765,600,807,86341,1179,3076,283424
2007,July,7,49,Tioga,1757,3824,350712,596,805,85968,1161,3019,264744
2007,June,6,49,Tioga,1800,3935,371763,616,845,89156,1184,3090,282607
2007,May,5,49,Tioga,1780,3898,368304,607,839,89684,1173,3059,278620
2007,April,4,49,Tioga,1784,3906,366393,608,831,88691,1176,3075,277702
2007,March,3,49,Tioga,1803,3998,373309,616,859,91785,1187,3139,281524
2007,February,2,49,Tioga,1795,3940,363513,624,863,90813,1171,3077,272700
2007,January,1,49,Tioga,1814,4010,382815,619,838,89437,1195,3172,293378
2006,December,12,49,Tioga,1786,3908,369675,625,858,91564,1161,3050,278111
2006,November,11,49,Tioga,1794,3941,372956,633,886,96517,1161,3055,276439
2006,October,10,49,Tioga,1780,3922,366342,642,925,96680,1138,2997,269662
2006,September,9,49,Tioga,1783,3923,362158,634,913,97231,1149,3010,264927
2006,August,8,49,Tioga,1778,3876,361258,627,915,96568,1151,2961,264690
2006,July,7,49,Tioga,2008,4521,468803,635,924,102580,1373,3597,366223
2006,June,6,49,Tioga,1800,3941,365537,644,946,100252,1156,2995,265285
2006,May,5,49,Tioga,1787,3917,361648,655,991,104430,1132,2926,257218
2006,April,4,49,Tioga,1788,3933,364204,665,1016,108776,1123,2917,255428
2006,March,3,49,Tioga,1837,4076,376942,667,1030,109439,1170,3046,267503
2006,February,2,49,Tioga,1785,3966,366446,654,998,106482,1131,2968,259964
2006,January,1,49,Tioga,1821,4068,372398,670,1025,106332,1151,3043,266066
2005,December,12,49,Tioga,1817,4050,379286,681,1061,114231,1136,2989,265055
2005,November,11,49,Tioga,1763,3944,367212,647,1006,109444,1116,2938,257768
2005,October,10,49,Tioga,1760,3920,376394,666,1037,112983,1094,2883,263411
2005,September,9,49,Tioga,1694,3783,349380,626,983,101816,1068,2800,247564
2005,August,8,49,Tioga,1681,3736,340593,620,962,99212,1061,2774,241381
2005,July,7,49,Tioga,1686,3743,343048,618,954,98250,1068,2789,244798
2005,June,6,49,Tioga,1683,3711,340408,619,936,96026,1064,2775,244382
2005,May,5,49,Tioga,1681,3716,341732,626,944,96619,1055,2772,245113
2005,April,4,49,Tioga,1687,3689,337601,647,993,101687,1040,2696,235914
2005,March,3,49,Tioga,1708,3722,343171,665,1002,102177,1043,2720,240994
2005,February,2,49,Tioga,1684,3666,336966,664,985,100899,1020,2681,236067
2005,January,1,49,Tioga,1688,3698,328884,669,990,99204,1019,2708,229680
2004,December,12,49,Tioga,1681,3678,338592,666,991,99699,1015,2687,238893
2004,November,11,49,Tioga,1626,3534,328907,661,988,100375,965,2546,228532
2004,October,10,49,Tioga,1585,3457,319335,647,959,97562,938,2498,221773
2004,September,9,49,Tioga,1565,3475,300018,619,932,90208,946,2543,209810
2004,August,8,49,Tioga,1532,3421,295595,601,934,91598,931,2487,203997
2004,July,7,49,Tioga,1522,3386,293252,590,895,89118,932,2491,204134
2004,June,6,49,Tioga,1512,3429,293804,568,882,88205,944,2547,205599
2004,May,5,49,Tioga,1503,3383,288359,560,885,85953,943,2498,202406
2004,April,4,49,Tioga,1509,3406,289510,562,893,89452,947,2513,200058
2004,March,3,49,Tioga,1528,3459,294194,579,908,89807,949,2551,204387
2004,February,2,49,Tioga,1520,3459,293788,575,910,91888,945,2549,201900
2004,January,1,49,Tioga,1504,3427,287557,574,914,90716,930,2513,196841
2003,December,12,49,Tioga,1460,3328,280226,547,863,84955,913,2465,195271
2003,November,11,49,Tioga,1444,3274,281624,560,877,89201,884,2397,192423
2003,October,10,49,Tioga,1406,3206,269648,546,875,87713,860,2331,181935
2003,September,9,49,Tioga,1408,3172,260344,546,880,85397,862,2292,174947
2003,August,8,49,Tioga,1408,3202,262911,545,878,84667,863,2324,178244
2003,July,7,49,Tioga,1418,3191,261154,542,844,80907,876,2347,180247
2003,June,6,49,Tioga,1388,3107,256431,527,827,79130,861,2280,177301
2003,May,5,49,Tioga,1382,3104,256314,535,844,80435,847,2260,175879
2003,April,4,49,Tioga,1373,3089,255889,542,864,83371,831,2225,172518
2003,March,3,49,Tioga,1361,3077,254802,557,904,87839,804,2173,166963
2003,February,2,49,Tioga,1318,2977,240095,529,819,79000,789,2158,161095
2003,January,1,49,Tioga,1281,2899,234714,524,811,78947,757,2088,155767
2002,December,12,49,Tioga,1252,2782,227601,521,795,76252,731,1987,151349
2002,November,11,49,Tioga,1225,2704,221167,531,800,77922,694,1904,143245
2002,October,10,49,Tioga,1179,2610,214749,509,756,72493,670,1854,142256
2002,September,9,49,Tioga,1150,2528,192266,497,754,67007,653,1774,125259
2002,August,8,49,Tioga,1134,2491,189648,511,788,70083,623,1703,119565
2002,July,7,49,Tioga,1129,2499,190401,499,775,70114,630,1724,120287
2002,June,6,49,Tioga,1132,2487,191950,496,774,69220,636,1713,122730
2002,May,5,49,Tioga,1122,2471,190120,492,755,69367,630,1716,120753
2002,April,4,49,Tioga,1117,2478,188388,491,764,68332,626,1714,120056
2002,March,3,49,Tioga,1127,2481,189769,492,760,68410,635,1721,121359
2002,February,2,49,Tioga,1094,2438,181676,477,725,64192,617,1713,117484
2002,January,1,49,Tioga,1091,2435,184920,465,702,62200,626,1733,122720
2016,June,6,5,Cayuga,5319,10060,1241297,1596,2338,348405,3723,7722,892892
2016,May,5,5,Cayuga,5384,10153,1260144,1616,2377,355587,3768,7776,904557
2016,April,4,5,Cayuga,5496,10346,1289563,1635,2425,361579,3861,7921,927984
2016,March,3,5,Cayuga,5570,10452,1305350,1649,2465,368417,3921,7987,936933
2016,February,2,5,Cayuga,5564,10477,1306359,1663,2486,372335,3901,7991,934024
2016,January,1,5,Cayuga,5561,10550,1306223,1673,2517,375811,3888,8033,930412
2015,October,10,5,Cayuga,5568,10648,1326938,1623,2435,363671,3945,8213,963267
2015,September,9,5,Cayuga,5554,10592,1332603,1592,2378,358889,3962,8214,973714
2015,August,8,5,Cayuga,5513,10586,1321008,1567,2351,351900,3946,8235,969108
2015,July,7,5,Cayuga,5594,10762,1337747,1572,2366,354599,4022,8396,983148
2015,June,6,5,Cayuga,5606,10788,1339552,1578,2359,351699,4028,8429,987853
2015,May,5,5,Cayuga,5675,10972,1361807,1580,2373,353299,4095,8599,1008508
2015,April,4,5,Cayuga,5693,11001,1373093,1589,2383,357004,4104,8618,1016089
2015,March,3,5,Cayuga,5710,11015,1377453,1593,2393,361614,4117,8622,1015839
2015,February,2,5,Cayuga,5643,10890,1363261,1568,2355,354292,4075,8535,1008969
2015,January,1,5,Cayuga,5669,10941,1377710,1557,2337,351713,4112,8604,1025997
2014,December,12,5,Cayuga,5637,10867,1369445,1454,2054,322097,4183,8813,1047348
2014,November,11,5,Cayuga,5605,10822,1358109,1437,1985,311962,4168,8837,1046147
2014,October,10,5,Cayuga,5561,10743,1370743,1412,1954,308687,4149,8789,1062056
2014,September,9,5,Cayuga,5542,10790,1320948,1416,1946,295747,4126,8844,1025201
2014,August,8,5,Cayuga,5565,10849,1332459,1422,1982,301580,4143,8867,1030879
2014,July,7,5,Cayuga,5565,10899,1340907,1429,1988,305340,4136,8911,1035567
2014,June,6,5,Cayuga,5622,10987,1347545,1440,2001,308245,4182,8986,1039300
2014,May,5,5,Cayuga,5663,11151,1358747,1441,2026,312534,4222,9125,1046213
2014,April,4,5,Cayuga,5617,11041,1335410,1450,2043,314367,4167,8998,1021043
2014,March,3,5,Cayuga,5651,11149,1357422,1461,2060,315404,4190,9089,1042018
2014,February,2,5,Cayuga,5614,11101,1342311,1459,2063,313716,4155,9038,1028595
2014,January,1,5,Cayuga,5570,11005,1341192,1426,1995,305904,4144,9010,1035288
2013,December,12,5,Cayuga,5485,10788,1316045,1415,1975,304842,4070,8813,1011203
2013,November,11,5,Cayuga,5895,11215,1899015,1478,2046,426474,4417,9169,1472541
2013,October,10,5,Cayuga,5472,10787,1420779,1412,2006,326258,4060,8781,1094521
2013,September,9,5,Cayuga,5444,10737,1400015,1422,2030,323608,4022,8707,1076407
2013,August,8,5,Cayuga,5422,10766,1408780,1390,1952,313989,4032,8814,1094791
2013,July,7,5,Cayuga,5397,10761,1395061,1368,1919,304498,4029,8842,1090563
2013,June,6,5,Cayuga,5390,10763,1392799,1363,1915,305285,4027,8848,1087514
2013,May,5,5,Cayuga,5399,10771,1396588,1374,1944,310907,4025,8827,1085681
2013,April,4,5,Cayuga,5401,10807,1392568,1374,1921,309361,4027,8886,1083207
2013,March,3,5,Cayuga,5417,10852,1400392,1358,1910,307195,4059,8942,1093197
2013,February,2,5,Cayuga,5376,10824,1391005,1353,1912,304578,4023,8912,1086427
2013,January,1,5,Cayuga,5358,10780,1385735,1358,1946,307890,4000,8834,1077845
2012,December,12,5,Cayuga,5281,10647,1370976,1336,1884,303471,3945,8763,1067505
2012,November,11,5,Cayuga,5240,10579,1362110,1326,1888,301255,3914,8691,1060855
2012,October,10,5,Cayuga,5267,10675,1383811,1328,1883,302806,3939,8792,1081005
2012,September,9,5,Cayuga,5224,10589,1379728,1294,1820,292366,3930,8769,1087362
2012,August,8,5,Cayuga,5200,10511,1365011,1303,1825,291391,3897,8686,1073620
2012,July,7,5,Cayuga,5196,10506,1360226,1308,1816,290655,3888,8690,1069571
2012,June,6,5,Cayuga,5177,10521,1363263,1296,1791,287365,3881,8730,1075898
2012,May,5,5,Cayuga,5189,10521,1368307,1327,1851,299045,3862,8670,1069262
2012,April,4,5,Cayuga,5175,10537,1367525,1331,1878,303023,3844,8659,1064502
2012,March,3,5,Cayuga,5267,10711,1415937,1379,1931,323915,3888,8780,1092022
2012,February,2,5,Cayuga,5196,10632,1374224,1363,1927,312035,3833,8705,1062189
2012,January,1,5,Cayuga,5168,10524,1367922,1346,1871,302660,3822,8653,1065262
2011,December,12,5,Cayuga,5160,10561,1374803,1315,1828,295486,3845,8733,1079317
2011,November,11,5,Cayuga,5049,10299,1348519,1280,1766,287180,3769,8533,1061339
2011,October,10,5,Cayuga,5041,10260,1357166,1298,1780,289236,3743,8480,1067930
2011,September,9,5,Cayuga,4990,10184,1340809,1281,1752,282708,3709,8432,1058101
2011,August,8,5,Cayuga,5042,10259,1353893,1276,1737,282449,3766,8522,1071444
2011,July,7,5,Cayuga,4963,10205,1337386,1287,1768,287336,3676,8437,1050050
2011,June,6,5,Cayuga,4955,10162,1331237,1267,1732,279968,3688,8430,1051269
2011,May,5,5,Cayuga,4935,10186,1346697,1279,1778,285942,3656,8408,1060755
2011,April,4,5,Cayuga,4900,10106,1336477,1266,1744,282699,3634,8362,1053778
2011,March,3,5,Cayuga,4881,10008,1355388,1270,1741,290922,3611,8267,1064466
2011,February,2,5,Cayuga,4810,9928,1335890,1257,1704,283466,3553,8224,1052424
2011,January,1,5,Cayuga,4775,9808,1326733,1240,1670,278715,3535,8138,1048018
2010,December,12,5,Cayuga,4724,9717,1308654,1248,1661,278151,3476,8056,1030503
2010,November,11,5,Cayuga,4637,9529,1278905,1215,1588,267764,3422,7941,1011141
2010,October,10,5,Cayuga,4636,9489,1278916,1198,1562,261409,3438,7927,1017507
2010,September,9,5,Cayuga,4657,9637,1299789,1199,1574,263611,3458,8063,1036178
2010,August,8,5,Cayuga,4632,9605,1304920,1201,1592,266227,3431,8013,1038693
2010,July,7,5,Cayuga,4627,9591,1296551,1209,1589,268488,3418,8002,1028063
2010,June,6,5,Cayuga,4576,9568,1289072,1193,1568,266516,3383,8000,1022556
2010,May,5,5,Cayuga,4563,9573,1288177,1197,1600,270137,3366,7973,1018040
2010,April,4,5,Cayuga,4563,9613,1285737,1194,1582,266797,3369,8031,1018940
2010,March,3,5,Cayuga,4561,9636,1300085,1191,1597,270717,3370,8039,1029368
2010,February,2,5,Cayuga,4479,9492,1276839,1187,1582,268438,3292,7910,1008401
2010,January,1,5,Cayuga,4536,9592,1305135,1192,1605,270283,3344,7987,1034852
2009,December,12,5,Cayuga,4434,9360,1251912,1173,1575,269153,3261,7785,982759
2009,November,11,5,Cayuga,4271,8962,1205398,1173,1575,267188,3098,7387,938210
2009,October,10,5,Cayuga,4261,8988,1216660,1158,1542,263695,3103,7446,952965
2009,September,9,5,Cayuga,4141,8714,1165638,1146,1526,258008,2995,7188,907630
2009,August,8,5,Cayuga,4077,8611,1167495,1134,1528,258007,2943,7083,909488
2009,July,7,5,Cayuga,4018,8514,1154538,1133,1511,257884,2885,7003,896654
2009,June,6,5,Cayuga,3955,8432,1146848,1110,1489,254014,2845,6943,892834
2009,May,5,5,Cayuga,3940,8376,1149914,1121,1500,254442,2819,6876,895472
2009,April,4,5,Cayuga,3917,8284,1139749,1114,1464,249414,2803,6820,890335
2009,March,3,5,Cayuga,3848,8103,971291,1102,1446,216106,2746,6657,755185
2009,February,2,5,Cayuga,3779,7983,951946,1099,1469,217454,2680,6514,734492
2009,January,1,5,Cayuga,3717,7876,865661,1057,1404,183831,2660,6472,681830
2008,December,12,5,Cayuga,3607,7621,856724,1068,1412,191259,2539,6209,665465
2008,November,11,5,Cayuga,3501,7409,840706,1043,1384,187472,2458,6025,653234
2008,October,10,5,Cayuga,3425,7215,825117,1047,1411,188539,2378,5804,636578
2008,September,9,5,Cayuga,3344,7025,686099,1034,1385,144925,2310,5640,541174
2008,August,8,5,Cayuga,3303,7042,683156,1022,1353,140890,2281,5689,542266
2008,July,7,5,Cayuga,3311,7009,680159,1028,1355,142314,2283,5654,537845
2008,June,6,5,Cayuga,3283,7033,678174,1027,1354,142472,2256,5679,535702
2008,May,5,5,Cayuga,3308,7096,685811,1035,1339,142960,2273,5757,542851
2008,April,4,5,Cayuga,3299,7100,674755,1040,1332,139970,2259,5768,534785
2008,March,3,5,Cayuga,3278,7004,661585,1054,1354,142758,2224,5650,518827
2008,February,2,5,Cayuga,3243,6981,661420,1048,1361,143283,2195,5620,518137
2008,January,1,5,Cayuga,3212,6938,663992,1038,1363,143916,2174,5575,520076
2007,December,12,5,Cayuga,3169,6871,661402,1037,1372,146800,2132,5499,514602
2007,November,11,5,Cayuga,3090,6628,643583,1018,1323,142312,2072,5305,501271
2007,October,10,5,Cayuga,3065,6533,642050,1016,1325,143375,2049,5208,498675
2007,September,9,5,Cayuga,3045,6486,596792,1018,1329,136591,2027,5157,460201
2007,August,8,5,Cayuga,3072,6588,606966,1006,1316,136854,2066,5272,470112
2007,July,7,5,Cayuga,3105,6606,614016,1015,1337,138227,2090,5269,475789
2007,June,6,5,Cayuga,3085,6662,614648,1037,1394,145261,2048,5268,469387
2007,May,5,5,Cayuga,3066,6642,612925,1031,1366,144248,2035,5276,468677
2007,April,4,5,Cayuga,3063,6645,607718,1035,1373,146439,2028,5272,461279
2007,March,3,5,Cayuga,3089,6742,624832,1018,1372,148821,2071,5370,476011
2007,February,2,5,Cayuga,3031,6607,607141,1027,1406,149489,2004,5201,457652
2007,January,1,5,Cayuga,3067,6677,611843,1014,1395,146064,2053,5282,465779
2006,December,12,5,Cayuga,3089,6676,621598,1023,1411,151690,2066,5265,469908
2006,November,11,5,Cayuga,3020,6524,612031,1030,1421,156544,1990,5103,455487
2006,October,10,5,Cayuga,3042,6571,617026,1025,1393,148536,2017,5178,468490
2006,September,9,5,Cayuga,3020,6474,583982,1016,1383,141618,2004,5091,442364
2006,August,8,5,Cayuga,3026,6441,585741,1005,1352,138554,2021,5089,447187
2006,July,7,5,Cayuga,3064,6483,592311,1010,1353,136736,2054,5130,455575
2006,June,6,5,Cayuga,2984,6389,578640,1007,1336,133732,1977,5053,444908
2006,May,5,5,Cayuga,2978,6349,571254,999,1325,133857,1979,5024,437397
2006,April,4,5,Cayuga,2988,6391,582499,1010,1351,136972,1978,5040,445527
2006,March,3,5,Cayuga,3012,6423,585701,1011,1347,137023,2001,5076,448678
2006,February,2,5,Cayuga,2964,6340,577472,1002,1334,136140,1962,5006,441332
2006,January,1,5,Cayuga,2995,6401,570365,1005,1349,130569,1990,5052,439796
2005,December,12,5,Cayuga,2965,6378,584640,1012,1378,139001,1953,5000,445639
2005,November,11,5,Cayuga,2928,6297,570476,1002,1363,136879,1926,4934,433597
2005,October,10,5,Cayuga,2901,6254,574452,993,1368,137593,1908,4886,436859
2005,September,9,5,Cayuga,2880,6214,553596,984,1378,133858,1896,4836,419738
2005,August,8,5,Cayuga,2848,6111,547351,982,1411,135826,1866,4700,411525
2005,July,7,5,Cayuga,2859,6097,547124,1006,1446,140533,1853,4651,406591
2005,June,6,5,Cayuga,2826,6167,549387,1015,1452,140250,1811,4715,409137
2005,May,5,5,Cayuga,2840,6155,547902,1027,1462,140464,1813,4693,407438
2005,April,4,5,Cayuga,2873,6194,546263,1065,1502,144158,1808,4692,402105
2005,March,3,5,Cayuga,2899,6222,551590,1083,1538,145668,1816,4684,405922
2005,February,2,5,Cayuga,2867,6134,536359,1085,1518,142430,1782,4616,393929
2005,January,1,5,Cayuga,2881,6200,540409,1079,1518,141004,1802,4682,399405
2004,December,12,5,Cayuga,2838,6074,534796,1073,1511,140977,1765,4563,393819
2004,November,11,5,Cayuga,2745,5876,520756,1035,1478,138725,1710,4398,382031
2004,October,10,5,Cayuga,2652,5664,502618,993,1417,135713,1659,4247,366905
2004,September,9,5,Cayuga,2571,5488,452590,944,1416,126485,1627,4072,326105
2004,August,8,5,Cayuga,2507,5371,447758,909,1375,124173,1598,3996,323585
2004,July,7,5,Cayuga,2538,5406,458197,871,1300,117550,1667,4106,340647
2004,June,6,5,Cayuga,2484,5352,448540,856,1264,114105,1628,4088,334435
2004,May,5,5,Cayuga,2451,5300,447200,848,1245,112530,1603,4055,334670
2004,April,4,5,Cayuga,2440,5336,442303,858,1270,115636,1582,4066,326667
2004,March,3,5,Cayuga,2468,5418,453199,853,1264,115234,1615,4154,337965
2004,February,2,5,Cayuga,2429,5366,447840,845,1262,117110,1584,4104,330730
2004,January,1,5,Cayuga,2412,5351,442840,830,1226,114010,1582,4125,328830
2003,December,12,5,Cayuga,2363,5270,431690,821,1188,106340,1542,4082,325350
2003,November,11,5,Cayuga,2325,5186,425689,804,1156,104450,1521,4030,321239
2003,October,10,5,Cayuga,2333,5170,431454,808,1159,106266,1525,4011,325188
2003,September,9,5,Cayuga,2313,5092,415511,808,1161,104636,1505,3931,310875
2003,August,8,5,Cayuga,2335,5013,407826,787,1131,101469,1548,3882,306357
2003,July,7,5,Cayuga,2267,4931,399827,790,1111,100756,1477,3820,299071
2003,June,6,5,Cayuga,2312,5052,405824,784,1101,98473,1528,3951,307351
2003,May,5,5,Cayuga,2308,5051,405525,785,1093,97726,1523,3958,307799
2003,April,4,5,Cayuga,2288,4983,406412,777,1098,96823,1511,3885,309589
2003,March,3,5,Cayuga,2331,5121,418824,787,1116,98297,1544,4005,320527
2003,February,2,5,Cayuga,2309,5081,413517,786,1125,100109,1523,3956,313408
2003,January,1,5,Cayuga,2302,5098,411530,794,1141,101079,1508,3957,310451
2002,December,12,5,Cayuga,2241,4886,398129,779,1112,100082,1462,3774,298047
2002,November,11,5,Cayuga,2187,4753,388521,782,1111,98988,1405,3642,289533
2002,October,10,5,Cayuga,2182,4709,385531,775,1077,96269,1407,3632,289262
2002,September,9,5,Cayuga,2127,4598,351522,742,1023,83452,1385,3575,268070
2002,August,8,5,Cayuga,2134,4631,351598,742,1038,84207,1392,3593,267391
2002,July,7,5,Cayuga,2187,4718,364470,739,1032,85276,1448,3686,279194
2002,June,6,5,Cayuga,2141,4705,358675,741,1025,84466,1400,3680,274209
2002,May,5,5,Cayuga,2161,4775,367241,731,1008,83095,1430,3767,284146
2002,April,4,5,Cayuga,2140,4750,366038,739,1021,83831,1401,3729,282207
2002,March,3,5,Cayuga,2182,4891,382658,740,1032,86402,1442,3859,296256
2002,February,2,5,Cayuga,2118,4759,367718,738,1044,87403,1380,3715,280315
2002,January,1,5,Cayuga,2159,4830,376009,754,1068,90769,1405,3762,285240
2018,December,12,50,Tompkins,4311,7601,944787,1407,1820,286740,2904,5781,658047
2018,November,11,50,Tompkins,4277,7534,938081,1418,1858,290250,2859,5676,647831
2018,October,10,50,Tompkins,4295,7565,941213,1433,1872,292147,2862,5693,649066
2018,September,9,50,Tompkins,4272,7535,927547,1440,1895,292529,2832,5640,635018
2018,August,8,50,Tompkins,4263,7517,932555,1445,1886,291287,2818,5631,641268
2018,July,7,50,Tompkins,4245,7499,919860,1457,1887,287924,2788,5612,631936
2018,June,6,50,Tompkins,4358,7666,945583,1471,1914,290325,2887,5752,655258
2018,May,5,50,Tompkins,4410,7748,963397,1448,1870,283893,2962,5878,679504
2018,April,4,50,Tompkins,4411,7758,958933,1450,1870,281574,2961,5888,677359
2018,March,3,50,Tompkins,4424,7768,964925,1463,1913,290312,2961,5855,674613
2018,February,2,50,Tompkins,4405,7799,962444,1448,1901,285542,2957,5898,676902
2018,January,1,50,Tompkins,4418,7857,968187,1467,1918,294563,2951,5939,673624
2017,December,12,50,Tompkins,4433,7932,981638,1469,1917,297996,2964,6015,683642
2017,November,11,50,Tompkins,4398,7893,971092,1473,1929,298222,2925,5964,672870
2017,October,10,50,Tompkins,4380,7875,972053,1485,1963,305349,2895,5912,666704
2017,September,9,50,Tompkins,4443,7940,980779,1502,1983,306733,2941,5957,674046
2017,August,8,50,Tompkins,4415,7895,986026,1513,2008,312258,2902,5887,673768
2017,July,7,50,Tompkins,4408,7900,974191,1520,2011,305021,2888,5889,669170
2017,June,6,50,Tompkins,4561,8097,1004761,1538,2032,307473,3023,6065,697288
2017,May,5,50,Tompkins,4607,8193,1015516,1540,2027,307927,3067,6166,707589
2017,April,4,50,Tompkins,4645,8276,1032844,1534,2006,306403,3111,6270,726441
2017,March,3,50,Tompkins,4682,8322,1027491,1543,2020,305233,3139,6302,722258
2017,February,2,50,Tompkins,4670,8318,1027440,1514,1960,295226,3156,6358,732214
2017,January,1,50,Tompkins,4697,8294,1026819,1525,1979,298361,3172,6315,728458
2016,December,12,50,Tompkins,4685,8321,1019979,1539,2012,302003,3146,6309,717976
2016,November,11,50,Tompkins,4653,8231,1019584,1536,1999,301276,3117,6232,718308
2016,October,10,50,Tompkins,4661,8244,1027318,1545,2040,306889,3116,6204,720429
2016,September,9,50,Tompkins,4618,8174,1035498,1560,2067,317780,3058,6107,717718
2016,August,8,50,Tompkins,4606,8133,1028083,1581,2123,325149,3025,6010,702934
2016,July,7,50,Tompkins,4601,8142,1025650,1572,2121,324142,3029,6021,701508
2016,June,6,50,Tompkins,4755,8311,1065830,1580,2138,331712,3175,6173,734118
2016,May,5,50,Tompkins,4898,8466,1095343,1573,2119,327463,3325,6347,767880
2016,April,4,50,Tompkins,4930,8546,1102302,1562,2124,324977,3368,6422,777325
2016,March,3,50,Tompkins,4982,8700,1125346,1574,2162,330781,3408,6538,794565
2016,February,2,50,Tompkins,5008,8749,1127466,1534,2138,324361,3474,6611,803105
2016,January,1,50,Tompkins,5008,8756,1116672,1525,2118,320792,3483,6638,795880
2015,December,12,50,Tompkins,5018,8793,1127324,1510,2096,318357,3508,6697,808967
2015,November,11,50,Tompkins,4961,8719,1110410,1502,2105,317709,3459,6614,792701
2015,October,10,50,Tompkins,5003,8811,1135255,1517,2137,324173,3486,6674,811082
2015,September,9,50,Tompkins,4976,8785,1137655,1519,2143,329347,3457,6642,808308
2015,August,8,50,Tompkins,4924,8673,1126711,1532,2146,330292,3392,6527,796419
2015,July,7,50,Tompkins,4960,8730,1124237,1547,2134,331489,3413,6596,792748
2015,June,6,50,Tompkins,5040,8826,1146591,1534,2098,323438,3506,6728,823153
2015,May,5,50,Tompkins,5083,8916,1157585,1557,2145,331782,3526,6771,825803
2015,April,4,50,Tompkins,5148,8982,1163034,1584,2204,338937,3564,6778,824097
2015,March,3,50,Tompkins,5195,9034,1171667,1608,2239,345419,3587,6795,826248
2015,February,2,50,Tompkins,5171,9075,1166587,1622,2266,351042,3549,6809,815545
2015,January,1,50,Tompkins,5246,9182,1189127,1605,2230,348131,3641,6952,840996
2014,December,12,50,Tompkins,5227,9189,1192574,1516,1988,314427,3711,7201,878147
2014,November,11,50,Tompkins,5195,9150,1188368,1497,1956,308825,3698,7194,879543
2014,October,10,50,Tompkins,5247,9218,1200724,1526,2011,315998,3721,7207,884726
2014,September,9,50,Tompkins,5220,9216,1155539,1563,2065,311470,3657,7151,844069
2014,August,8,50,Tompkins,5254,9267,1175790,1560,2086,321959,3694,7181,853831
2014,July,7,50,Tompkins,5253,9238,1181833,1578,2090,327745,3675,7148,854088
2014,June,6,50,Tompkins,5335,9322,1196123,1594,2104,330409,3741,7218,865714
2014,May,5,50,Tompkins,5370,9455,1214173,1578,2107,326821,3792,7348,887352
2014,April,4,50,Tompkins,5344,9453,1207543,1590,2138,332976,3754,7315,874567
2014,March,3,50,Tompkins,5380,9546,1215825,1612,2180,340538,3768,7366,875287
2014,February,2,50,Tompkins,5327,9453,1201533,1588,2156,336612,3739,7297,864921
2014,January,1,50,Tompkins,5377,9582,1219940,1598,2150,337734,3779,7432,882206
2013,December,12,50,Tompkins,5283,9388,1206344,1608,2167,342201,3675,7221,864143
2013,November,11,50,Tompkins,5264,9351,1268089,1610,2165,350934,3654,7186,917155
2013,October,10,50,Tompkins,5225,9370,1291751,1627,2201,368589,3598,7169,923162
2013,September,9,50,Tompkins,5237,9383,1276084,1648,2234,366817,3589,7149,909267
2013,August,8,50,Tompkins,5222,9377,1280248,1608,2145,357120,3614,7232,923128
2013,July,7,50,Tompkins,5185,9329,1266972,1637,2185,360785,3548,7144,906187
2013,June,6,50,Tompkins,5315,9519,1294159,1646,2229,366212,3669,7290,927947
2013,May,5,50,Tompkins,5302,9518,1296235,1653,2235,367992,3649,7283,928243
2013,April,4,50,Tompkins,5287,9471,1290981,1644,2234,366429,3643,7237,924552
2013,March,3,50,Tompkins,5265,9431,1279641,1618,2183,359181,3647,7248,920460
2013,February,2,50,Tompkins,5232,9430,1276840,1620,2195,361070,3612,7235,915770
2013,January,1,50,Tompkins,5248,9474,1278096,1593,2151,354124,3655,7323,923972
2012,December,12,50,Tompkins,5151,9319,1261090,1589,2195,359905,3562,7124,901185
2012,November,11,50,Tompkins,5075,9147,1239832,1570,2138,352160,3505,7009,887672
2012,October,10,50,Tompkins,5063,9149,1240897,1567,2142,352071,3496,7007,888826
2012,September,9,50,Tompkins,5035,9104,1246443,1568,2145,354283,3467,6959,892160
2012,August,8,50,Tompkins,5013,9079,1241072,1570,2142,354494,3443,6937,886578
2012,July,7,50,Tompkins,4971,9044,1227140,1570,2119,350518,3401,6925,876622
2012,June,6,50,Tompkins,5039,9113,1240987,1588,2157,358417,3451,6956,882570
2012,May,5,50,Tompkins,5071,9141,1254694,1587,2164,359821,3484,6977,894873
2012,April,4,50,Tompkins,5058,9126,1249891,1579,2163,356173,3479,6963,893718
2012,March,3,50,Tompkins,5073,9139,1269382,1601,2215,375159,3472,6924,894223
2012,February,2,50,Tompkins,5015,9082,1246412,1573,2156,359108,3442,6926,887304
2012,January,1,50,Tompkins,4973,9010,1229256,1572,2158,359355,3401,6852,869901
2011,December,12,50,Tompkins,4970,9033,1251439,1579,2188,366336,3391,6845,885103
2011,November,11,50,Tompkins,4859,8823,1230649,1581,2178,366182,3278,6645,864467
2011,October,10,50,Tompkins,4817,8772,1222537,1573,2153,364512,3244,6619,858025
2011,September,9,50,Tompkins,4817,8815,1212675,1539,2086,353499,3278,6729,859176
2011,August,8,50,Tompkins,4793,8778,1210396,1534,2085,352887,3259,6693,857509
2011,July,7,50,Tompkins,4768,8743,1200663,1526,2077,348402,3242,6666,852261
2011,June,6,50,Tompkins,4842,8787,1207420,1558,2125,355881,3284,6662,851539
2011,May,5,50,Tompkins,4851,8827,1210235,1562,2128,356909,3289,6699,853326
2011,April,4,50,Tompkins,4845,8810,1207777,1575,2128,356708,3270,6682,851069
2011,March,3,50,Tompkins,4808,8762,1234002,1559,2095,359165,3249,6667,874837
2011,February,2,50,Tompkins,4720,8651,1210190,1562,2066,357577,3158,6585,852613
2011,January,1,50,Tompkins,4682,8588,1198088,1556,2077,357932,3126,6511,840156
2010,December,12,50,Tompkins,4659,8602,1199635,1534,2028,350750,3125,6574,848885
2010,November,11,50,Tompkins,4580,8496,1181577,1537,2038,348332,3043,6458,833245
2010,October,10,50,Tompkins,4555,8396,1168157,1539,2025,345598,3016,6371,822559
2010,September,9,50,Tompkins,4533,8348,1165349,1526,2002,346602,3007,6346,818747
2010,August,8,50,Tompkins,4458,8235,1144395,1526,2009,343945,2932,6226,800450
2010,July,7,50,Tompkins,4445,8204,1145046,1530,2014,347477,2915,6190,797569
2010,June,6,50,Tompkins,4464,8210,1139986,1528,2019,345823,2936,6191,794163
2010,May,5,50,Tompkins,4453,8141,1147538,1513,1982,342836,2940,6159,804702
2010,April,4,50,Tompkins,4424,8155,1145056,1522,1992,344964,2902,6163,800092
2010,March,3,50,Tompkins,4387,8103,1145156,1507,1961,343133,2880,6142,802023
2010,February,2,50,Tompkins,4304,8008,1131910,1492,1970,340390,2812,6038,791520
2010,January,1,50,Tompkins,4254,7911,1132784,1503,1983,345262,2751,5928,787522
2009,December,12,50,Tompkins,4223,7861,1108900,1526,2038,353969,2697,5823,754931
2009,November,11,50,Tompkins,4147,7768,1098892,1509,2021,351307,2638,5747,747585
2009,October,10,50,Tompkins,4108,7726,1106477,1496,2000,348940,2612,5726,757537
2009,September,9,50,Tompkins,3988,7487,1069408,1461,1954,339625,2527,5533,729783
2009,August,8,50,Tompkins,3909,7342,1045467,1453,1962,338707,2456,5380,706760
2009,July,7,50,Tompkins,3853,7236,1039444,1458,1936,334616,2395,5300,704828
2009,June,6,50,Tompkins,3863,7150,1036708,1475,1960,342271,2388,5190,694437
2009,May,5,50,Tompkins,3807,7048,1020143,1500,2033,351613,2307,5015,668530
2009,April,4,50,Tompkins,3711,6872,992040,1467,1994,343624,2244,4878,648416
2009,March,3,50,Tompkins,3637,6766,845961,1465,1984,296353,2172,4782,549608
2009,February,2,50,Tompkins,3575,6700,834802,1434,1978,292955,2141,4722,541847
2009,January,1,50,Tompkins,3495,6562,761039,1418,1960,266587,2077,4602,494452
2008,December,12,50,Tompkins,3423,6492,761610,1379,1907,258774,2044,4585,502836
2008,November,11,50,Tompkins,3350,6354,751770,1374,1879,256491,1976,4475,495279
2008,October,10,50,Tompkins,3305,6258,738512,1344,1818,245880,1961,4440,492632
2008,September,9,50,Tompkins,3238,6164,603918,1345,1830,192665,1893,4334,411253
2008,August,8,50,Tompkins,3245,6138,613423,1331,1787,189469,1914,4351,423954
2008,July,7,50,Tompkins,3239,6162,606573,1365,1852,197151,1874,4310,409422
2008,June,6,50,Tompkins,3215,6090,601671,1355,1849,194142,1860,4241,407529
2008,May,5,50,Tompkins,3206,6081,603925,1375,1896,202570,1831,4185,401355
2008,April,4,50,Tompkins,3150,5981,600610,1359,1864,201159,1791,4117,399451
2008,March,3,50,Tompkins,3092,5854,581818,1373,1903,202468,1719,3951,379350
2008,February,2,50,Tompkins,3007,5722,566247,1349,1880,200220,1658,3842,366027
2008,January,1,50,Tompkins,2964,5671,559934,1332,1844,196856,1632,3827,363078
2007,December,12,50,Tompkins,2932,5624,556840,1313,1811,192865,1619,3813,363975
2007,November,11,50,Tompkins,2927,5632,563407,1324,1867,201308,1603,3765,362099
2007,October,10,50,Tompkins,2891,5537,559405,1299,1831,199659,1592,3706,359746
2007,September,9,50,Tompkins,2924,5566,522932,1301,1834,185866,1623,3732,337066
2007,August,8,50,Tompkins,2933,5589,527924,1316,1850,186195,1617,3739,341729
2007,July,7,50,Tompkins,2918,5576,523935,1327,1880,191531,1591,3696,332404
2007,June,6,50,Tompkins,2997,5693,537685,1350,1912,193900,1647,3781,343785
2007,May,5,50,Tompkins,2984,5676,538798,1378,1976,202944,1606,3700,335854
2007,April,4,50,Tompkins,2947,5625,529408,1378,1956,199023,1569,3669,330385
2007,March,3,50,Tompkins,2977,5692,539023,1407,2020,203734,1570,3672,335289
2007,February,2,50,Tompkins,2904,5614,527732,1349,1931,192252,1555,3683,335480
2007,January,1,50,Tompkins,2917,5625,531626,1348,1930,193384,1569,3695,338242
2006,December,12,50,Tompkins,2934,5687,549353,1389,2009,206241,1545,3678,343112
2006,November,11,50,Tompkins,2864,5502,530330,1351,1943,202743,1513,3559,327587
2006,October,10,50,Tompkins,2829,5424,523672,1320,1893,192206,1509,3531,331466
2006,September,9,50,Tompkins,2832,5385,498439,1307,1862,180192,1525,3523,318247
2006,August,8,50,Tompkins,2832,5340,497846,1325,1878,183671,1507,3462,314175
2006,July,7,50,Tompkins,2813,5323,495637,1359,1907,188600,1454,3416,307037
2006,June,6,50,Tompkins,2892,5393,501580,1362,1913,188561,1530,3480,313019
2006,May,5,50,Tompkins,2934,5469,514237,1387,1959,195186,1547,3510,319051
2006,April,4,50,Tompkins,2900,5408,507163,1396,1972,196062,1504,3436,311101
2006,March,3,50,Tompkins,2915,5468,516434,1397,1986,196226,1518,3482,320208
2006,February,2,50,Tompkins,2843,5350,502122,1378,1976,194944,1465,3374,307178
2006,January,1,50,Tompkins,2814,5332,494746,1375,1999,192082,1439,3333,302664
2005,December,12,50,Tompkins,2796,5282,496067,1352,1959,192792,1444,3323,303275
2005,November,11,50,Tompkins,2732,5170,481370,1324,1910,185257,1408,3260,296113
2005,October,10,50,Tompkins,2732,5212,483714,1319,1913,186243,1413,3299,297471
2005,September,9,50,Tompkins,2685,5137,461624,1292,1855,174320,1393,3282,287304
2005,August,8,50,Tompkins,2661,5112,460905,1300,1863,175672,1361,3249,285233
2005,July,7,50,Tompkins,2634,5044,452224,1320,1907,182186,1314,3137,270038
2005,June,6,50,Tompkins,2720,5109,460109,1307,1880,176807,1413,3229,283302
2005,May,5,50,Tompkins,2707,5047,457181,1341,1899,176845,1366,3148,280336
2005,April,4,50,Tompkins,2718,5052,451567,1388,1965,184667,1330,3087,266900
2005,March,3,50,Tompkins,2738,5131,459015,1395,1973,185378,1343,3158,273637
2005,February,2,50,Tompkins,2670,5010,441957,1376,1956,180168,1294,3054,261789
2005,January,1,50,Tompkins,2650,5006,440624,1349,1935,177103,1301,3071,263521
2004,December,12,50,Tompkins,2657,5037,443825,1342,1932,176069,1315,3105,267756
2004,November,11,50,Tompkins,2581,4920,434996,1283,1865,169932,1298,3055,265064
2004,October,10,50,Tompkins,2527,4918,441284,1238,1848,173896,1289,3070,267388
2004,September,9,50,Tompkins,2447,4757,394001,1147,1706,148818,1300,3051,245183
2004,August,8,50,Tompkins,2380,4721,394687,1127,1725,158121,1253,2996,236566
2004,July,7,50,Tompkins,2388,4762,400454,1130,1752,162238,1258,3010,238216
2004,June,6,50,Tompkins,2422,4805,407501,1089,1677,156680,1333,3128,250821
2004,May,5,50,Tompkins,2450,4884,416937,1114,1709,160571,1336,3175,256366
2004,April,4,50,Tompkins,2443,4882,423223,1111,1731,163123,1332,3151,260100
2004,March,3,50,Tompkins,2416,4819,412675,1109,1717,159862,1307,3102,252813
2004,February,2,50,Tompkins,2364,4744,406163,1091,1683,158576,1273,3061,247587
2004,January,1,50,Tompkins,2331,4678,395423,1088,1677,157214,1243,3001,238209
2003,December,12,50,Tompkins,2288,4575,385656,1068,1674,155639,1220,2901,230017
2003,November,11,50,Tompkins,2263,4493,378821,1069,1613,147959,1194,2880,230862
2003,October,10,50,Tompkins,2234,4412,370433,1063,1582,146576,1171,2830,223857
2003,September,9,50,Tompkins,2196,4301,355425,1044,1558,141433,1152,2743,213992
2003,August,8,50,Tompkins,2176,4311,352506,1037,1557,139683,1139,2754,212823
2003,July,7,50,Tompkins,2145,4219,343431,1060,1590,142703,1085,2629,200728
2003,June,6,50,Tompkins,2191,4283,351639,1051,1594,142108,1140,2689,209531
2003,May,5,50,Tompkins,2177,4221,342618,1046,1588,140288,1131,2633,202330
2003,April,4,50,Tompkins,2172,4212,346993,1068,1613,142742,1104,2599,204251
2003,March,3,50,Tompkins,2145,4148,340109,1064,1594,141249,1081,2554,198860
2003,February,2,50,Tompkins,2093,4054,330391,1034,1551,137378,1059,2503,193013
2003,January,1,50,Tompkins,2076,4051,325629,1032,1541,135480,1044,2510,190149
2002,December,12,50,Tompkins,2051,4001,325307,1027,1530,137127,1024,2471,188180
2002,November,11,50,Tompkins,2025,3956,320582,1014,1497,133376,1011,2459,187206
2002,October,10,50,Tompkins,2005,3906,312618,995,1447,126534,1010,2459,186084
2002,September,9,50,Tompkins,1968,3804,282840,971,1424,113524,997,2380,169316
2002,August,8,50,Tompkins,1955,3789,281382,986,1465,117352,969,2324,164030
2002,July,7,50,Tompkins,1937,3754,278354,990,1478,119768,947,2276,158586
2002,June,6,50,Tompkins,1953,3754,280601,977,1473,119375,976,2281,161226
2002,May,5,50,Tompkins,1978,3750,281555,979,1457,119792,999,2293,161763
2002,April,4,50,Tompkins,1965,3735,280250,982,1474,120468,983,2261,159782
2002,March,3,50,Tompkins,1949,3707,279545,982,1473,120640,967,2234,158905
2002,February,2,50,Tompkins,1926,3708,275276,971,1442,117120,955,2266,158156
2002,January,1,50,Tompkins,1924,3705,277131,970,1441,118240,954,2264,158891
2018,December,12,51,Ulster,9951,16570,2204704,3278,4091,649451,6673,12479,1555253
2018,November,11,51,Ulster,9845,16370,2174417,3309,4192,653665,6536,12178,1520752
2018,October,10,51,Ulster,9891,16485,2184714,3325,4228,665160,6566,12257,1519554
2018,September,9,51,Ulster,9956,16593,2171955,3308,4193,653548,6648,12400,1518407
2018,August,8,51,Ulster,10007,16777,2191244,3301,4146,649218,6706,12631,1542026
2018,July,7,51,Ulster,10102,16993,2185618,3333,4224,647828,6769,12769,1537790
2018,June,6,51,Ulster,10222,17177,2209951,3319,4200,647213,6903,12977,1562738
2018,May,5,51,Ulster,10345,17396,2231994,3318,4192,644204,7027,13204,1587790
2018,April,4,51,Ulster,10414,17617,2247031,3327,4263,649839,7087,13354,1597192
2018,March,3,51,Ulster,10627,18000,2305006,3372,4376,663454,7255,13624,1641552
2018,February,2,51,Ulster,10560,17945,2287009,3336,4327,656809,7224,13618,1630200
2018,January,1,51,Ulster,10669,18118,2302917,3370,4380,665720,7299,13738,1637197
2017,December,12,51,Ulster,10647,18126,2333442,3393,4451,685556,7254,13675,1647886
2017,November,11,51,Ulster,10632,18080,2322136,3376,4380,677108,7256,13700,1645028
2017,October,10,51,Ulster,10680,18214,2351167,3408,4436,691107,7272,13778,1660060
2017,September,9,51,Ulster,10722,18214,2353045,3424,4425,686146,7298,13789,1666899
2017,August,8,51,Ulster,10838,18488,2399863,3455,4481,698736,7383,14007,1701127
2017,July,7,51,Ulster,10857,18523,2375269,3445,4491,689468,7412,14032,1685801
2017,June,6,51,Ulster,10989,18747,2411588,3457,4493,691152,7532,14254,1720436
2017,May,5,51,Ulster,11053,18914,2437954,3484,4548,704104,7569,14366,1733850
2017,April,4,51,Ulster,11076,19043,2456107,3488,4565,701907,7588,14478,1754200
2017,March,3,51,Ulster,11248,19389,2496905,3562,4666,720415,7686,14723,1776490
2017,February,2,51,Ulster,11185,19386,2482899,3593,4776,727532,7592,14610,1755367
2017,January,1,51,Ulster,11253,19585,2509572,3659,4871,742583,7594,14714,1766989
2016,December,12,51,Ulster,11220,19498,2506747,3693,4917,755436,7527,14581,1751311
2016,November,11,51,Ulster,11247,19480,2539722,3716,4958,771959,7531,14522,1767763
2016,October,10,51,Ulster,11178,19455,2520626,3752,5020,771585,7426,14435,1749041
2016,September,9,51,Ulster,11260,19551,2543409,3788,5115,787011,7472,14436,1756398
2016,August,8,51,Ulster,11287,19657,2574952,3841,5217,808266,7446,14440,1766686
2016,July,7,51,Ulster,11362,19742,2574175,3888,5324,815597,7474,14418,1758578
2016,June,6,51,Ulster,11448,19916,2608624,3908,5338,819742,7540,14578,1788882
2016,May,5,51,Ulster,11618,20247,2668216,3948,5417,836795,7670,14830,1831421
2016,April,4,51,Ulster,11754,20545,2698285,3985,5493,847048,7769,15052,1851237
2016,March,3,51,Ulster,11864,20727,2732853,3983,5450,849345,7881,15277,1883508
2016,February,2,51,Ulster,11849,20831,2756869,4031,5620,869723,7818,15211,1887146
2016,January,1,51,Ulster,11861,20930,2746678,4064,5728,879567,7797,15202,1867111
2015,December,12,51,Ulster,11910,21027,2777749,4122,5864,902390,7788,15163,1875359
2015,November,11,51,Ulster,11772,20700,2737764,4104,5848,898000,7668,14852,1839764
2015,October,10,51,Ulster,11826,20802,2760274,4142,5935,910021,7684,14867,1850253
2015,September,9,51,Ulster,11936,20975,2795533,4198,6068,932556,7738,14907,1862977
2015,August,8,51,Ulster,11946,21053,2810438,4201,6083,938507,7745,14970,1871931
2015,July,7,51,Ulster,12077,21296,2797888,4259,6152,935902,7818,15144,1861986
2015,June,6,51,Ulster,12233,21554,2844660,4309,6222,951166,7924,15332,1893494
2015,May,5,51,Ulster,12256,21589,2854804,4365,6308,965392,7891,15281,1889412
2015,April,4,51,Ulster,12304,21737,2893920,4364,6304,970263,7940,15433,1923657
2015,March,3,51,Ulster,12299,21722,2899504,4400,6411,989159,7899,15311,1910345
2015,February,2,51,Ulster,12167,21561,2874430,4377,6397,976391,7790,15164,1898039
2015,January,1,51,Ulster,12154,21515,2874177,4398,6447,985792,7756,15068,1888385
2014,December,12,51,Ulster,12228,21583,2921567,4109,5820,912668,8119,15763,2008899
2014,November,11,51,Ulster,12124,21430,2885135,4104,5821,911864,8020,15609,1973271
2014,October,10,51,Ulster,12248,21594,2927480,4128,5858,920367,8120,15736,2007113
2014,September,9,51,Ulster,12230,21600,2809668,4100,5854,886255,8130,15746,1923413
2014,August,8,51,Ulster,12251,21682,2839371,4091,5834,895659,8160,15848,1943712
2014,July,7,51,Ulster,12326,21832,2865698,4135,5868,904480,8191,15964,1961218
2014,June,6,51,Ulster,12385,22011,2897825,4110,5840,903631,8275,16171,1994194
2014,May,5,51,Ulster,12394,22088,2894630,4116,5830,898706,8278,16258,1995924
2014,April,4,51,Ulster,12389,22080,2897748,4074,5748,885905,8315,16332,2011843
2014,March,3,51,Ulster,12445,22164,2922951,4082,5794,888370,8363,16370,2034581
2014,February,2,51,Ulster,12227,21963,2867064,4010,5722,871219,8217,16241,1995845
2014,January,1,51,Ulster,12250,21988,2866186,4052,5797,883691,8198,16191,1982495
2013,December,12,51,Ulster,12089,21711,2847396,4010,5732,875983,8079,15979,1971413
2013,November,11,51,Ulster,12175,21779,2974728,4050,5753,929495,8125,16026,2045233
2013,October,10,51,Ulster,12082,21622,3056629,4031,5725,938299,8051,15897,2118330
2013,September,9,51,Ulster,12079,21666,3014058,4035,5744,931681,8044,15922,2082377
2013,August,8,51,Ulster,12128,21717,3026273,3988,5640,913509,8140,16077,2112764
2013,July,7,51,Ulster,12052,21602,3003708,3985,5620,909900,8067,15982,2093808
2013,June,6,51,Ulster,12085,21666,3021452,4028,5659,921909,8057,16007,2099543
2013,May,5,51,Ulster,12116,21684,3022725,4040,5688,921860,8076,15996,2100865
2013,April,4,51,Ulster,11953,21452,2971334,4027,5687,919399,7926,15765,2051935
2013,March,3,51,Ulster,11970,21506,2994490,4047,5748,933652,7923,15758,2060838
2013,February,2,51,Ulster,11867,21361,2972718,3981,5707,918537,7886,15654,2054181
2013,January,1,51,Ulster,11769,21223,2928269,3972,5654,907396,7797,15569,2020873
2012,December,12,51,Ulster,11822,21308,2976481,3938,5537,897646,7884,15771,2078835
2012,November,11,51,Ulster,11731,21158,2970194,3885,5429,887942,7846,15729,2082252
2012,October,10,51,Ulster,11695,21128,2941089,3861,5396,874477,7834,15732,2066612
2012,September,9,51,Ulster,11678,21038,2936063,3828,5343,871963,7850,15695,2064100
2012,August,8,51,Ulster,11638,21020,2931797,3793,5263,861728,7845,15757,2070069
2012,July,7,51,Ulster,11538,20872,2899499,3788,5296,864196,7750,15576,2035303
2012,June,6,51,Ulster,11511,20820,2878724,3783,5262,858451,7728,15558,2020273
2012,May,5,51,Ulster,11505,20825,2890677,3762,5199,849382,7743,15626,2041295
2012,April,4,51,Ulster,11455,20728,2871258,3771,5237,854030,7684,15491,2017228
2012,March,3,51,Ulster,11538,20880,2972213,3789,5260,884258,7749,15620,2087955
2012,February,2,51,Ulster,11249,20432,2817003,3743,5195,842657,7506,15237,1974346
2012,January,1,51,Ulster,11186,20287,2778210,3712,5174,836440,7474,15113,1941770
2011,December,12,51,Ulster,11236,20399,2851242,3725,5181,848545,7511,15218,2002697
2011,November,11,51,Ulster,10980,19951,2791921,3685,5158,841646,7295,14793,1950275
2011,October,10,51,Ulster,11183,20413,3650738,3716,5202,973296,7467,15211,2677442
2011,September,9,51,Ulster,11126,20336,3614838,3675,5111,1067481,7451,15225,2547357
2011,August,8,51,Ulster,10917,20068,2788707,3620,5069,823158,7297,14999,1965549
2011,July,7,51,Ulster,10879,20038,2763388,3574,5017,813042,7305,15021,1950346
2011,June,6,51,Ulster,10852,20027,2753419,3595,5014,816998,7257,15013,1936421
2011,May,5,51,Ulster,10830,20018,2763203,3625,5025,824845,7205,14993,1938358
2011,April,4,51,Ulster,10797,19923,2747100,3604,4978,819233,7193,14945,1927867
2011,March,3,51,Ulster,10787,19939,2826500,3604,4967,833746,7183,14972,1992754
2011,February,2,51,Ulster,10538,19490,2753301,3571,4939,824512,6967,14551,1928789
2011,January,1,51,Ulster,10407,19331,2707109,3571,4924,823154,6836,14407,1883955
2010,December,12,51,Ulster,10362,19286,2720121,3542,4859,809409,6820,14427,1910712
2010,November,11,51,Ulster,10121,18840,2653369,3563,4857,814982,6558,13983,1838387
2010,October,10,51,Ulster,9972,18647,2631321,3553,4832,813310,6419,13815,1818011
2010,September,9,51,Ulster,9868,18513,2617408,3450,4689,789169,6418,13824,1828239
2010,August,8,51,Ulster,9764,18260,2583516,3456,4630,780880,6308,13630,1802636
2010,July,7,51,Ulster,9721,18261,2576837,3453,4620,777343,6268,13641,1799494
2010,June,6,51,Ulster,9566,17912,2541927,3419,4562,774482,6147,13350,1767445
2010,May,5,51,Ulster,9436,17628,2502778,3377,4498,763660,6059,13130,1739118
2010,April,4,51,Ulster,9291,17368,2461578,3341,4433,755084,5950,12935,1706494
2010,March,3,51,Ulster,9282,17335,2466500,3363,4487,759151,5919,12848,1707349
2010,February,2,51,Ulster,9077,17011,2416596,3339,4449,749766,5738,12562,1666830
2010,January,1,51,Ulster,8978,16875,2419198,3293,4382,736173,5685,12493,1683025
2009,December,12,51,Ulster,8748,16397,2325968,3226,4265,725050,5522,12132,1600918
2009,November,11,51,Ulster,8465,15840,2252608,3162,4175,703698,5303,11665,1548910
2009,October,10,51,Ulster,8321,15506,2220862,3166,4174,707792,5155,11332,1513070
2009,September,9,51,Ulster,8185,15267,2191477,3068,4065,692473,5117,11202,1499004
2009,August,8,51,Ulster,8022,14890,2118952,3059,4072,684329,4963,10818,1434623
2009,July,7,51,Ulster,7959,14772,2115552,3034,4004,678562,4925,10768,1436990
2009,June,6,51,Ulster,7798,14470,2076234,3029,3995,677532,4769,10475,1398702
2009,May,5,51,Ulster,7525,13913,2000545,2978,3925,662885,4547,9988,1337660
2009,April,4,51,Ulster,7352,13548,1941457,2959,3869,647904,4393,9679,1293553
2009,March,3,51,Ulster,7213,13247,1661318,2909,3820,560625,4304,9427,1100693
2009,February,2,51,Ulster,6979,12799,1593581,2849,3744,546912,4130,9055,1046669
2009,January,1,51,Ulster,6823,12454,1450196,2856,3753,505357,3967,8701,944839
2008,December,12,51,Ulster,6609,12097,1456337,2790,3662,503613,3819,8435,952724
2008,November,11,51,Ulster,6335,11593,1407379,2731,3594,493249,3604,7999,914130
2008,October,10,51,Ulster,6224,11312,1377159,2703,3558,483241,3521,7754,893918
2008,September,9,51,Ulster,6044,10995,1111465,2650,3482,375592,3394,7513,735873
2008,August,8,51,Ulster,5919,10771,1075722,2624,3462,369100,3295,7309,706622
2008,July,7,51,Ulster,5869,10698,1069577,2635,3486,370669,3234,7212,698908
2008,June,6,51,Ulster,5810,10557,1041596,2656,3529,375782,3154,7028,665814
2008,May,5,51,Ulster,5754,10513,1039493,2653,3552,378542,3101,6961,660951
2008,April,4,51,Ulster,5717,10478,1037829,2652,3583,383901,3065,6895,653928
2008,March,3,51,Ulster,5625,10310,1019104,2633,3529,376436,2992,6781,642668
2008,February,2,51,Ulster,5518,10148,1002919,2617,3517,374943,2901,6631,627976
2008,January,1,51,Ulster,5471,10037,991945,2603,3491,374431,2868,6546,617514
2007,December,12,51,Ulster,5382,9862,1003238,2556,3440,376323,2826,6422,626915
2007,November,11,51,Ulster,5278,9669,967295,2538,3427,373229,2740,6242,594066
2007,October,10,51,Ulster,5273,9608,958679,2579,3449,373460,2694,6159,585219
2007,September,9,51,Ulster,5247,9568,896374,2528,3362,338655,2719,6206,557719
2007,August,8,51,Ulster,5249,9568,899447,2516,3362,340405,2733,6206,559042
2007,July,7,51,Ulster,5230,9587,905428,2541,3453,347162,2689,6134,558266
2007,June,6,51,Ulster,5245,9554,896616,2550,3445,348920,2695,6109,547696
2007,May,5,51,Ulster,5258,9483,892981,2559,3444,349956,2699,6039,543025
2007,April,4,51,Ulster,5271,9510,900553,2570,3491,353313,2701,6019,547240
2007,March,3,51,Ulster,5315,9580,897552,2588,3496,353103,2727,6084,544449
2007,February,2,51,Ulster,5230,9428,879422,2555,3462,346632,2675,5966,532790
2007,January,1,51,Ulster,5270,9543,896261,2585,3516,355736,2685,6027,540525
2006,December,12,51,Ulster,5227,9415,886636,2564,3490,357772,2663,5925,528864
2006,November,11,51,Ulster,5123,9197,870550,2560,3520,367222,2563,5677,503328
2006,October,10,51,Ulster,5135,9240,861433,2579,3532,359522,2556,5708,501911
2006,September,9,51,Ulster,5157,9254,845171,2584,3534,348592,2573,5720,496579
2006,August,8,51,Ulster,5138,9226,843006,2570,3492,340182,2568,5734,502824
2006,July,7,51,Ulster,5107,9193,832520,2552,3444,331252,2555,5749,501268
2006,June,6,51,Ulster,5073,9122,821559,2562,3492,335909,2511,5630,485650
2006,May,5,51,Ulster,5046,9097,820564,2565,3513,339844,2481,5584,480720
2006,April,4,51,Ulster,4967,8953,803190,2544,3486,335843,2423,5467,467347
2006,March,3,51,Ulster,5016,9031,821504,2577,3580,351319,2439,5451,470185
2006,February,2,51,Ulster,4952,8893,809408,2569,3586,349145,2383,5307,460263
2006,January,1,51,Ulster,4924,8835,780157,2580,3566,339609,2344,5269,440548
2005,December,12,51,Ulster,4903,8805,795607,2568,3568,349955,2335,5237,445652
2005,November,11,51,Ulster,4763,8527,764570,2489,3440,334580,2274,5087,429990
2005,October,10,51,Ulster,4690,8381,748040,2466,3389,328814,2224,4992,419226
2005,September,9,51,Ulster,4655,8285,718567,2430,3317,309156,2225,4968,409411
2005,August,8,51,Ulster,4607,8187,705459,2419,3267,302754,2188,4920,402705
2005,July,7,51,Ulster,4619,8238,707701,2436,3305,302884,2183,4933,404817
2005,June,6,51,Ulster,4677,8270,705940,2512,3399,306928,2165,4871,399012
2005,May,5,51,Ulster,4709,8336,708034,2561,3459,308675,2148,4877,399359
2005,April,4,51,Ulster,4834,8488,705428,2678,3552,303199,2156,4936,402229
2005,March,3,51,Ulster,4866,8529,710250,2716,3588,307426,2150,4941,402824
2005,February,2,51,Ulster,4863,8533,706148,2742,3604,301057,2121,4929,405091
2005,January,1,51,Ulster,4797,8413,691505,2708,3565,299198,2089,4848,392307
2004,December,12,51,Ulster,4805,8432,696161,2725,3573,297081,2080,4859,399080
2004,November,11,51,Ulster,4620,8193,683226,2606,3494,295267,2014,4699,387959
2004,October,10,51,Ulster,4472,8056,681764,2429,3271,284995,2043,4785,396769
2004,September,9,51,Ulster,4278,7823,617421,2239,3091,255657,2039,4732,361764
2004,August,8,51,Ulster,4055,7567,606357,2026,2853,249614,2029,4714,356743
2004,July,7,51,Ulster,3958,7444,599286,1957,2780,245299,2001,4664,353987
2004,June,6,51,Ulster,3874,7427,603746,1846,2648,242626,2028,4779,361120
2004,May,5,51,Ulster,3911,7511,609312,1874,2727,244877,2037,4784,364435
2004,April,4,51,Ulster,3965,7654,619460,1911,2781,251357,2054,4873,368103
2004,March,3,51,Ulster,3927,7608,616296,1893,2772,252072,2034,4836,364224
2004,February,2,51,Ulster,3887,7591,615840,1882,2796,251524,2005,4795,364316
2004,January,1,51,Ulster,3853,7488,604599,1902,2841,258606,1951,4647,345993
2003,December,12,51,Ulster,3833,7414,606236,1891,2851,258726,1942,4563,347510
2003,November,11,51,Ulster,3771,7242,583913,1887,2842,255511,1884,4400,328402
2003,October,10,51,Ulster,3791,7277,593123,1918,2893,263765,1873,4384,329358
2003,September,9,51,Ulster,3802,7293,587434,1878,2844,254710,1924,4449,332724
2003,August,8,51,Ulster,3810,7325,586843,1899,2887,260405,1911,4438,326438
2003,July,7,51,Ulster,3823,7419,592788,1873,2851,257526,1950,4568,335262
2003,June,6,51,Ulster,3805,7382,585286,1867,2778,248285,1938,4604,337001
2003,May,5,51,Ulster,3755,7313,579782,1847,2772,250012,1908,4541,329770
2003,April,4,51,Ulster,3705,7180,570917,1820,2697,243193,1885,4483,327724
2003,March,3,51,Ulster,3738,7247,580637,1852,2733,248096,1886,4514,332541
2003,February,2,51,Ulster,3694,7115,569360,1854,2782,251656,1840,4333,317704
2003,January,1,51,Ulster,3641,7015,559191,1848,2779,251167,1793,4236,308024
2002,December,12,51,Ulster,3606,6909,559676,1865,2842,259851,1741,4067,299825
2002,November,11,51,Ulster,3557,6783,548491,1857,2845,257039,1700,3938,291452
2002,October,10,51,Ulster,3511,6670,535690,1838,2798,253937,1673,3872,281753
2002,September,9,51,Ulster,3449,6507,479475,1779,2720,226512,1670,3787,252963
2002,August,8,51,Ulster,3438,6455,475978,1791,2689,223530,1647,3766,252448
2002,July,7,51,Ulster,3464,6483,482173,1795,2726,226184,1669,3757,255989
2002,June,6,51,Ulster,3440,6395,470863,1796,2715,222400,1644,3680,248463
2002,May,5,51,Ulster,3472,6437,473484,1816,2746,224547,1656,3691,248937
2002,April,4,51,Ulster,3502,6477,477024,1852,2809,233815,1650,3668,243209
2002,March,3,51,Ulster,3554,6636,495084,1868,2863,237940,1686,3773,257144
2002,February,2,51,Ulster,3493,6506,481888,1845,2822,235031,1648,3684,246857
2002,January,1,51,Ulster,3523,6566,486707,1851,2814,234468,1672,3752,252239
2018,December,12,52,Warren,3725,6445,759321,1117,1308,208559,2608,5137,550762
2018,November,11,52,Warren,3675,6321,745264,1116,1302,208398,2559,5019,536866
2018,October,10,52,Warren,3666,6320,745358,1114,1291,204774,2552,5029,540584
2018,September,9,52,Warren,3657,6263,742000,1115,1287,203868,2542,4976,538132
2018,August,8,52,Warren,3674,6312,737566,1109,1265,201130,2565,5047,536436
2018,July,7,52,Warren,3730,6411,754496,1121,1292,202837,2609,5119,551659
2018,June,6,52,Warren,3757,6453,764086,1136,1303,205452,2621,5150,558634
2018,May,5,52,Warren,3799,6565,772401,1150,1332,207791,2649,5233,564610
2018,April,4,52,Warren,3828,6622,774160,1139,1321,204927,2689,5301,569233
2018,March,3,52,Warren,3900,6788,788548,1155,1343,208311,2745,5445,580237
2018,February,2,52,Warren,3857,6737,780806,1135,1326,206313,2722,5411,574493
2018,January,1,52,Warren,3856,6786,784546,1140,1325,207889,2716,5461,576657
2017,December,12,52,Warren,3830,6696,778815,1149,1341,213676,2681,5355,565139
2017,November,11,52,Warren,3764,6581,760181,1132,1314,208637,2632,5267,551544
2017,October,10,52,Warren,3755,6540,757809,1127,1297,207471,2628,5243,550338
2017,September,9,52,Warren,3766,6513,751160,1132,1289,206053,2634,5224,545107
2017,August,8,52,Warren,3818,6635,775918,1126,1295,205980,2692,5340,569938
2017,July,7,52,Warren,3844,6714,774933,1106,1264,199102,2738,5450,575831
2017,June,6,52,Warren,3907,6846,789496,1117,1290,203317,2790,5556,586179
2017,May,5,52,Warren,3957,6920,804783,1124,1300,205450,2833,5620,599333
2017,April,4,52,Warren,3991,7031,813283,1102,1265,200572,2889,5766,612711
2017,March,3,52,Warren,4028,7082,822577,1117,1282,204132,2911,5800,618445
2017,February,2,52,Warren,3999,7085,818333,1105,1271,201136,2894,5814,617197
2017,January,1,52,Warren,4047,7195,839299,1106,1277,200893,2941,5918,638406
2016,December,12,52,Warren,3999,7119,827547,1097,1262,199387,2902,5857,628160
2016,November,11,52,Warren,3961,7045,823936,1098,1273,204042,2863,5772,619894
2016,October,10,52,Warren,3905,6929,809053,1098,1276,200270,2807,5653,608783
2016,September,9,52,Warren,3889,6900,808088,1101,1285,200390,2788,5615,607698
2016,August,8,52,Warren,3913,6940,822877,1113,1295,202798,2800,5645,620079
2016,July,7,52,Warren,3934,7020,826890,1106,1287,199612,2828,5733,627278
2016,June,6,52,Warren,3970,7097,840486,1102,1273,197860,2868,5824,642626
2016,May,5,52,Warren,4073,7300,871711,1095,1273,199882,2978,6027,671829
2016,April,4,52,Warren,4149,7427,886414,1093,1260,197883,3056,6167,688531
2016,March,3,52,Warren,4183,7553,903949,1100,1272,199946,3083,6281,704003
2016,February,2,52,Warren,4178,7547,906091,1108,1278,202165,3070,6269,703926
2016,January,1,52,Warren,4155,7553,902747,1095,1265,196539,3060,6288,706208
2015,December,12,52,Warren,4067,7357,889083,1089,1252,194920,2978,6105,694163
2015,November,11,52,Warren,3920,7040,849170,1085,1255,196116,2835,5785,653054
2015,October,10,52,Warren,3911,7002,845229,1094,1263,197704,2817,5739,647525
2015,September,9,52,Warren,3917,7000,842934,1092,1269,199509,2825,5731,643425
2015,August,8,52,Warren,3908,6970,846133,1092,1268,201021,2816,5702,645112
2015,July,7,52,Warren,3989,7174,869127,1102,1299,202129,2887,5875,666998
2015,June,6,52,Warren,4050,7319,885062,1099,1298,204113,2951,6021,680949
2015,May,5,52,Warren,4124,7459,907333,1104,1301,202977,3020,6158,704356
2015,April,4,52,Warren,4157,7558,920521,1106,1316,206927,3051,6242,713594
2015,March,3,52,Warren,4191,7644,932084,1120,1335,211020,3071,6309,721064
2015,February,2,52,Warren,4176,7614,931630,1122,1324,210102,3054,6290,721528
2015,January,1,52,Warren,4186,7622,940922,1124,1339,211975,3062,6283,728947
2014,December,12,52,Warren,4135,7489,932617,1090,1240,201714,3045,6249,730903
2014,November,11,52,Warren,4076,7372,911922,1094,1239,200481,2982,6133,711441
2014,October,10,52,Warren,4050,7333,903751,1072,1229,199546,2978,6104,704205
2014,September,9,52,Warren,4026,7317,858354,1074,1212,188489,2952,6105,669865
2014,August,8,52,Warren,4090,7466,884200,1081,1228,193405,3009,6238,690795
2014,July,7,52,Warren,4142,7580,907705,1092,1245,195766,3050,6335,711939
2014,June,6,52,Warren,4200,7707,939298,1097,1235,197148,3103,6472,742150
2014,May,5,52,Warren,4252,7787,963452,1094,1238,199506,3158,6549,763946
2014,April,4,52,Warren,4239,7794,961071,1097,1246,199312,3142,6548,761759
2014,March,3,52,Warren,4200,7782,952742,1076,1227,196611,3124,6555,756131
2014,February,2,52,Warren,4091,7601,926388,1054,1215,195049,3037,6386,731339
2014,January,1,52,Warren,4084,7603,907885,1061,1208,192882,3023,6395,715003
2013,December,12,52,Warren,4057,7497,901531,1067,1202,194449,2990,6295,707082
2013,November,11,52,Warren,4104,7461,971681,1105,1235,216325,2999,6226,755356
2013,October,10,52,Warren,4002,7335,951765,1066,1193,204123,2936,6142,747642
2013,September,9,52,Warren,3975,7293,928791,1069,1204,200980,2906,6089,727811
2013,August,8,52,Warren,4012,7371,940920,1072,1200,199236,2940,6171,741684
2013,July,7,52,Warren,4014,7408,947846,1063,1189,197185,2951,6219,750661
2013,June,6,52,Warren,4053,7548,973258,1069,1200,198551,2984,6348,774707
2013,May,5,52,Warren,4069,7589,980593,1075,1199,201631,2994,6390,778962
2013,April,4,52,Warren,4051,7583,974782,1081,1219,204518,2970,6364,770264
2013,March,3,52,Warren,4063,7609,984059,1076,1199,201369,2987,6410,782690
2013,February,2,52,Warren,3989,7489,964169,1050,1162,195369,2939,6327,768800
2013,January,1,52,Warren,3988,7495,956603,1039,1152,193427,2949,6343,763176
2012,December,12,52,Warren,3913,7306,933778,1037,1138,193184,2876,6168,740594
2012,November,11,52,Warren,3848,7190,919295,1039,1134,193927,2809,6056,725368
2012,October,10,52,Warren,3833,7190,919132,1033,1131,192912,2800,6059,726220
2012,September,9,52,Warren,3758,7040,894424,1025,1132,191914,2733,5908,702510
2012,August,8,52,Warren,3794,7110,910285,1017,1122,191160,2777,5988,719125
2012,July,7,52,Warren,3851,7243,929058,1027,1134,192149,2824,6109,736909
2012,June,6,52,Warren,3924,7454,954808,1032,1155,195682,2892,6299,759126
2012,May,5,52,Warren,3984,7592,983914,1030,1148,195922,2954,6444,787992
2012,April,4,52,Warren,4034,7705,997287,1033,1149,197600,3001,6556,799687
2012,March,3,52,Warren,3996,7637,1028011,1027,1146,217611,2969,6491,810400
2012,February,2,52,Warren,3958,7563,984475,1030,1155,195669,2928,6408,788806
2012,January,1,52,Warren,3934,7526,973713,1041,1161,194917,2893,6365,778796
2011,December,12,52,Warren,3904,7426,972830,1025,1128,194031,2879,6298,778799
2011,November,11,52,Warren,3782,7167,936638,1017,1135,192485,2765,6032,744153
2011,October,10,52,Warren,3781,7183,934404,1014,1132,193910,2767,6051,740494
2011,September,9,52,Warren,3761,7164,922377,1001,1102,185299,2760,6062,737078
2011,August,8,52,Warren,3800,7206,942932,1016,1127,190565,2784,6079,752367
2011,July,7,52,Warren,3923,7479,983398,1038,1157,195104,2885,6322,788294
2011,June,6,52,Warren,4000,7654,1016038,1022,1126,191003,2978,6528,825035
2011,May,5,52,Warren,4062,7816,1040022,1028,1127,191708,3034,6689,848314
2011,April,4,52,Warren,4086,7898,1047818,1035,1144,193908,3051,6754,853910
2011,March,3,52,Warren,4095,7946,1075659,1030,1135,197725,3065,6811,877934
2011,February,2,52,Warren,4031,7873,1061814,1028,1132,196564,3003,6741,865250
2011,January,1,52,Warren,3985,7824,1046901,1028,1132,196240,2957,6692,850661
2010,December,12,52,Warren,3922,7796,1039683,1009,1112,193230,2913,6684,846453
2010,November,11,52,Warren,3788,7463,990630,1020,1132,194285,2768,6331,796345
2010,October,10,52,Warren,3709,7345,971941,1011,1128,193657,2698,6217,778284
2010,September,9,52,Warren,3673,7257,962120,994,1104,189560,2679,6153,772560
2010,August,8,52,Warren,3657,7265,973644,995,1114,189229,2662,6151,784415
2010,July,7,52,Warren,3691,7338,982806,997,1125,193093,2694,6213,789713
2010,June,6,52,Warren,3684,7336,984580,1003,1147,196347,2681,6189,788233
2010,May,5,52,Warren,3650,7293,979500,1010,1146,196555,2640,6147,782945
2010,April,4,52,Warren,3619,7275,968795,1020,1157,198250,2599,6118,770545
2010,March,3,52,Warren,3563,7132,957633,1029,1174,201818,2534,5958,755815
2010,February,2,52,Warren,3514,7009,949739,1034,1168,201753,2480,5841,747986
2010,January,1,52,Warren,3473,6931,946789,1007,1134,192629,2466,5797,754160
2009,December,12,52,Warren,3366,6664,898690,999,1126,193041,2367,5538,705649
2009,November,11,52,Warren,3273,6510,870212,986,1098,187910,2287,5412,682302
2009,October,10,52,Warren,3211,6339,850154,1000,1119,191666,2211,5220,658488
2009,September,9,52,Warren,3153,6183,832780,999,1128,190182,2154,5055,642598
2009,August,8,52,Warren,3102,6046,826300,996,1138,191539,2106,4908,634761
2009,July,7,52,Warren,3095,6054,828120,989,1124,193649,2106,4930,634471
2009,June,6,52,Warren,3082,5967,819536,996,1116,191294,2086,4851,628242
2009,May,5,52,Warren,3045,5942,820519,989,1103,191132,2056,4839,629387
2009,April,4,52,Warren,3046,5883,809298,991,1090,186360,2055,4793,622938
2009,March,3,52,Warren,2969,5744,685025,978,1091,164583,1991,4653,520442
2009,February,2,52,Warren,2854,5455,654604,994,1112,166505,1860,4343,488099
2009,January,1,52,Warren,2791,5318,576246,962,1068,137124,1829,4250,439122
2008,December,12,52,Warren,2687,5120,571890,958,1069,143980,1729,4051,427910
2008,November,11,52,Warren,2542,4811,533984,951,1059,140349,1591,3752,393635
2008,October,10,52,Warren,2465,4641,516039,939,1053,139405,1526,3588,376634
2008,September,9,52,Warren,2389,4503,412936,917,1028,103055,1472,3475,309881
2008,August,8,52,Warren,2374,4446,410456,920,1044,103916,1454,3402,306540
2008,July,7,52,Warren,2380,4470,418852,909,1022,101296,1471,3448,317556
2008,June,6,52,Warren,2417,4493,426272,931,1030,102550,1486,3463,323722
2008,May,5,52,Warren,2392,4426,417207,939,1045,103645,1453,3381,313562
2008,April,4,52,Warren,2393,4424,418010,930,1033,103137,1463,3391,314873
2008,March,3,52,Warren,2339,4344,402040,917,1021,99317,1422,3323,302723
2008,February,2,52,Warren,2263,4229,393243,907,1011,100166,1356,3218,293077
2008,January,1,52,Warren,2235,4143,384143,894,985,96690,1341,3158,287453
2007,December,12,52,Warren,2154,4005,374431,864,958,96089,1290,3047,278342
2007,November,11,52,Warren,2086,3794,355662,840,921,91033,1246,2873,264629
2007,October,10,52,Warren,2090,3771,357223,856,944,94546,1234,2827,262677
2007,September,9,52,Warren,2088,3740,332295,865,951,88679,1223,2789,243616
2007,August,8,52,Warren,2092,3730,331697,871,944,87922,1221,2786,243775
2007,July,7,52,Warren,2114,3831,339524,871,942,87857,1243,2889,251667
2007,June,6,52,Warren,2123,3863,340110,867,942,88047,1256,2921,252063
2007,May,5,52,Warren,2156,3911,350267,887,962,89759,1269,2949,260508
2007,April,4,52,Warren,2167,3909,349876,898,1000,95900,1269,2909,253976
2007,March,3,52,Warren,2204,3979,360358,891,973,93058,1313,3006,267300
2007,February,2,52,Warren,2188,3997,355066,883,979,93730,1305,3018,261336
2007,January,1,52,Warren,2220,4085,364739,902,1004,97413,1318,3081,267326
2006,December,12,52,Warren,2190,4002,363484,890,997,96467,1300,3005,267017
2006,November,11,52,Warren,2131,3881,353500,877,981,99146,1254,2900,254354
2006,October,10,52,Warren,2111,3809,348159,893,1006,97574,1218,2803,250585
2006,September,9,52,Warren,2081,3784,333690,847,929,88003,1234,2855,245687
2006,August,8,52,Warren,2118,3838,340712,871,961,91790,1247,2877,248922
2006,July,7,52,Warren,2123,3879,341589,872,962,89434,1251,2917,252155
2006,June,6,52,Warren,2161,3939,352536,894,995,95426,1267,2944,257110
2006,May,5,52,Warren,2191,3989,361427,899,1005,96930,1292,2984,264497
2006,April,4,52,Warren,2199,4019,362568,885,993,93173,1314,3026,269395
2006,March,3,52,Warren,2224,4050,365626,903,1010,98511,1321,3040,267115
2006,February,2,52,Warren,2181,3999,357665,887,1011,97200,1294,2988,260465
2006,January,1,52,Warren,2184,4001,348389,884,1009,92281,1300,2992,256108
2005,December,12,52,Warren,2146,3957,354778,872,1004,95854,1274,2953,258924
2005,November,11,52,Warren,2105,3850,339531,864,989,94486,1241,2861,245045
2005,October,10,52,Warren,2055,3717,326983,888,1033,98848,1167,2684,228135
2005,September,9,52,Warren,2055,3753,323620,882,1032,94476,1173,2721,229144
2005,August,8,52,Warren,2059,3757,320570,875,1002,91109,1184,2755,229461
2005,July,7,52,Warren,2080,3824,327486,860,997,90581,1220,2827,236905
2005,June,6,52,Warren,2101,3869,335667,871,1009,92865,1230,2860,242802
2005,May,5,52,Warren,2155,3992,345542,883,1034,95521,1272,2958,250021
2005,April,4,52,Warren,2158,3958,336631,902,1056,94204,1256,2902,242427
2005,March,3,52,Warren,2177,3987,340135,918,1074,94716,1259,2913,245419
2005,February,2,52,Warren,2134,3873,328982,953,1136,99863,1181,2737,229119
2005,January,1,52,Warren,2120,3859,325058,955,1133,97990,1165,2726,227068
2004,December,12,52,Warren,2127,3885,329481,967,1153,100755,1160,2732,228726
2004,November,11,52,Warren,2031,3683,313078,936,1118,99222,1095,2565,213856
2004,October,10,52,Warren,1968,3581,311215,897,1081,97983,1071,2500,213232
2004,September,9,52,Warren,1898,3450,274668,857,1033,86656,1041,2417,188012
2004,August,8,52,Warren,1871,3402,280714,831,1019,90112,1040,2383,190602
2004,July,7,52,Warren,1861,3439,281639,811,1017,90796,1050,2422,190843
2004,June,6,52,Warren,1866,3486,285852,775,975,86795,1091,2511,199057
2004,May,5,52,Warren,1923,3600,300011,794,1025,91611,1129,2575,208400
2004,April,4,52,Warren,1953,3661,303507,804,1040,92221,1149,2621,211286
2004,March,3,52,Warren,1922,3654,303628,790,1032,92197,1132,2622,211431
2004,February,2,52,Warren,1870,3543,291772,774,1003,89961,1096,2540,201811
2004,January,1,52,Warren,1888,3593,293760,782,1007,90673,1106,2586,203087
2003,December,12,52,Warren,1811,3461,280512,743,957,84309,1068,2504,196203
2003,November,11,52,Warren,1763,3330,272561,756,976,85872,1007,2354,186689
2003,October,10,52,Warren,1744,3248,270641,767,987,88152,977,2261,182489
2003,September,9,52,Warren,1700,3184,258978,757,976,85207,943,2208,173771
2003,August,8,52,Warren,1681,3135,253186,742,953,81911,939,2182,171275
2003,July,7,52,Warren,1716,3279,266863,760,1038,86237,956,2241,180626
2003,June,6,52,Warren,1737,3314,262489,761,1018,83764,976,2296,178725
2003,May,5,52,Warren,1768,3378,271146,769,1032,86269,999,2346,184877
2003,April,4,52,Warren,1794,3406,277385,798,1116,97156,996,2290,180229
2003,March,3,52,Warren,1794,3449,280796,803,1123,95627,991,2326,185169
2003,February,2,52,Warren,1786,3417,274481,785,1092,93688,1001,2325,180793
2003,January,1,52,Warren,1774,3400,267587,783,1082,90725,991,2318,176862
2002,December,12,52,Warren,1729,3273,257560,768,1041,88529,961,2232,169031
2002,November,11,52,Warren,1668,3136,250901,777,1068,91701,891,2068,159200
2002,October,10,52,Warren,1646,3096,252094,762,1059,92820,884,2037,159274
2002,September,9,52,Warren,1597,2973,223702,741,1032,83557,856,1941,140145
2002,August,8,52,Warren,1604,2981,225000,744,1017,80832,860,1964,144168
2002,July,7,52,Warren,1602,3002,225095,742,1020,81309,860,1982,143786
2002,June,6,52,Warren,1628,3070,233383,760,1069,86665,868,2001,146718
2002,May,5,52,Warren,1644,3083,238767,773,1081,89930,871,2002,148837
2002,April,4,52,Warren,1687,3161,242425,804,1135,94197,883,2026,148228
2002,March,3,52,Warren,1730,3290,254881,801,1139,94208,929,2151,160673
2002,February,2,52,Warren,1674,3179,246615,772,1067,89593,902,2112,157022
2002,January,1,52,Warren,1697,3267,257197,793,1124,97795,904,2143,159402
2018,December,12,53,Washington,3542,6479,723822,1015,1231,187311,2527,5248,536511
2018,November,11,53,Washington,3504,6401,720896,1002,1218,185391,2502,5183,535505
2018,October,10,53,Washington,3440,6236,702463,999,1200,182398,2441,5036,520065
2018,September,9,53,Washington,3424,6219,701234,984,1187,178060,2440,5032,523174
2018,August,8,53,Washington,3449,6261,705588,989,1219,181763,2460,5042,523825
2018,July,7,53,Washington,3487,6431,725947,1002,1251,184184,2485,5180,541763
2018,June,6,53,Washington,3565,6574,734928,1013,1279,188985,2552,5295,545943
2018,May,5,53,Washington,3601,6661,750094,1010,1272,188712,2591,5389,561382
2018,April,4,53,Washington,3640,6771,761190,1009,1269,188321,2631,5502,572869
2018,March,3,53,Washington,3673,6874,773049,1008,1265,186899,2665,5609,586150
2018,February,2,53,Washington,3664,6866,771327,1021,1295,192051,2643,5571,579276
2018,January,1,53,Washington,3696,6946,780962,1038,1322,192818,2658,5624,588144
2017,December,12,53,Washington,3640,6821,775516,1037,1337,199454,2603,5484,576062
2017,November,11,53,Washington,3622,6731,763819,1028,1322,197004,2594,5409,566815
2017,October,10,53,Washington,3627,6744,760952,1037,1328,194698,2590,5416,566254
2017,September,9,53,Washington,3631,6776,768349,1029,1311,192779,2602,5465,575570
2017,August,8,53,Washington,3674,6914,793906,1030,1312,195664,2644,5602,598242
2017,July,7,53,Washington,3706,6939,800365,1029,1308,196079,2677,5631,604286
2017,June,6,53,Washington,3723,7014,806376,1042,1323,197213,2681,5691,609163
2017,May,5,53,Washington,3747,7111,821396,1036,1312,198668,2711,5799,622728
2017,April,4,53,Washington,3745,7136,807222,1030,1321,195301,2715,5815,611921
2017,March,3,53,Washington,3797,7253,820584,1043,1351,201372,2754,5902,619212
2017,February,2,53,Washington,3790,7228,818525,1051,1353,202705,2739,5875,615820
2017,January,1,53,Washington,3808,7237,823174,1043,1334,198981,2765,5903,624193
2016,December,12,53,Washington,3778,7109,807528,1045,1331,201680,2733,5778,605848
2016,November,11,53,Washington,3765,7061,815354,1032,1311,199886,2733,5750,615468
2016,October,10,53,Washington,3718,7048,808175,1041,1322,197779,2677,5726,610396
2016,September,9,53,Washington,3726,7004,805274,1037,1311,197575,2689,5693,607699
2016,August,8,53,Washington,3719,7058,816953,1030,1317,199512,2689,5741,617441
2016,July,7,53,Washington,3740,7073,814091,1036,1319,199016,2704,5754,615075
2016,June,6,53,Washington,3756,7141,833043,1025,1324,197920,2731,5817,635123
2016,May,5,53,Washington,3847,7350,861517,1043,1347,202254,2804,6003,659263
2016,April,4,53,Washington,3989,7543,897800,1041,1344,204284,2948,6199,693516
2016,March,3,53,Washington,4022,7582,901113,1058,1363,210046,2964,6219,691067
2016,February,2,53,Washington,4051,7681,917981,1065,1383,212180,2986,6298,705801
2016,January,1,53,Washington,4073,7727,919999,1058,1356,204916,3015,6371,715083
2015,December,12,53,Washington,4050,7640,918644,1053,1355,206183,2997,6285,712461
2015,November,11,53,Washington,3972,7500,900955,1019,1305,197350,2953,6195,703605
2015,October,10,53,Washington,3970,7537,902680,1029,1335,199307,2941,6202,703373
2015,September,9,53,Washington,3984,7541,902702,1028,1331,198291,2956,6210,704411
2015,August,8,53,Washington,4019,7606,916824,1042,1340,202484,2977,6266,714340
2015,July,7,53,Washington,4064,7697,920275,1059,1356,201534,3005,6341,718741
2015,June,6,53,Washington,4059,7706,930414,1052,1339,200270,3007,6367,730144
2015,May,5,53,Washington,4072,7789,949983,1063,1348,204471,3009,6441,745512
2015,April,4,53,Washington,4119,7830,960417,1071,1347,204456,3048,6483,755961
2015,March,3,53,Washington,4148,7956,982871,1081,1360,209065,3067,6596,773806
2015,February,2,53,Washington,4066,7801,952243,1078,1366,209285,2988,6435,742958
2015,January,1,53,Washington,4101,7891,963539,1071,1364,208749,3030,6527,754790
2014,December,12,53,Washington,4047,7757,950284,961,1133,180160,3086,6624,770124
2014,November,11,53,Washington,4019,7664,934681,979,1158,185731,3040,6506,748950
2014,October,10,53,Washington,4029,7704,943803,965,1157,182238,3064,6547,761565
2014,September,9,53,Washington,4009,7691,904469,961,1118,172343,3048,6573,732126
2014,August,8,53,Washington,4031,7771,925079,953,1104,173103,3078,6667,751976
2014,July,7,53,Washington,4079,7956,946451,950,1122,176568,3129,6834,769883
2014,June,6,53,Washington,4085,7992,954470,949,1114,177712,3136,6878,776758
2014,May,5,53,Washington,4108,8057,958571,929,1107,174200,3179,6950,784371
2014,April,4,53,Washington,4154,8214,980252,931,1107,175484,3223,7107,804768
2014,March,3,53,Washington,4076,8045,967031,916,1073,171500,3160,6972,795531
2014,February,2,53,Washington,4016,7878,941048,929,1093,174987,3087,6785,766061
2014,January,1,53,Washington,4038,7897,940535,937,1122,178091,3101,6775,762444
2013,December,12,53,Washington,3997,7769,927139,924,1087,173642,3073,6682,753497
2013,November,11,53,Washington,4045,7851,995839,957,1152,193825,3088,6699,802014
2013,October,10,53,Washington,3977,7791,1000645,941,1124,190523,3036,6667,810122
2013,September,9,53,Washington,3904,7654,963579,931,1137,187711,2973,6517,775868
2013,August,8,53,Washington,3964,7784,983539,930,1109,184040,3034,6675,799499
2013,July,7,53,Washington,3979,7883,990388,930,1104,183826,3049,6779,806562
2013,June,6,53,Washington,4011,7908,999558,926,1093,183270,3085,6815,816288
2013,May,5,53,Washington,4011,7952,1015280,897,1053,175938,3114,6899,839342
2013,April,4,53,Washington,4019,8004,1030416,907,1077,181137,3112,6927,849279
2013,March,3,53,Washington,4002,7998,1045927,899,1049,177007,3103,6949,868920
2013,February,2,53,Washington,3925,7876,1006487,897,1054,175850,3028,6822,830637
2013,January,1,53,Washington,3907,7868,1006037,903,1063,176717,3004,6805,829320
2012,December,12,53,Washington,3846,7741,993442,892,1054,177726,2954,6687,815716
2012,November,11,53,Washington,3796,7627,979085,894,1032,174530,2902,6595,804555
2012,October,10,53,Washington,3788,7566,974459,905,1048,178072,2883,6518,796387
2012,September,9,53,Washington,3759,7536,980998,917,1092,185304,2842,6444,795694
2012,August,8,53,Washington,3778,7539,970733,933,1107,186829,2845,6432,783904
2012,July,7,53,Washington,3749,7485,962944,925,1082,182344,2824,6403,780600
2012,June,6,53,Washington,3805,7599,981080,924,1060,182404,2881,6539,798676
2012,May,5,53,Washington,3805,7612,972020,930,1077,184738,2875,6535,787282
2012,April,4,53,Washington,3813,7651,990520,911,1029,173831,2902,6622,816689
2012,March,3,53,Washington,3773,7611,1009333,905,1041,180325,2868,6570,829008
2012,February,2,53,Washington,3745,7581,981470,910,1056,177986,2835,6525,803484
2012,January,1,53,Washington,3679,7465,965245,886,1002,170367,2793,6463,794878
2011,December,12,53,Washington,3688,7498,984003,884,1016,175515,2804,6482,808488
2011,November,11,53,Washington,3649,7433,976754,881,1032,177213,2768,6401,799541
2011,October,10,53,Washington,3646,7420,976864,875,1008,174410,2771,6412,802454
2011,September,9,53,Washington,3642,7392,958198,887,1036,173635,2755,6356,784563
2011,August,8,53,Washington,3634,7330,964205,872,1000,168861,2762,6330,795344
2011,July,7,53,Washington,3630,7343,966734,882,1012,172290,2748,6331,794444
2011,June,6,53,Washington,3651,7401,982585,884,1003,173266,2767,6398,809319
2011,May,5,53,Washington,3611,7355,956801,884,1015,172205,2727,6340,784596
2011,April,4,53,Washington,3625,7333,947641,887,1021,171812,2738,6312,775829
2011,March,3,53,Washington,3637,7334,972485,888,1015,176484,2749,6319,796001
2011,February,2,53,Washington,3583,7245,956845,879,1017,176110,2704,6228,780735
2011,January,1,53,Washington,3580,7210,940210,877,1016,175017,2703,6194,765193
2010,December,12,53,Washington,3561,7204,945828,889,1028,176557,2672,6176,769271
2010,November,11,53,Washington,3515,7131,936535,885,1035,178973,2630,6096,757562
2010,October,10,53,Washington,3477,7062,922432,887,1052,178849,2590,6010,743583
2010,September,9,53,Washington,3444,6943,898593,889,1029,175541,2555,5914,723052
2010,August,8,53,Washington,3489,7032,919470,903,1058,180692,2586,5974,738778
2010,July,7,53,Washington,3532,7120,928783,935,1146,195866,2597,5974,732917
2010,June,6,53,Washington,3539,7127,937636,910,1085,187482,2629,6042,750154
2010,May,5,53,Washington,3502,7047,925104,915,1091,188781,2587,5956,736323
2010,April,4,53,Washington,3557,7149,929757,918,1106,192105,2639,6043,737652
2010,March,3,53,Washington,3585,7259,949544,926,1114,192161,2659,6145,757383
2010,February,2,53,Washington,3550,7184,941029,912,1111,191241,2638,6073,749788
2010,January,1,53,Washington,3517,7087,937793,898,1099,189706,2619,5988,748087
2009,December,12,53,Washington,3439,6965,906822,867,1048,179248,2572,5917,727574
2009,November,11,53,Washington,3369,6753,885139,885,1095,186907,2484,5658,698232
2009,October,10,53,Washington,3302,6620,880211,892,1093,186136,2410,5527,694075
2009,September,9,53,Washington,3193,6385,843728,888,1096,185868,2305,5289,657860
2009,August,8,53,Washington,3164,6309,827481,899,1104,187892,2265,5205,639589
2009,July,7,53,Washington,3175,6335,834654,887,1083,184222,2288,5252,650432
2009,June,6,53,Washington,3193,6315,835856,895,1062,182713,2298,5253,653143
2009,May,5,53,Washington,3164,6278,837513,874,1045,180258,2290,5233,657255
2009,April,4,53,Washington,3144,6259,837294,864,1051,179776,2280,5208,657518
2009,March,3,53,Washington,3125,6190,721104,848,1014,151763,2277,5176,569341
2009,February,2,53,Washington,3031,5978,683757,837,996,148524,2194,4982,535233
2009,January,1,53,Washington,2951,5850,629892,843,999,133927,2108,4851,495965
2008,December,12,53,Washington,2855,5615,609169,831,992,136601,2024,4623,472568
2008,November,11,53,Washington,2775,5400,591670,815,961,130968,1960,4439,460702
2008,October,10,53,Washington,2624,5057,557598,816,954,130411,1808,4103,427187
2008,September,9,53,Washington,2535,4851,453490,814,951,104294,1721,3900,349196
2008,August,8,53,Washington,2499,4797,448374,818,964,104866,1681,3833,343508
2008,July,7,53,Washington,2447,4720,445033,812,956,104444,1635,3764,340589
2008,June,6,53,Washington,2453,4814,456579,817,939,100716,1636,3875,355863
2008,May,5,53,Washington,2433,4740,457708,829,966,103427,1604,3774,354281
2008,April,4,53,Washington,2434,4753,461951,835,988,106190,1599,3765,355761
2008,March,3,53,Washington,2404,4736,462549,849,1022,109198,1555,3714,353351
2008,February,2,53,Washington,2352,4644,446913,863,1040,114500,1489,3604,332413
2008,January,1,53,Washington,2337,4618,438060,886,1073,117563,1451,3545,320497
2007,December,12,53,Washington,2252,4460,426571,867,1065,118537,1385,3395,308034
2007,November,11,53,Washington,2230,4375,425359,871,1094,124854,1359,3281,300505
2007,October,10,53,Washington,2192,4275,416027,872,1104,124121,1320,3171,291906
2007,September,9,53,Washington,2176,4269,390442,852,1065,112973,1324,3204,277469
2007,August,8,53,Washington,2211,4342,394555,858,1055,112714,1353,3287,281841
2007,July,7,53,Washington,2212,4298,387696,858,1038,110932,1354,3260,276764
2007,June,6,53,Washington,2235,4366,398847,877,1103,117274,1358,3263,281573
2007,May,5,53,Washington,2267,4465,407297,898,1143,122436,1369,3322,284861
2007,April,4,53,Washington,2277,4502,410210,901,1143,121704,1376,3359,288506
2007,March,3,53,Washington,2295,4514,416624,908,1138,122393,1387,3376,294231
2007,February,2,53,Washington,2258,4427,406072,899,1101,117579,1359,3326,288493
2007,January,1,53,Washington,2259,4446,413214,886,1085,118720,1373,3361,294494
2006,December,12,53,Washington,2186,4283,400996,870,1078,117697,1316,3205,283299
2006,November,11,53,Washington,2149,4189,389214,866,1070,118901,1283,3119,270313
2006,October,10,53,Washington,2131,4159,382945,860,1091,116608,1271,3068,266337
2006,September,9,53,Washington,2102,4075,360652,863,1093,114831,1239,2982,245821
2006,August,8,53,Washington,2088,4084,362299,840,1074,111383,1248,3010,250916
2006,July,7,53,Washington,2095,4101,362874,834,1058,107629,1261,3043,255245
2006,June,6,53,Washington,2113,4161,368656,809,1005,104897,1304,3156,263759
2006,May,5,53,Washington,2110,4144,366214,800,996,103481,1310,3148,262733
2006,April,4,53,Washington,2129,4241,378045,792,971,100608,1337,3270,277437
2006,March,3,53,Washington,2164,4343,391677,796,971,103461,1368,3372,288216
2006,February,2,53,Washington,2151,4301,381855,808,985,101278,1343,3316,280577
2006,January,1,53,Washington,2161,4323,377468,821,1021,100762,1340,3302,276706
2005,December,12,53,Washington,2177,4321,389591,826,1022,105686,1351,3299,283905
2005,November,11,53,Washington,2112,4145,367424,826,1018,104849,1286,3127,262575
2005,October,10,53,Washington,2096,4131,372424,807,1010,103465,1289,3121,268959
2005,September,9,53,Washington,2033,3962,337590,783,943,94324,1250,3019,243266
2005,August,8,53,Washington,2002,3929,335821,757,912,89489,1245,3017,246332
2005,July,7,53,Washington,1999,3901,335922,769,938,93491,1230,2963,242431
2005,June,6,53,Washington,2036,3994,339231,784,970,93457,1252,3024,245774
2005,May,5,53,Washington,2091,4076,348227,807,988,95279,1284,3088,252948
2005,April,4,53,Washington,2125,4101,353362,844,1035,98860,1281,3066,254502
2005,March,3,53,Washington,2166,4222,367274,872,1088,106117,1294,3134,261157
2005,February,2,53,Washington,2161,4206,369078,894,1107,106288,1267,3099,262790
2005,January,1,53,Washington,2141,4150,360712,890,1106,106783,1251,3044,253929
2004,December,12,53,Washington,2103,4081,358423,897,1122,109704,1206,2959,248719
2004,November,11,53,Washington,2020,3955,346888,851,1083,104419,1169,2872,242469
2004,October,10,53,Washington,1985,3893,343316,828,1056,102195,1157,2837,241121
2004,September,9,53,Washington,1935,3782,306641,792,1009,93887,1143,2773,212754
2004,August,8,53,Washington,1924,3836,310105,748,954,88782,1176,2882,221323
2004,July,7,53,Washington,1936,3916,319468,729,940,89224,1207,2976,230244
2004,June,6,53,Washington,1936,3955,322590,704,910,85633,1232,3045,236957
2004,May,5,53,Washington,1979,4080,336678,698,922,87101,1281,3158,249577
2004,April,4,53,Washington,1966,4081,335228,694,906,85170,1272,3175,250058
2004,March,3,53,Washington,1958,4093,346499,698,936,89721,1260,3157,256778
2004,February,2,53,Washington,1943,4089,341742,685,909,85434,1258,3180,256308
2004,January,1,53,Washington,1939,4023,332891,693,901,84111,1246,3122,248780
2003,December,12,53,Washington,1926,4007,330970,678,856,80097,1248,3151,250873
2003,November,11,53,Washington,1884,3933,324709,673,868,81427,1211,3065,243282
2003,October,10,53,Washington,1858,3856,320002,667,862,80019,1191,2994,239983
2003,September,9,53,Washington,1863,3841,313537,678,882,84439,1185,2959,229098
2003,August,8,53,Washington,1843,3793,310551,656,878,79940,1187,2915,230611
2003,July,7,53,Washington,1854,3827,314721,645,846,78649,1209,2981,236072
2003,June,6,53,Washington,1866,3843,317087,662,870,81156,1204,2973,235931
2003,May,5,53,Washington,1893,3886,323687,680,908,84272,1213,2978,239415
2003,April,4,53,Washington,1881,3889,323839,689,918,84791,1192,2971,239048
2003,March,3,53,Washington,1869,3831,319197,679,879,80162,1190,2952,239035
2003,February,2,53,Washington,1817,3697,303460,686,896,82173,1131,2801,221287
2003,January,1,53,Washington,1775,3627,295093,666,870,79852,1109,2757,215241
2002,December,12,53,Washington,1734,3523,285414,649,839,75592,1085,2684,209822
2002,November,11,53,Washington,1740,3536,284811,666,898,83181,1074,2638,201630
2002,October,10,53,Washington,1709,3435,276214,674,913,83658,1035,2522,192556
2002,September,9,53,Washington,1654,3292,245367,630,811,65137,1024,2481,180230
2002,August,8,53,Washington,1657,3314,246841,635,839,68727,1022,2475,178114
2002,July,7,53,Washington,1673,3331,244930,650,861,68771,1023,2470,176159
2002,June,6,53,Washington,1682,3319,250544,668,881,72091,1014,2438,178453
2002,May,5,53,Washington,1711,3379,252248,658,846,68890,1053,2533,183358
2002,April,4,53,Washington,1691,3362,252757,650,835,68324,1041,2527,184433
2002,March,3,53,Washington,1690,3379,255848,658,837,71011,1032,2542,184837
2002,February,2,53,Washington,1678,3380,255197,656,824,69321,1022,2556,185876
2002,January,1,53,Washington,1639,3265,247690,654,820,68838,985,2445,178852
2018,December,12,54,Wayne,4897,8593,979879,1642,2027,315849,3255,6566,664030
2018,November,11,54,Wayne,4880,8558,974837,1646,2038,317204,3234,6520,657633
2018,October,10,54,Wayne,4910,8590,997638,1645,2033,317869,3265,6557,679769
2018,September,9,54,Wayne,4906,8633,983236,1659,2058,317414,3247,6575,665822
2018,August,8,54,Wayne,4882,8564,976441,1656,2062,316581,3226,6502,659860
2018,July,7,54,Wayne,4924,8684,990101,1667,2105,319219,3257,6579,670882
2018,June,6,54,Wayne,4984,8858,1008624,1669,2107,315987,3315,6751,692637
2018,May,5,54,Wayne,5062,9033,1028869,1695,2141,322136,3367,6892,706733
2018,April,4,54,Wayne,5078,9093,1034554,1697,2144,319602,3381,6949,714952
2018,March,3,54,Wayne,5144,9322,1059981,1680,2119,318674,3464,7203,741307
2018,February,2,54,Wayne,5051,9118,1021973,1660,2107,314008,3391,7011,707965
2018,January,1,54,Wayne,5062,9123,1021229,1665,2118,320272,3397,7005,700957
2017,December,12,54,Wayne,5007,9057,1021308,1645,2087,316746,3362,6970,704562
2017,November,11,54,Wayne,4986,9000,1007201,1655,2092,317335,3331,6908,689866
2017,October,10,54,Wayne,5017,9027,1019158,1664,2097,321246,3353,6930,697912
2017,September,9,54,Wayne,5037,9078,1024621,1674,2110,319607,3363,6968,705014
2017,August,8,54,Wayne,5097,9207,1048890,1679,2113,321830,3418,7094,727060
2017,July,7,54,Wayne,5127,9228,1049682,1698,2125,324848,3429,7103,724834
2017,June,6,54,Wayne,5216,9429,1070913,1704,2130,324849,3512,7299,746064
2017,May,5,54,Wayne,5239,9490,1079618,1694,2134,323661,3545,7356,755957
2017,April,4,54,Wayne,5256,9554,1091445,1679,2095,319069,3577,7459,772376
2017,March,3,54,Wayne,5318,9796,1113511,1691,2131,324448,3627,7665,789063
2017,February,2,54,Wayne,5336,9836,1121798,1678,2112,323211,3658,7724,798587
2017,January,1,54,Wayne,5302,9784,1109125,1683,2111,324051,3619,7673,785074
2016,December,12,54,Wayne,5371,9887,1119848,1710,2145,331549,3661,7742,788299
2016,November,11,54,Wayne,5286,9651,1109150,1694,2124,333483,3592,7527,775667
2016,October,10,54,Wayne,5327,9775,1126938,1697,2142,329189,3630,7633,797749
2016,September,9,54,Wayne,5367,9846,1137736,1705,2158,330075,3662,7688,807661
2016,August,8,54,Wayne,5304,9706,1129326,1706,2171,332397,3598,7535,796929
2016,July,7,54,Wayne,5327,9724,1122108,1701,2171,326643,3626,7553,795465
2016,June,6,54,Wayne,5424,9911,1159386,1725,2225,336705,3699,7686,822681
2016,May,5,54,Wayne,5433,9907,1165220,1741,2240,344120,3692,7667,821100
2016,April,4,54,Wayne,5526,10034,1178552,1727,2205,335836,3799,7829,842716
2016,March,3,54,Wayne,5610,10257,1207276,1731,2211,340029,3879,8046,867247
2016,February,2,54,Wayne,5568,10191,1195086,1724,2208,336608,3844,7983,858478
2016,January,1,54,Wayne,5621,10269,1208442,1721,2220,339106,3900,8049,869336
2015,December,12,54,Wayne,5616,10298,1213698,1717,2215,336694,3899,8083,877004
2015,November,11,54,Wayne,5580,10264,1223712,1707,2200,336569,3873,8064,887143
2015,October,10,54,Wayne,5581,10291,1229780,1697,2187,338866,3884,8104,890914
2015,September,9,54,Wayne,5635,10346,1246804,1740,2240,346688,3895,8106,900116
2015,August,8,54,Wayne,5625,10362,1256074,1711,2175,339364,3914,8187,916710
2015,July,7,54,Wayne,5669,10516,1266588,1725,2216,341539,3944,8300,925049
2015,June,6,54,Wayne,5699,10623,1283912,1741,2223,343438,3958,8400,940474
2015,May,5,54,Wayne,5697,10675,1276362,1759,2254,349989,3938,8421,926373
2015,April,4,54,Wayne,5726,10742,1289106,1744,2229,348975,3982,8513,940131
2015,March,3,54,Wayne,5757,10780,1295810,1747,2223,347878,4010,8557,947932
2015,February,2,54,Wayne,5733,10762,1305059,1746,2221,348298,3987,8541,956761
2015,January,1,54,Wayne,5713,10722,1315600,1732,2207,347706,3981,8515,967894
2014,December,12,54,Wayne,5687,10662,1313206,1577,1911,309406,4110,8751,1003800
2014,November,11,54,Wayne,5691,10690,1318548,1563,1910,309048,4128,8780,1009500
2014,October,10,54,Wayne,5753,10872,1348961,1541,1892,305981,4212,8980,1042980
2014,September,9,54,Wayne,5734,10808,1283161,1557,1915,296430,4177,8893,986731
2014,August,8,54,Wayne,5718,10804,1294742,1565,1928,299017,4153,8876,995725
2014,July,7,54,Wayne,5766,10863,1308251,1560,1908,299357,4206,8955,1008894
2014,June,6,54,Wayne,5777,10943,1319152,1559,1907,297937,4218,9036,1021215
2014,May,5,54,Wayne,5860,11114,1351766,1602,1946,303800,4258,9168,1047966
2014,April,4,54,Wayne,5870,11157,1359378,1581,1925,303004,4289,9232,1056374
2014,March,3,54,Wayne,5895,11178,1369289,1586,1935,305108,4309,9243,1064181
2014,February,2,54,Wayne,5783,10969,1350370,1556,1893,300130,4227,9076,1050240
2014,January,1,54,Wayne,5676,10746,1290695,1541,1869,293777,4135,8877,996918
2013,December,12,54,Wayne,5684,10815,1293235,1535,1863,294076,4149,8952,999159
2013,November,11,54,Wayne,5863,11055,1449319,1570,1936,322609,4293,9119,1126710
2013,October,10,54,Wayne,5759,10985,1408134,1545,1881,314408,4214,9104,1093726
2013,September,9,54,Wayne,5782,11059,1397841,1567,1917,313482,4215,9142,1084359
2013,August,8,54,Wayne,5785,11097,1401089,1542,1878,311218,4243,9219,1089871
2013,July,7,54,Wayne,5772,11055,1394660,1539,1871,307530,4233,9184,1087130
2013,June,6,54,Wayne,5758,10996,1384825,1557,1901,311131,4201,9095,1073694
2013,May,5,54,Wayne,5730,10990,1380270,1555,1905,312109,4175,9085,1068161
2013,April,4,54,Wayne,5735,10951,1371467,1570,1941,315393,4165,9010,1056074
2013,March,3,54,Wayne,5720,10965,1376063,1544,1902,310872,4176,9063,1065191
2013,February,2,54,Wayne,5630,10792,1342945,1533,1902,310339,4097,8890,1032606
2013,January,1,54,Wayne,5598,10689,1337847,1520,1883,309363,4078,8806,1028484
2012,December,12,54,Wayne,5514,10591,1330402,1494,1855,306701,4020,8736,1023701
2012,November,11,54,Wayne,5469,10496,1318852,1496,1848,304732,3973,8648,1014120
2012,October,10,54,Wayne,5443,10476,1317000,1497,1866,307168,3946,8610,1009832
2012,September,9,54,Wayne,5467,10480,1320941,1479,1826,302896,3988,8654,1018045
2012,August,8,54,Wayne,5430,10447,1299297,1453,1812,298870,3977,8635,1000427
2012,July,7,54,Wayne,5436,10507,1309034,1447,1809,298060,3989,8698,1010974
2012,June,6,54,Wayne,5486,10628,1329930,1473,1830,299922,4013,8798,1030008
2012,May,5,54,Wayne,5456,10582,1324725,1448,1807,298948,4008,8775,1025777
2012,April,4,54,Wayne,5440,10513,1315747,1451,1809,296550,3989,8704,1019197
2012,March,3,54,Wayne,5463,10532,1392217,1495,1888,336428,3968,8644,1055789
2012,February,2,54,Wayne,5347,10364,1291778,1466,1843,302876,3881,8521,988902
2012,January,1,54,Wayne,5319,10332,1290013,1473,1854,304635,3846,8478,985378
2011,December,12,54,Wayne,5239,10209,1310258,1436,1827,304193,3803,8382,1006065
2011,November,11,54,Wayne,5139,10009,1277829,1433,1826,306514,3706,8183,971315
2011,October,10,54,Wayne,5118,9981,1283014,1466,1879,315629,3652,8102,967385
2011,September,9,54,Wayne,5126,9941,1269203,1467,1862,309237,3659,8079,959966
2011,August,8,54,Wayne,5116,10006,1271331,1456,1833,304836,3660,8173,966495
2011,July,7,54,Wayne,5099,9959,1266790,1467,1832,305736,3632,8127,961054
2011,June,6,54,Wayne,5109,9967,1274864,1474,1851,306554,3635,8116,968310
2011,May,5,54,Wayne,5063,9922,1268593,1460,1835,304150,3603,8087,964443
2011,April,4,54,Wayne,5028,9785,1263299,1460,1830,305832,3568,7955,957467
2011,March,3,54,Wayne,5001,9738,1296228,1462,1835,314530,3539,7903,981698
2011,February,2,54,Wayne,4891,9592,1259507,1446,1823,310171,3445,7769,949336
2011,January,1,54,Wayne,4863,9490,1252146,1457,1837,313498,3406,7653,938648
2010,December,12,54,Wayne,4839,9474,1246946,1450,1819,311212,3389,7655,935734
2010,November,11,54,Wayne,4789,9391,1227151,1446,1817,310805,3343,7574,916346
2010,October,10,54,Wayne,4776,9395,1230409,1452,1834,314054,3324,7561,916355
2010,September,9,54,Wayne,4717,9299,1221075,1428,1790,306679,3289,7509,914396
2010,August,8,54,Wayne,4740,9316,1228457,1425,1756,301329,3315,7560,927128
2010,July,7,54,Wayne,4723,9256,1219281,1432,1771,303110,3291,7485,916171
2010,June,6,54,Wayne,4729,9284,1229517,1414,1749,299987,3315,7535,929530
2010,May,5,54,Wayne,4730,9289,1228252,1418,1757,301084,3312,7532,927168
2010,April,4,54,Wayne,4681,9151,1217112,1427,1774,303259,3254,7377,913853
2010,March,3,54,Wayne,4708,9183,1244659,1440,1792,309074,3268,7391,935585
2010,February,2,54,Wayne,4556,8849,1202210,1425,1774,306718,3131,7075,895492
2010,January,1,54,Wayne,4488,8746,1197979,1412,1761,305108,3076,6985,892871
2009,December,12,54,Wayne,4434,8657,1166738,1399,1726,297497,3035,6931,869241
2009,November,11,54,Wayne,4353,8446,1136434,1380,1691,290763,2973,6755,845671
2009,October,10,54,Wayne,4343,8461,1147087,1393,1729,295845,2950,6732,851242
2009,September,9,54,Wayne,4326,8398,1147696,1398,1729,296812,2928,6669,850884
2009,August,8,54,Wayne,4261,8223,1129638,1386,1718,293321,2875,6505,836317
2009,July,7,54,Wayne,4228,8178,1137009,1380,1727,293599,2848,6451,843410
2009,June,6,54,Wayne,4172,8019,1119073,1392,1714,294788,2780,6305,824285
2009,May,5,54,Wayne,4148,7938,1120809,1419,1732,298862,2729,6206,821947
2009,April,4,54,Wayne,4108,7796,1100696,1431,1740,299741,2677,6056,800955
2009,March,3,54,Wayne,4075,7714,937220,1427,1748,262611,2648,5966,674609
2009,February,2,54,Wayne,3968,7544,911676,1404,1710,256652,2564,5834,655024
2009,January,1,54,Wayne,3906,7434,832225,1386,1698,225536,2520,5736,606689
2008,December,12,54,Wayne,3832,7256,834152,1387,1688,229463,2445,5568,604689
2008,November,11,54,Wayne,3707,7048,799908,1351,1631,218703,2356,5417,581205
2008,October,10,54,Wayne,3679,7005,801849,1335,1613,218805,2344,5392,583044
2008,September,9,54,Wayne,3645,6884,647727,1330,1621,175428,2315,5263,472299
2008,August,8,54,Wayne,3644,6830,639461,1354,1641,174963,2290,5189,464498
2008,July,7,54,Wayne,3623,6754,637505,1370,1640,178085,2253,5114,459420
2008,June,6,54,Wayne,3566,6673,627749,1348,1631,175685,2218,5042,452064
2008,May,5,54,Wayne,3549,6658,624894,1369,1684,183499,2180,4974,441395
2008,April,4,54,Wayne,3524,6594,621304,1384,1692,186679,2140,4902,434625
2008,March,3,54,Wayne,3526,6557,617968,1386,1679,186473,2140,4878,431495
2008,February,2,54,Wayne,3466,6459,608131,1349,1633,180291,2117,4826,427840
2008,January,1,54,Wayne,3410,6345,597868,1327,1621,177411,2083,4724,420457
2007,December,12,54,Wayne,3416,6386,603606,1330,1627,179508,2086,4759,424098
2007,November,11,54,Wayne,3372,6279,592208,1316,1623,179795,2056,4656,412413
2007,October,10,54,Wayne,3364,6250,599819,1335,1639,182001,2029,4611,417818
2007,September,9,54,Wayne,3381,6267,568255,1310,1582,166475,2071,4685,401780
2007,August,8,54,Wayne,3363,6225,561824,1318,1587,167368,2045,4638,394456
2007,July,7,54,Wayne,3329,6138,560079,1317,1597,166441,2012,4541,393638
2007,June,6,54,Wayne,3373,6220,576459,1342,1646,173715,2031,4574,402744
2007,May,5,54,Wayne,3344,6220,573844,1341,1633,174689,2003,4587,399155
2007,April,4,54,Wayne,3346,6258,577149,1336,1634,174802,2010,4624,402347
2007,March,3,54,Wayne,3340,6289,580907,1333,1623,171761,2007,4666,409146
2007,February,2,54,Wayne,3279,6169,568159,1301,1593,168429,1978,4576,399730
2007,January,1,54,Wayne,3268,6136,564478,1304,1610,168712,1964,4526,395766
2006,December,12,54,Wayne,3249,6042,561842,1316,1637,173601,1933,4405,388241
2006,November,11,54,Wayne,3240,6027,565958,1319,1631,179900,1921,4396,386058
2006,October,10,54,Wayne,3253,6051,563128,1322,1649,178173,1931,4402,384955
2006,September,9,54,Wayne,3278,6102,556849,1310,1643,172546,1968,4459,384303
2006,August,8,54,Wayne,3279,6131,557618,1295,1608,168161,1984,4523,389457
2006,July,7,54,Wayne,3291,6131,556776,1308,1638,171132,1983,4493,385644
2006,June,6,54,Wayne,3338,6268,569357,1317,1651,173050,2021,4617,396307
2006,May,5,54,Wayne,3342,6295,575929,1325,1691,178963,2017,4604,396966
2006,April,4,54,Wayne,3303,6238,568786,1314,1695,177481,1989,4543,391305
2006,March,3,54,Wayne,3351,6328,587558,1351,1746,186615,2000,4582,400943
2006,February,2,54,Wayne,3288,6195,574728,1339,1726,182896,1949,4469,391832
2006,January,1,54,Wayne,3297,6240,565041,1352,1766,185762,1945,4474,379279
2005,December,12,54,Wayne,3300,6207,571196,1342,1744,186345,1958,4463,384851
2005,November,11,54,Wayne,3229,6053,556601,1338,1755,184776,1891,4298,371825
2005,October,10,54,Wayne,3251,6086,561133,1334,1754,184631,1917,4332,376502
2005,September,9,54,Wayne,3226,6038,544239,1315,1712,176596,1911,4326,367643
2005,August,8,54,Wayne,3202,6015,540900,1304,1689,174124,1898,4326,366776
2005,July,7,54,Wayne,3205,6087,548183,1275,1631,166506,1930,4456,381677
2005,June,6,54,Wayne,3238,6131,549096,1292,1668,169615,1946,4463,379481
2005,May,5,54,Wayne,3257,6196,557688,1303,1682,172146,1954,4514,385542
2005,April,4,54,Wayne,3281,6141,550011,1349,1723,176124,1932,4418,373887
2005,March,3,54,Wayne,3281,6213,559676,1344,1705,175259,1937,4508,384417
2005,February,2,54,Wayne,3213,6093,553320,1336,1716,178360,1877,4377,374960
2005,January,1,54,Wayne,3156,5975,536766,1297,1666,171678,1859,4309,365088
2004,December,12,54,Wayne,3120,5903,528767,1286,1641,164761,1834,4262,364006
2004,November,11,54,Wayne,3058,5792,512178,1266,1613,161554,1792,4179,350624
2004,October,10,54,Wayne,3023,5758,514003,1238,1557,158202,1785,4201,355801
2004,September,9,54,Wayne,2971,5697,467736,1203,1564,147065,1768,4133,320671
2004,August,8,54,Wayne,2912,5611,458021,1168,1519,144215,1744,4092,313806
2004,July,7,54,Wayne,2892,5638,453373,1150,1498,141344,1742,4140,312029
2004,June,6,54,Wayne,2869,5590,450678,1121,1465,140452,1748,4125,310226
2004,May,5,54,Wayne,2910,5648,459014,1144,1490,144248,1766,4158,314766
2004,April,4,54,Wayne,2892,5578,450715,1135,1459,140947,1757,4119,309768
2004,March,3,54,Wayne,2896,5631,462002,1159,1510,146222,1737,4121,315780
2004,February,2,54,Wayne,2878,5570,463106,1157,1501,147928,1721,4069,315178
2004,January,1,54,Wayne,2838,5498,454588,1133,1466,145020,1705,4032,309568
2003,December,12,54,Wayne,2782,5376,443307,1130,1474,145129,1652,3902,298178
2003,November,11,54,Wayne,2748,5334,428823,1113,1446,138415,1635,3888,290408
2003,October,10,54,Wayne,2811,5476,445023,1129,1484,146108,1682,3992,298915
2003,September,9,54,Wayne,2830,5503,435756,1115,1458,139475,1715,4045,296281
2003,August,8,54,Wayne,2798,5428,429350,1112,1480,141027,1686,3948,288323
2003,July,7,54,Wayne,2807,5415,431027,1116,1457,139126,1691,3958,291901
2003,June,6,54,Wayne,2830,5443,437946,1116,1456,139572,1714,3987,298374
2003,May,5,54,Wayne,2870,5454,442977,1138,1463,142350,1732,3991,300627
2003,April,4,54,Wayne,2857,5424,446418,1146,1479,144269,1711,3945,302149
2003,March,3,54,Wayne,2848,5476,458708,1143,1469,145832,1705,4007,312876
2003,February,2,54,Wayne,2752,5272,437136,1096,1428,138819,1656,3844,298317
2003,January,1,54,Wayne,2701,5206,441778,1081,1418,142327,1620,3788,299451
2002,December,12,54,Wayne,2630,4983,414918,1059,1373,135189,1571,3610,279729
2002,November,11,54,Wayne,2570,4841,393289,1069,1398,135635,1501,3443,257654
2002,October,10,54,Wayne,2557,4772,384969,1076,1407,136250,1481,3365,248719
2002,September,9,54,Wayne,2552,4765,351840,1056,1373,118403,1496,3392,233437
2002,August,8,54,Wayne,2582,4831,360656,1042,1361,120271,1540,3470,240385
2002,July,7,54,Wayne,2546,4760,352490,1036,1353,115590,1510,3407,236900
2002,June,6,54,Wayne,2534,4739,347348,1055,1420,123064,1479,3319,224284
2002,May,5,54,Wayne,2525,4741,353404,1049,1412,121875,1476,3329,231529
2002,April,4,54,Wayne,2519,4733,357814,1053,1406,121682,1466,3327,236132
2002,March,3,54,Wayne,2490,4617,352869,1039,1374,120761,1451,3243,232108
2002,February,2,54,Wayne,2389,4426,337651,994,1292,112484,1395,3134,225167
2002,January,1,54,Wayne,2332,4290,333789,988,1260,109945,1344,3030,223844
2018,December,12,55,Westchester,42891,75752,10313649,13889,19021,2815117,29002,56731,7498532
2018,November,11,55,Westchester,42969,75891,10304298,13908,19061,2817559,29061,56830,7486739
2018,October,10,55,Westchester,43329,76589,10417516,13986,19165,2839790,29343,57424,7577726
2018,September,9,55,Westchester,43565,77124,10353551,13980,19215,2814925,29585,57909,7538626
2018,August,8,55,Westchester,43753,77702,10424301,14045,19361,2838697,29708,58341,7585604
2018,July,7,55,Westchester,43955,78028,10320543,14036,19396,2795348,29919,58632,7525195
2018,June,6,55,Westchester,43979,78127,10341243,14051,19488,2812211,29928,58639,7529032
2018,May,5,55,Westchester,44109,78353,10434676,14173,19686,2842942,29936,58667,7591734
2018,April,4,55,Westchester,43946,78106,10385626,14162,19670,2837186,29784,58436,7548440
2018,March,3,55,Westchester,44048,78407,10541551,14253,19906,2885878,29795,58501,7655673
2018,February,2,55,Westchester,43882,78116,10440792,14241,19912,2860748,29641,58204,7580044
2018,January,1,55,Westchester,43882,78206,10455584,14309,20052,2895902,29573,58154,7559682
2017,December,12,55,Westchester,43949,78460,10577347,14290,19998,2912502,29659,58462,7664845
2017,November,11,55,Westchester,43943,78550,10617363,14280,20025,2921469,29663,58525,7695894
2017,October,10,55,Westchester,44171,78968,10750974,14373,20135,2964718,29798,58833,7786256
2017,September,9,55,Westchester,44072,78777,10695371,14295,20037,2931284,29777,58740,7764087
2017,August,8,55,Westchester,44299,79232,10799482,14386,20197,2945481,29913,59035,7854001
2017,July,7,55,Westchester,44378,79429,10571965,14432,20280,2906927,29946,59149,7665038
2017,June,6,55,Westchester,44840,80148,10683758,14492,20434,2922633,30348,59714,7761125
2017,May,5,55,Westchester,44772,80003,10675226,14524,20454,2937919,30248,59549,7737307
2017,April,4,55,Westchester,44844,80197,10713760,14541,20503,2934911,30303,59694,7778849
2017,March,3,55,Westchester,45471,81077,10955842,14711,20720,2984299,30760,60357,7971543
2017,February,2,55,Westchester,45425,81121,10891098,14790,20919,2999462,30635,60202,7891636
2017,January,1,55,Westchester,45840,81958,11067939,14896,21096,3043840,30944,60862,8024099
2016,December,12,55,Westchester,45856,82115,11109444,14950,21205,3077556,30906,60910,8031888
2016,November,11,55,Westchester,45821,81994,11070442,14914,21214,3073447,30907,60780,7996995
2016,October,10,55,Westchester,46194,82682,11241083,14987,21317,3088663,31207,61365,8152420
2016,September,9,55,Westchester,46032,82541,11249340,15022,21389,3109936,31010,61152,8139404
2016,August,8,55,Westchester,46299,82959,11355752,15057,21463,3127531,31242,61496,8228221
2016,July,7,55,Westchester,46329,83246,11331603,14936,21268,3079089,31393,61978,8252514
2016,June,6,55,Westchester,46673,83859,11414530,14966,21336,3086924,31707,62523,8327606
2016,May,5,55,Westchester,46519,83821,11424714,14899,21214,3067907,31620,62607,8356807
2016,April,4,55,Westchester,48168,85545,11760169,14896,21176,3065991,33272,64369,8694178
2016,March,3,55,Westchester,48345,85944,11882796,14939,21314,3080480,33406,64630,8802316
2016,February,2,55,Westchester,48137,85570,11797915,14939,21298,3069617,33198,64272,8728298
2016,January,1,55,Westchester,48404,86125,11907823,15066,21591,3102670,33338,64534,8805153
2015,December,12,55,Westchester,48481,86436,11929544,15136,21790,3136948,33345,64646,8792596
2015,November,11,55,Westchester,48517,86495,11945929,15163,21876,3134025,33354,64619,8811904
2015,October,10,55,Westchester,48577,86612,12055560,15233,21996,3181971,33344,64616,8873589
2015,September,9,55,Westchester,48459,86452,12013616,15255,22030,3188943,33204,64422,8824673
2015,August,8,55,Westchester,48238,86083,12038026,15283,22153,3214000,32955,63930,8824026
2015,July,7,55,Westchester,48092,85815,11834204,15253,22229,3168082,32839,63586,8666122
2015,June,6,55,Westchester,48113,85850,11856901,15249,22197,3169827,32864,63653,8687074
2015,May,5,55,Westchester,48206,86038,11911224,15381,22368,3193634,32825,63670,8717590
2015,April,4,55,Westchester,48165,85818,11926253,15340,22279,3183757,32825,63539,8742496
2015,March,3,55,Westchester,48045,85673,11886345,15376,22438,3204704,32669,63235,8681641
2015,February,2,55,Westchester,47951,85484,11869584,15360,22408,3193938,32591,63076,8675646
2015,January,1,55,Westchester,48094,85842,11946059,15449,22589,3226236,32645,63253,8719823
2014,December,12,55,Westchester,48385,86451,12161399,14611,20753,3048804,33774,65698,9112595
2014,November,11,55,Westchester,48106,86057,12050309,14725,20988,3068927,33381,65069,8981382
2014,October,10,55,Westchester,48045,85854,12082720,14593,20686,3028397,33452,65168,9054323
2014,September,9,55,Westchester,47797,85577,11626470,14628,20804,2966009,33169,64773,8660461
2014,August,8,55,Westchester,47488,84984,11563247,14618,20694,2968122,32870,64290,8595125
2014,July,7,55,Westchester,47295,84584,11556054,14572,20611,2960499,32723,63973,8595555
2014,June,6,55,Westchester,46882,83895,11403689,14561,20703,2966186,32321,63192,8437503
2014,May,5,55,Westchester,46690,83636,11446216,14582,20730,2979698,32108,62906,8466518
2014,April,4,55,Westchester,46233,82826,11338160,14584,20640,2970872,31649,62186,8367288
2014,March,3,55,Westchester,46036,82377,11249812,14602,20684,2970111,31434,61693,8279701
2014,February,2,55,Westchester,45776,81982,11132146,14566,20688,2973807,31210,61294,8158339
2014,January,1,55,Westchester,46139,82663,11218173,14641,20801,2994958,31498,61862,8223215
2013,December,12,55,Westchester,46251,83039,11346335,14676,20824,3026966,31575,62215,8319369
2013,November,11,55,Westchester,47035,83791,12173358,15076,21251,3362512,31959,62540,8810846
2013,October,10,55,Westchester,46017,82831,12121566,14584,20665,3205665,31433,62166,8915901
2013,September,9,55,Westchester,45707,82357,11903931,14818,21310,3246351,30889,61047,8657580
2013,August,8,55,Westchester,45627,82340,11923688,14506,20524,3150351,31121,61816,8773337
2013,July,7,55,Westchester,45360,81865,11852552,14509,20545,3161393,30851,61320,8691159
2013,June,6,55,Westchester,45107,81382,11754810,14564,20679,3179899,30543,60703,8574911
2013,May,5,55,Westchester,44928,81078,11665093,14408,20360,3122898,30520,60718,8542195
2013,April,4,55,Westchester,44610,80630,11568450,14411,20421,3141737,30199,60209,8426713
2013,March,3,55,Westchester,44646,80609,11577942,14461,20497,3145022,30185,60112,8432920
2013,February,2,55,Westchester,44278,80069,11502492,14419,20492,3148049,29859,59577,8354443
2013,January,1,55,Westchester,44259,80057,11460704,14407,20485,3147156,29852,59572,8313548
2012,December,12,55,Westchester,44669,80946,14629518,14525,20701,3856812,30144,60245,10772706
2012,November,11,55,Westchester,46683,85924,18002084,14572,20709,4711931,32111,65215,13290153
2012,October,10,55,Westchester,43628,79073,11415422,14312,20321,3150713,29316,58752,8264709
2012,September,9,55,Westchester,43462,78865,11348486,14284,20158,3141054,29178,58707,8207432
2012,August,8,55,Westchester,43397,78608,11336816,14328,20253,3160330,29069,58355,8176486
2012,July,7,55,Westchester,42914,77775,11181450,14316,20254,3150738,28598,57521,8030712
2012,June,6,55,Westchester,42802,77383,11153881,14353,20351,3187398,28449,57032,7966483
2012,May,5,55,Westchester,42531,76978,11058838,14369,20384,3190112,28162,56594,7868726
2012,April,4,55,Westchester,42304,76698,10998768,14366,20432,3179853,27938,56266,7818915
2012,March,3,55,Westchester,42387,76714,11144574,14446,20645,3265616,27941,56069,7878958
2012,February,2,55,Westchester,42093,76377,11004940,14436,20691,3217254,27657,55686,7787686
2012,January,1,55,Westchester,42099,76615,11019086,14371,20740,3218144,27728,55875,7800942
2011,December,12,55,Westchester,42128,76660,11169215,14398,20750,3258859,27730,55910,7910356
2011,November,11,55,Westchester,41746,76116,11083947,14379,20764,3265941,27367,55352,7818006
2011,October,10,55,Westchester,41785,76180,11225804,14405,20817,3298131,27380,55363,7927673
2011,September,9,55,Westchester,41693,76105,11088318,14298,20601,3237758,27395,55504,7850560
2011,August,8,55,Westchester,41277,75379,10932286,14250,20481,3211895,27027,54898,7720391
2011,July,7,55,Westchester,40907,74543,10770553,14346,20620,3211738,26561,53923,7558815
2011,June,6,55,Westchester,40311,73511,10628625,14269,20526,3202272,26042,52985,7426353
2011,May,5,55,Westchester,39770,72703,10501576,14253,20643,3214119,25517,52060,7287457
2011,April,4,55,Westchester,39444,72155,10421304,14284,20762,3221377,25160,51393,7199927
2011,March,3,55,Westchester,39162,71575,10538684,14195,20568,3252603,24967,51007,7286081
2011,February,2,55,Westchester,38335,70197,10292092,14016,20368,3217661,24319,49829,7074431
2011,January,1,55,Westchester,38085,69906,10188885,13997,20363,3204753,24088,49543,6984132
2010,December,12,55,Westchester,38004,69844,10230349,13936,20291,3210845,24068,49553,7019504
2010,November,11,55,Westchester,37463,68917,10048904,13926,20332,3191941,23537,48585,6856963
2010,October,10,55,Westchester,37183,68439,10003366,13941,20391,3210666,23242,48048,6792700
2010,September,9,55,Westchester,36839,67763,9954511,13882,20439,3209306,22957,47324,6745205
2010,August,8,55,Westchester,36156,66468,9723012,13774,20174,3160935,22382,46294,6562077
2010,July,7,55,Westchester,35944,65998,9652170,13743,20066,3149219,22201,45932,6502951
2010,June,6,55,Westchester,35029,64462,9402248,13483,19803,3109520,21546,44659,6292728
2010,May,5,55,Westchester,34767,63928,9371712,13450,19582,3086787,21317,44346,6284925
2010,April,4,55,Westchester,34368,63163,9221351,13379,19555,3076486,20989,43608,6144865
2010,March,3,55,Westchester,34030,62659,9209232,13386,19609,3101813,20644,43050,6107419
2010,February,2,55,Westchester,33401,61520,9022342,13270,19449,3062455,20131,42071,5959887
2010,January,1,55,Westchester,33228,61341,9067894,13273,19635,3090969,19955,41706,5976925
2009,December,12,55,Westchester,32806,60717,8899385,13123,19404,3048837,19683,41313,5850548
2009,November,11,55,Westchester,32035,59374,8711801,13028,19281,3020571,19007,40093,5691230
2009,October,10,55,Westchester,31630,58648,8656590,12915,19177,3011201,18715,39471,5645389
2009,September,9,55,Westchester,30994,57414,8455870,12783,18930,2959690,18211,38484,5496180
2009,August,8,55,Westchester,30255,56027,8255216,12572,18503,2885836,17683,37524,5369380
2009,July,7,55,Westchester,29622,54745,8063964,12516,18460,2885409,17106,36285,5178555
2009,June,6,55,Westchester,28949,53439,7895484,12431,18256,2854812,16518,35183,5040672
2009,May,5,55,Westchester,28355,52260,7723646,12317,18098,2826094,16038,34162,4897552
2009,April,4,55,Westchester,27798,51267,7569643,12040,17686,2742879,15758,33581,4826764
2009,March,3,55,Westchester,27135,50245,6479186,11900,17612,2393735,15235,32633,4085451
2009,February,2,55,Westchester,26412,48997,6288976,11686,17351,2338795,14726,31646,3950181
2009,January,1,55,Westchester,26040,48441,5894658,11562,17350,2180646,14478,31091,3714012
2008,December,12,55,Westchester,25473,47457,5882375,11420,17073,2193213,14053,30384,3689162
2008,November,11,55,Westchester,25024,46681,5789993,11351,16938,2156271,13673,29743,3633722
2008,October,10,55,Westchester,24739,46067,5705483,11357,16958,2149955,13382,29109,3555528
2008,September,9,55,Westchester,24417,45486,4836932,11278,16800,1805596,13139,28686,3031336
2008,August,8,55,Westchester,24280,45237,4814884,11268,16812,1806571,13012,28425,3008313
2008,July,7,55,Westchester,23967,44476,4733190,11209,16574,1778807,12758,27902,2954383
2008,June,6,55,Westchester,23647,43811,4619335,11217,16513,1751194,12430,27298,2868141
2008,May,5,55,Westchester,23491,43532,4591714,11142,16365,1726713,12349,27167,2865001
2008,April,4,55,Westchester,23248,43054,4560792,11123,16471,1745340,12125,26583,2815452
2008,March,3,55,Westchester,23025,42675,4513113,11108,16452,1737960,11917,26223,2775153
2008,February,2,55,Westchester,22639,42127,4433353,11008,16390,1733328,11631,25737,2700025
2008,January,1,55,Westchester,22625,42219,4468982,10951,16333,1733327,11674,25886,2735655
2007,December,12,55,Westchester,22282,41717,4452015,10797,16197,1725502,11485,25520,2726513
2007,November,11,55,Westchester,22114,41351,4457507,10844,16266,1747906,11270,25085,2709601
2007,October,10,55,Westchester,21847,40867,4383067,10739,16080,1730666,11108,24787,2652401
2007,September,9,55,Westchester,21740,40777,4126258,10823,16306,1654191,10917,24471,2472067
2007,August,8,55,Westchester,21763,40667,4110156,10762,16132,1631277,11001,24535,2478879
2007,July,7,55,Westchester,21636,40397,4076261,10691,15949,1615623,10945,24448,2460638
2007,June,6,55,Westchester,21574,40231,4054466,10742,16054,1630899,10832,24177,2423567
2007,May,5,55,Westchester,21411,39968,4031017,10642,15923,1626087,10769,24045,2404930
2007,April,4,55,Westchester,21294,39732,3989244,10637,15945,1628057,10657,23787,2361187
2007,March,3,55,Westchester,21453,40135,4046504,10792,16195,1652810,10661,23940,2393694
2007,February,2,55,Westchester,21224,39794,3980357,10768,16342,1657076,10456,23452,2323281
2007,January,1,55,Westchester,21236,39873,3979397,10779,16299,1648243,10457,23574,2331154
2006,December,12,55,Westchester,21268,40131,4054250,10714,16258,1665731,10554,23873,2388519
2006,November,11,55,Westchester,21076,39816,4065620,10778,16414,1718564,10298,23402,2347056
2006,October,10,55,Westchester,21014,39775,4021701,10761,16574,1690621,10253,23201,2331080
2006,September,9,55,Westchester,20997,39720,3902203,10770,16653,1653393,10227,23067,2248810
2006,August,8,55,Westchester,21054,39893,3932951,10834,16744,1672149,10220,23149,2260802
2006,July,7,55,Westchester,20876,39566,3876452,10881,16699,1658989,9995,22867,2217463
2006,June,6,55,Westchester,20869,39547,3868156,10927,16819,1669437,9942,22728,2198719
2006,May,5,55,Westchester,20752,39330,3850591,10850,16705,1666973,9902,22625,2183618
2006,April,4,55,Westchester,20738,39273,3830185,10833,16791,1675215,9905,22482,2154970
2006,March,3,55,Westchester,20834,39616,3881421,10765,16678,1669642,10069,22938,2211779
2006,February,2,55,Westchester,20630,39376,3831787,10776,17063,1694531,9854,22313,2137256
2006,January,1,55,Westchester,20730,39637,3816604,10830,17142,1678513,9900,22495,2138091
2005,December,12,55,Westchester,21014,40215,3971410,10980,17219,1741624,10034,22996,2229786
2005,November,11,55,Westchester,20860,39986,3942933,10985,17379,1753215,9875,22607,2189718
2005,October,10,55,Westchester,20785,39891,3935958,11021,17495,1763173,9764,22396,2172785
2005,September,9,55,Westchester,20740,39906,3844123,11050,17589,1735026,9690,22317,2109097
2005,August,8,55,Westchester,20583,39561,3806698,11020,17570,1733972,9563,21991,2072726
2005,July,7,55,Westchester,20441,39149,3761942,10969,17427,1710331,9472,21722,2051611
2005,June,6,55,Westchester,20598,39328,3746707,11237,17641,1723676,9361,21687,2023031
2005,May,5,55,Westchester,20717,39272,3714098,11331,17694,1699431,9386,21578,2014667
2005,April,4,55,Westchester,21162,39725,3727848,11989,18588,1761409,9173,21137,1966439
2005,March,3,55,Westchester,21331,40037,3759118,12140,18865,1782265,9191,21172,1976853
2005,February,2,55,Westchester,21282,39889,3720235,12292,18992,1783167,8990,20897,1937068
2005,January,1,55,Westchester,21316,39976,3714385,12412,19124,1783982,8904,20852,1930403
2004,December,12,55,Westchester,21337,40188,3772273,12481,19477,1823115,8856,20711,1949158
2004,November,11,55,Westchester,20456,39033,3701171,12020,19223,1821695,8436,19810,1879476
2004,October,10,55,Westchester,19782,38322,3665554,11590,19060,1841929,8192,19262,1823625
2004,September,9,55,Westchester,19078,37511,3390105,10907,18258,1695965,8171,19253,1694140
2004,August,8,55,Westchester,18486,36756,3361185,10321,17409,1666650,8165,19347,1694535
2004,July,7,55,Westchester,18128,36385,3337543,10176,17622,1703738,7952,18763,1633805
2004,June,6,55,Westchester,17608,35762,3280715,9884,17519,1702519,7724,18243,1578196
2004,May,5,55,Westchester,17668,35796,3296107,9964,17584,1708807,7704,18212,1587300
2004,April,4,55,Westchester,17461,35458,3230375,9934,17589,1707476,7527,17869,1522899
2004,March,3,55,Westchester,17435,35423,3248205,10010,17715,1730945,7425,17708,1517260
2004,February,2,55,Westchester,17212,35141,3178753,9967,17800,1712525,7245,17341,1466228
2004,January,1,55,Westchester,17153,35020,3165093,9958,17798,1711476,7195,17222,1453617
2003,December,12,55,Westchester,17225,35219,3210974,9967,17816,1721738,7258,17403,1489236
2003,November,11,55,Westchester,17099,34923,3186441,9956,17757,1705768,7143,17166,1480673
2003,October,10,55,Westchester,17174,35007,3236145,10092,17993,1771845,7082,17014,1464300
2003,September,9,55,Westchester,17082,34877,3269168,10101,18121,1801165,6981,16756,1468003
2003,August,8,55,Westchester,16718,34242,3141519,9995,17984,1748579,6723,16258,1392940
2003,July,7,55,Westchester,16789,34120,3064876,9996,17759,1704339,6793,16361,1360537
2003,June,6,55,Westchester,16587,33630,2990159,9931,17651,1678282,6656,15979,1311877
2003,May,5,55,Westchester,16570,33453,2984191,10052,17799,1701432,6518,15654,1282759
2003,April,4,55,Westchester,16443,33175,2948744,9973,17572,1676506,6470,15603,1272238
2003,March,3,55,Westchester,16468,33163,2965234,10037,17685,1699051,6431,15478,1266183
2003,February,2,55,Westchester,16259,32785,2929824,9962,17619,1687321,6297,15166,1242503
2003,January,1,55,Westchester,16232,32799,2904822,9948,17630,1670408,6284,15169,1234414
2002,December,12,55,Westchester,16196,32648,2912843,9871,17451,1660245,6325,15197,1252598
2002,November,11,55,Westchester,16234,32713,2935864,9961,17546,1681387,6273,15167,1254477
2002,October,10,55,Westchester,16108,32507,2926843,9971,17647,1691608,6137,14860,1235235
2002,September,9,55,Westchester,15916,32105,2707283,9888,17495,1577691,6028,14610,1129592
2002,August,8,55,Westchester,15884,31939,2718022,9884,17477,1590563,6000,14462,1127459
2002,July,7,55,Westchester,15740,31650,2681981,9743,17157,1546795,5997,14493,1135186
2002,June,6,55,Westchester,15707,31576,2673168,9813,17264,1558362,5894,14312,1114806
2002,May,5,55,Westchester,15629,31454,2658210,9785,17234,1557380,5844,14220,1100830
2002,April,4,55,Westchester,15573,31306,2660490,9881,17417,1590415,5692,13889,1070075
2002,March,3,55,Westchester,15592,31307,2690756,9959,17651,1635318,5633,13656,1055438
2002,February,2,55,Westchester,15437,31121,2628160,9893,17543,1601422,5544,13578,1026738
2002,January,1,55,Westchester,15523,31258,2636349,9996,17724,1614621,5527,13534,1021728
2018,December,12,56,Wyoming,1457,2478,273746,484,594,88455,973,1884,185291
2018,November,11,56,Wyoming,1424,2408,259816,469,573,83784,955,1835,176032
2018,October,10,56,Wyoming,1419,2391,261623,471,579,85463,948,1812,176160
2018,September,9,56,Wyoming,1422,2406,258708,467,575,85281,955,1831,173427
2018,August,8,56,Wyoming,1439,2466,266268,471,584,87265,968,1882,179003
2018,July,7,56,Wyoming,1450,2464,264483,480,615,89982,970,1849,174501
2018,June,6,56,Wyoming,1450,2486,267739,480,613,88789,970,1873,178950
2018,May,5,56,Wyoming,1464,2539,273899,477,607,88480,987,1932,185419
2018,April,4,56,Wyoming,1501,2615,282198,478,596,87695,1023,2019,194503
2018,March,3,56,Wyoming,1517,2638,281809,478,586,85708,1039,2052,196101
2018,February,2,56,Wyoming,1506,2631,280129,472,581,84755,1034,2050,195374
2018,January,1,56,Wyoming,1495,2581,273289,467,574,83471,1028,2007,189818
2017,December,12,56,Wyoming,1492,2584,274693,464,563,83246,1028,2021,191447
2017,November,11,56,Wyoming,1478,2537,271239,472,580,85926,1006,1957,185313
2017,October,10,56,Wyoming,1464,2529,269823,469,571,83944,995,1958,185879
2017,September,9,56,Wyoming,1484,2589,277307,481,584,86287,1003,2005,191020
2017,August,8,56,Wyoming,1502,2593,278636,492,603,88498,1010,1990,190138
2017,July,7,56,Wyoming,1508,2635,279018,490,610,87459,1018,2025,191559
2017,June,6,56,Wyoming,1520,2693,283106,494,607,87004,1026,2086,196102
2017,May,5,56,Wyoming,1521,2672,283527,495,616,88182,1026,2056,195345
2017,April,4,56,Wyoming,1526,2702,288160,498,630,90986,1028,2072,197174
2017,March,3,56,Wyoming,1559,2771,296490,505,643,93147,1054,2128,203343
2017,February,2,56,Wyoming,1580,2822,304789,510,650,94735,1070,2172,210054
2017,January,1,56,Wyoming,1592,2840,309138,519,672,98758,1073,2168,210380
2016,December,12,56,Wyoming,1594,2799,308865,530,689,99413,1064,2110,209452
2016,November,11,56,Wyoming,1592,2804,309719,531,687,101783,1061,2117,207936
2016,October,10,56,Wyoming,1584,2807,311247,528,683,101446,1056,2124,209801
2016,September,9,56,Wyoming,1589,2852,317331,532,703,103839,1057,2149,213492
2016,August,8,56,Wyoming,1577,2831,314897,519,684,100445,1058,2147,214452
2016,July,7,56,Wyoming,1564,2812,313886,522,684,99870,1042,2128,214016
2016,June,6,56,Wyoming,1577,2797,318508,524,698,100845,1053,2099,217663
2016,May,5,56,Wyoming,1620,2889,330300,529,703,102989,1091,2186,227311
2016,April,4,56,Wyoming,1653,2955,335018,534,705,104154,1119,2250,230864
2016,March,3,56,Wyoming,1677,3003,341881,529,700,103646,1148,2303,238235
2016,February,2,56,Wyoming,1675,3021,345892,528,687,102569,1147,2334,243323
2016,January,1,56,Wyoming,1691,3079,348958,530,689,102158,1161,2390,246800
2015,December,12,56,Wyoming,1681,3048,347995,523,682,101136,1158,2366,246859
2015,November,11,56,Wyoming,1644,2949,337594,517,659,98338,1127,2290,239256
2015,October,10,56,Wyoming,1643,2956,337318,515,648,97445,1128,2308,239873
2015,September,9,56,Wyoming,1638,2951,334733,505,640,95751,1133,2311,238982
2015,August,8,56,Wyoming,1666,3043,346791,502,644,96377,1164,2399,250414
2015,July,7,56,Wyoming,1690,3117,352504,510,648,96450,1180,2469,256054
2015,June,6,56,Wyoming,1702,3175,357243,500,630,94165,1202,2545,263078
2015,May,5,56,Wyoming,1750,3299,378330,502,631,95584,1248,2668,282746
2015,April,4,56,Wyoming,1778,3371,385066,491,617,93678,1287,2754,291388
2015,March,3,56,Wyoming,1801,3430,396937,499,631,95940,1302,2799,300997
2015,February,2,56,Wyoming,1795,3436,393098,495,618,94225,1300,2818,298873
2015,January,1,56,Wyoming,1814,3489,399974,493,626,95840,1321,2863,304134
2014,December,12,56,Wyoming,1787,3414,393278,464,574,90756,1323,2840,302522
2014,November,11,56,Wyoming,1759,3356,387938,467,576,91023,1292,2780,296915
2014,October,10,56,Wyoming,1744,3306,386344,460,560,90128,1284,2746,296216
2014,September,9,56,Wyoming,1727,3307,367944,459,557,85504,1268,2750,282440
2014,August,8,56,Wyoming,1734,3312,372763,467,566,88088,1267,2746,284675
2014,July,7,56,Wyoming,1750,3356,385374,465,568,87944,1285,2788,297430
2014,June,6,56,Wyoming,1768,3408,389450,462,557,87678,1306,2851,301772
2014,May,5,56,Wyoming,1810,3509,403220,468,563,88477,1342,2946,314743
2014,April,4,56,Wyoming,1794,3460,399304,464,569,88917,1330,2891,310387
2014,March,3,56,Wyoming,1816,3527,410958,474,600,92205,1342,2927,318753
2014,February,2,56,Wyoming,1813,3541,408316,469,589,92222,1344,2952,316094
2014,January,1,56,Wyoming,1808,3525,400147,469,585,90193,1339,2940,309954
2013,December,12,56,Wyoming,1768,3407,382952,469,573,88703,1299,2834,294249
2013,November,11,56,Wyoming,2090,3723,738013,511,612,140605,1579,3111,597408
2013,October,10,56,Wyoming,1780,3426,415256,472,569,94868,1308,2857,320388
2013,September,9,56,Wyoming,1758,3360,403142,465,555,90507,1293,2805,312635
2013,August,8,56,Wyoming,1788,3448,418137,473,575,93250,1315,2873,324887
2013,July,7,56,Wyoming,1789,3418,418308,486,592,95768,1303,2826,322540
2013,June,6,56,Wyoming,1809,3475,424313,494,612,99913,1315,2863,324400
2013,May,5,56,Wyoming,1815,3506,423371,489,610,98083,1326,2896,325288
2013,April,4,56,Wyoming,1815,3501,423918,479,593,95762,1336,2908,328156
2013,March,3,56,Wyoming,1817,3497,427223,490,611,98469,1327,2886,328754
2013,February,2,56,Wyoming,1797,3469,422436,478,598,95376,1319,2871,327060
2013,January,1,56,Wyoming,1775,3411,418214,460,571,90794,1315,2840,327420
2012,December,12,56,Wyoming,1732,3329,409378,462,584,92552,1270,2745,316826
2012,November,11,56,Wyoming,1691,3279,395736,459,569,90780,1232,2710,304956
2012,October,10,56,Wyoming,1680,3239,392836,444,549,87241,1236,2690,305595
2012,September,9,56,Wyoming,1660,3198,387266,454,564,89616,1206,2634,297650
2012,August,8,56,Wyoming,1655,3197,393639,441,530,83780,1214,2667,309859
2012,July,7,56,Wyoming,1654,3206,387748,444,545,85627,1210,2661,302121
2012,June,6,56,Wyoming,1671,3219,390473,444,551,87254,1227,2668,303219
2012,May,5,56,Wyoming,1674,3261,390418,440,560,86985,1234,2701,303433
2012,April,4,56,Wyoming,1687,3252,386976,449,577,89272,1238,2675,297704
2012,March,3,56,Wyoming,1728,3336,418682,460,583,104229,1268,2753,314453
2012,February,2,56,Wyoming,1684,3260,387643,462,577,89409,1222,2683,298234
2012,January,1,56,Wyoming,1690,3257,390006,457,557,87294,1233,2700,302712
2011,December,12,56,Wyoming,1706,3294,407316,458,561,90966,1248,2733,316350
2011,November,11,56,Wyoming,1673,3255,398572,458,571,91684,1215,2684,306888
2011,October,10,56,Wyoming,1666,3224,395428,452,562,90365,1214,2662,305063
2011,September,9,56,Wyoming,1650,3233,384718,441,545,85386,1209,2688,299332
2011,August,8,56,Wyoming,1633,3175,384711,450,569,89880,1183,2606,294831
2011,July,7,56,Wyoming,1645,3205,390701,449,570,90970,1196,2635,299731
2011,June,6,56,Wyoming,1653,3277,391242,452,573,91625,1201,2704,299617
2011,May,5,56,Wyoming,1691,3382,410307,450,570,90495,1241,2812,319812
2011,April,4,56,Wyoming,1686,3405,411500,448,567,90006,1238,2838,321494
2011,March,3,56,Wyoming,1687,3410,420552,444,558,92480,1243,2852,328072
2011,February,2,56,Wyoming,1664,3381,421108,443,569,93982,1221,2812,327126
2011,January,1,56,Wyoming,1650,3308,408577,440,575,94246,1210,2733,314331
2010,December,12,56,Wyoming,1600,3206,396544,427,543,90470,1173,2663,306074
2010,November,11,56,Wyoming,1564,3126,386276,433,538,88457,1131,2588,297819
2010,October,10,56,Wyoming,1574,3148,390412,438,540,90215,1136,2608,300197
2010,September,9,56,Wyoming,1554,3126,391272,426,533,88438,1128,2593,302834
2010,August,8,56,Wyoming,1561,3134,391937,432,546,90053,1129,2588,301884
2010,July,7,56,Wyoming,1563,3143,399887,444,559,94583,1119,2584,305304
2010,June,6,56,Wyoming,1561,3171,402909,442,569,96067,1119,2602,306842
2010,May,5,56,Wyoming,1591,3222,410476,447,581,97265,1144,2641,313211
2010,April,4,56,Wyoming,1602,3270,409225,440,566,93442,1162,2704,315783
2010,March,3,56,Wyoming,1615,3311,415676,449,572,95715,1166,2739,319961
2010,February,2,56,Wyoming,1608,3299,411647,448,563,94353,1160,2736,317294
2010,January,1,56,Wyoming,1614,3318,419861,440,545,91835,1174,2773,328026
2009,December,12,56,Wyoming,1561,3185,384135,440,554,91882,1121,2631,292253
2009,November,11,56,Wyoming,1527,3084,381711,427,536,89281,1100,2548,292430
2009,October,10,56,Wyoming,1510,3052,386745,428,532,89745,1082,2520,297000
2009,September,9,56,Wyoming,1480,2981,372887,424,525,87648,1056,2456,285239
2009,August,8,56,Wyoming,1461,2913,371034,418,511,84788,1043,2402,286246
2009,July,7,56,Wyoming,1445,2893,367480,408,488,81746,1037,2405,285734
2009,June,6,56,Wyoming,1429,2863,368068,409,501,84900,1020,2362,283168
2009,May,5,56,Wyoming,1436,2917,373229,416,526,88406,1020,2391,284823
2009,April,4,56,Wyoming,1416,2871,370181,412,502,85394,1004,2369,284787
2009,March,3,56,Wyoming,1382,2796,307977,403,494,71737,979,2302,236240
2009,February,2,56,Wyoming,1356,2751,308441,406,510,74810,950,2241,233631
2009,January,1,56,Wyoming,1344,2725,273871,394,483,61484,950,2242,212387
2008,December,12,56,Wyoming,1293,2618,269451,391,478,61288,902,2140,208163
2008,November,11,56,Wyoming,1233,2451,256870,390,480,61437,843,1971,195433
2008,October,10,56,Wyoming,1190,2334,243717,377,470,60121,813,1864,183596
2008,September,9,56,Wyoming,1150,2281,200790,368,458,48296,782,1823,152494
2008,August,8,56,Wyoming,1124,2225,196723,363,449,47135,761,1776,149588
2008,July,7,56,Wyoming,1110,2161,191447,367,457,48328,743,1704,143119
2008,June,6,56,Wyoming,1087,2118,190767,376,470,49290,711,1648,141477
2008,May,5,56,Wyoming,1115,2213,200119,377,463,48787,738,1750,151332
2008,April,4,56,Wyoming,1113,2179,195295,380,464,48539,733,1715,146756
2008,March,3,56,Wyoming,1123,2250,201423,387,479,50687,736,1771,150736
2008,February,2,56,Wyoming,1123,2255,204450,391,504,53227,732,1751,151223
2008,January,1,56,Wyoming,1117,2256,204339,388,500,54112,729,1756,150227
2007,December,12,56,Wyoming,1100,2208,207540,400,522,58285,700,1686,149255
2007,November,11,56,Wyoming,1061,2083,191616,405,518,56226,656,1565,135390
2007,October,10,56,Wyoming,1044,2033,188502,422,555,61519,622,1478,126983
2007,September,9,56,Wyoming,1046,2071,177126,404,537,54818,642,1534,122308
2007,August,8,56,Wyoming,1059,2088,180541,394,510,52839,665,1578,127702
2007,July,7,56,Wyoming,1060,2087,180584,398,525,54538,662,1562,126046
2007,June,6,56,Wyoming,1062,2080,182125,404,536,55727,658,1544,126398
2007,May,5,56,Wyoming,1060,2077,184648,411,548,58550,649,1529,126098
2007,April,4,56,Wyoming,1054,2052,181171,420,570,60144,634,1482,121027
2007,March,3,56,Wyoming,1077,2127,188094,425,583,60697,652,1544,127397
2007,February,2,56,Wyoming,1046,2071,181122,413,561,57265,633,1510,123857
2007,January,1,56,Wyoming,1047,2069,181005,401,545,55870,646,1524,125135
2006,December,12,56,Wyoming,1045,2056,183312,396,537,55686,649,1519,127626
2006,November,11,56,Wyoming,1016,1959,173852,401,539,57166,615,1420,116686
2006,October,10,56,Wyoming,996,1901,171916,404,545,58227,592,1356,113689
2006,September,9,56,Wyoming,993,1912,165664,431,633,63576,562,1279,102088
2006,August,8,56,Wyoming,1003,1932,169330,406,574,58856,597,1358,110474
2006,July,7,56,Wyoming,1016,1986,173868,399,553,56083,617,1433,117785
2006,June,6,56,Wyoming,1019,1990,175996,387,513,52084,632,1477,123912
2006,May,5,56,Wyoming,1037,1991,175623,387,515,52361,650,1476,123262
2006,April,4,56,Wyoming,1029,1960,174637,400,535,54415,629,1425,120222
2006,March,3,56,Wyoming,1035,1954,180652,390,510,52307,645,1444,128345
2006,February,2,56,Wyoming,1023,1935,172295,379,487,49471,644,1448,122824
2006,January,1,56,Wyoming,1010,1903,165437,391,504,49807,619,1399,115630
2005,December,12,56,Wyoming,1006,1910,169710,388,500,52412,618,1410,117298
2005,November,11,56,Wyoming,972,1823,160387,377,493,50164,595,1330,110223
2005,October,10,56,Wyoming,979,1856,164872,379,501,51434,600,1355,113438
2005,September,9,56,Wyoming,965,1836,160249,370,500,50059,595,1336,110190
2005,August,8,56,Wyoming,958,1832,161764,369,502,50450,589,1330,111314
2005,July,7,56,Wyoming,952,1806,160110,356,467,46949,596,1339,113161
2005,June,6,56,Wyoming,957,1824,162486,362,477,49508,595,1347,112978
2005,May,5,56,Wyoming,977,1872,164124,376,504,50795,601,1368,113329
2005,April,4,56,Wyoming,1000,1920,169099,380,481,47868,620,1439,121231
2005,March,3,56,Wyoming,995,1910,164718,380,467,44968,615,1443,119750
2005,February,2,56,Wyoming,989,1899,164101,383,472,46201,606,1427,117900
2005,January,1,56,Wyoming,992,1897,164253,391,485,46634,601,1412,117619
2004,December,12,56,Wyoming,961,1834,157178,386,465,44711,575,1369,112467
2004,November,11,56,Wyoming,927,1759,152953,382,467,46130,545,1292,106823
2004,October,10,56,Wyoming,933,1798,155866,361,439,43267,572,1359,112599
2004,September,9,56,Wyoming,935,1846,149516,358,444,41767,577,1402,107749
2004,August,8,56,Wyoming,923,1860,152832,342,447,42926,581,1413,109906
2004,July,7,56,Wyoming,912,1837,153501,324,422,40775,588,1415,112726
2004,June,6,56,Wyoming,912,1876,157908,314,419,42289,598,1457,115619
2004,May,5,56,Wyoming,926,1884,161471,322,425,43480,604,1459,117991
2004,April,4,56,Wyoming,912,1868,159131,312,411,41188,600,1457,117943
2004,March,3,56,Wyoming,914,1881,160752,310,408,39683,604,1473,121069
2004,February,2,56,Wyoming,897,1852,157208,298,388,37059,599,1464,120149
2004,January,1,56,Wyoming,881,1801,151065,300,390,37799,581,1411,113266
2003,December,12,56,Wyoming,873,1747,147973,297,391,37688,576,1356,110285
2003,November,11,56,Wyoming,850,1686,140129,307,411,40035,543,1275,100094
2003,October,10,56,Wyoming,866,1694,141924,296,376,35779,570,1318,106145
2003,September,9,56,Wyoming,850,1666,137622,290,367,35860,560,1299,101762
2003,August,8,56,Wyoming,851,1671,136750,294,363,35596,557,1308,101154
2003,July,7,56,Wyoming,839,1660,131796,281,346,33148,558,1314,98648
2003,June,6,56,Wyoming,846,1652,131317,290,373,35235,556,1279,96082
2003,May,5,56,Wyoming,847,1678,138183,294,385,36274,553,1293,101909
2003,April,4,56,Wyoming,851,1665,134447,303,403,38111,548,1262,96336
2003,March,3,56,Wyoming,843,1615,131229,312,418,39029,531,1197,92200
2003,February,2,56,Wyoming,843,1651,132875,309,419,38894,534,1232,93981
2003,January,1,56,Wyoming,829,1612,128008,305,405,37672,524,1207,90336
2002,December,12,56,Wyoming,810,1550,123108,303,380,36418,507,1170,86690
2002,November,11,56,Wyoming,796,1514,118588,306,392,36903,490,1122,81685
2002,October,10,56,Wyoming,790,1532,122679,297,372,34495,493,1160,88184
2002,September,9,56,Wyoming,780,1506,113172,298,388,33095,482,1118,80077
2002,August,8,56,Wyoming,761,1452,107634,297,375,30675,464,1077,76959
2002,July,7,56,Wyoming,774,1495,107792,295,370,29699,479,1125,78093
2002,June,6,56,Wyoming,774,1517,107470,308,382,31319,466,1135,76151
2002,May,5,56,Wyoming,795,1595,113394,313,398,32624,482,1197,80770
2002,April,4,56,Wyoming,802,1600,116599,314,396,33578,488,1204,83021
2002,March,3,56,Wyoming,826,1673,123023,319,419,35823,507,1254,87200
2002,February,2,56,Wyoming,811,1641,119650,322,425,36286,489,1216,83364
2002,January,1,56,Wyoming,812,1627,116137,320,424,36482,492,1203,79655
2018,December,12,57,Yates,1239,2257,259026,327,378,59468,912,1879,199558
2018,November,11,57,Yates,1212,2226,253769,318,357,54742,894,1869,199027
2018,October,10,57,Yates,1224,2244,262675,326,368,58097,898,1876,204578
2018,September,9,57,Yates,1222,2236,255824,320,353,54437,902,1883,201387
2018,August,8,57,Yates,1248,2280,264032,330,369,57126,918,1911,206906
2018,July,7,57,Yates,1250,2278,263769,325,367,55751,925,1911,208018
2018,June,6,57,Yates,1274,2313,271899,331,374,58195,943,1939,213704
2018,May,5,57,Yates,1292,2349,278987,332,381,57672,960,1968,221315
2018,April,4,57,Yates,1300,2382,274348,328,372,56144,972,2010,218204
2018,March,3,57,Yates,1302,2400,277663,333,372,57461,969,2028,220202
2018,February,2,57,Yates,1314,2411,284722,328,364,56198,986,2047,228524
2018,January,1,57,Yates,1304,2407,274881,325,365,55995,979,2042,218886
2017,December,12,57,Yates,1312,2398,274162,329,374,57644,983,2024,216518
2017,November,11,57,Yates,1308,2401,271217,325,370,56098,983,2031,215119
2017,October,10,57,Yates,1307,2400,269501,331,377,57076,976,2023,212425
2017,September,9,57,Yates,1300,2372,268788,334,380,57868,966,1992,210920
2017,August,8,57,Yates,1312,2435,278777,340,394,60039,972,2041,218738
2017,July,7,57,Yates,1317,2441,279993,346,401,61050,971,2040,218943
2017,June,6,57,Yates,1331,2473,285236,349,402,63232,982,2071,222004
2017,May,5,57,Yates,1333,2492,287271,342,402,62501,991,2090,224770
2017,April,4,57,Yates,1345,2508,290519,349,412,63218,996,2096,227301
2017,March,3,57,Yates,1363,2546,295172,356,423,65410,1007,2123,229762
2017,February,2,57,Yates,1375,2577,298866,350,416,63848,1025,2161,235018
2017,January,1,57,Yates,1367,2554,294945,353,421,64313,1014,2133,230632
2016,December,12,57,Yates,1348,2500,289685,346,413,63567,1002,2087,226118
2016,November,11,57,Yates,1348,2479,293326,353,422,67157,995,2057,226169
2016,October,10,57,Yates,1341,2483,289907,353,419,64426,988,2064,225481
2016,September,9,57,Yates,1329,2468,289460,348,398,61076,981,2070,228384
2016,August,8,57,Yates,1320,2433,288539,361,432,66531,959,2001,222008
2016,July,7,57,Yates,1326,2464,289711,367,439,67858,959,2025,221853
2016,June,6,57,Yates,1345,2500,292889,367,436,66358,978,2064,226531
2016,May,5,57,Yates,1369,2535,297382,367,436,66225,1002,2099,231157
2016,April,4,57,Yates,1403,2599,307380,363,424,65162,1040,2175,242218
2016,March,3,57,Yates,1419,2617,315221,376,442,67822,1043,2175,247399
2016,February,2,57,Yates,1421,2621,315133,384,446,69428,1037,2175,245705
2016,January,1,57,Yates,1445,2676,322034,384,456,72208,1061,2220,249826
2015,December,12,57,Yates,1434,2662,318527,394,482,73370,1040,2180,245157
2015,November,11,57,Yates,1393,2602,306930,380,476,70575,1013,2126,236355
2015,October,10,57,Yates,1393,2622,311479,379,466,71340,1014,2156,240139
2015,September,9,57,Yates,1397,2646,311014,382,471,72146,1015,2175,238868
2015,August,8,57,Yates,1395,2665,311881,386,481,74049,1009,2184,237832
2015,July,7,57,Yates,1409,2670,311185,388,480,72515,1021,2190,238670
2015,June,6,57,Yates,1419,2662,308665,394,484,73584,1025,2178,235081
2015,May,5,57,Yates,1451,2764,319042,396,500,76699,1055,2264,242343
2015,April,4,57,Yates,1460,2798,320435,393,490,75528,1067,2308,244907
2015,March,3,57,Yates,1465,2825,326534,402,511,78375,1063,2314,248159
2015,February,2,57,Yates,1463,2834,328592,400,514,79398,1063,2320,249194
2015,January,1,57,Yates,1467,2845,334321,391,514,79828,1076,2331,254493
2014,December,12,57,Yates,1454,2850,333121,326,397,62339,1128,2453,270782
2014,November,11,57,Yates,1393,2675,312372,311,369,57565,1082,2306,254807
2014,October,10,57,Yates,1389,2640,313118,322,387,61500,1067,2253,251618
2014,September,9,57,Yates,1382,2639,298801,323,396,59286,1059,2243,239515
2014,August,8,57,Yates,1367,2619,298878,319,396,59316,1048,2223,239562
2014,July,7,57,Yates,1369,2608,301766,311,376,57417,1058,2232,244349
2014,June,6,57,Yates,1397,2688,311317,310,369,57827,1087,2319,253490
2014,May,5,57,Yates,1394,2685,308516,317,385,58925,1077,2300,249591
2014,April,4,57,Yates,1417,2758,316967,324,392,60379,1093,2366,256588
2014,March,3,57,Yates,1419,2800,321952,333,408,62947,1086,2392,259005
2014,February,2,57,Yates,1408,2765,317656,337,424,64885,1071,2341,252771
2014,January,1,57,Yates,1422,2772,316713,336,409,62501,1086,2363,254212
2013,December,12,57,Yates,1368,2654,297523,323,391,59997,1045,2263,237526
2013,November,11,57,Yates,1562,2876,474883,356,416,86073,1206,2460,388810
2013,October,10,57,Yates,1355,2619,318523,320,355,60813,1035,2264,257710
2013,September,9,57,Yates,1355,2637,314261,324,379,61532,1031,2258,252729
2013,August,8,57,Yates,1386,2682,323295,324,371,61645,1062,2311,261650
2013,July,7,57,Yates,1387,2703,323249,316,354,57373,1071,2349,265876
2013,June,6,57,Yates,1397,2772,329465,307,346,57010,1090,2426,272455
2013,May,5,57,Yates,1405,2806,332312,320,363,60201,1085,2443,272111
2013,April,4,57,Yates,1400,2787,329312,321,365,60482,1079,2422,268830
2013,March,3,57,Yates,1428,2863,340414,330,390,64861,1098,2473,275553
2013,February,2,57,Yates,1397,2781,329886,329,393,63064,1068,2388,266822
2013,January,1,57,Yates,1404,2771,330725,331,387,62742,1073,2384,267983
2012,December,12,57,Yates,1367,2717,329012,326,387,64054,1041,2330,264958
2012,November,11,57,Yates,1344,2646,320235,330,397,63551,1014,2249,256684
2012,October,10,57,Yates,1344,2639,322737,333,398,65337,1011,2241,257400
2012,September,9,57,Yates,1362,2664,325124,331,400,65492,1031,2264,259632
2012,August,8,57,Yates,1362,2647,325637,332,409,67159,1030,2238,258478
2012,July,7,57,Yates,1368,2674,323808,324,394,63431,1044,2280,260377
2012,June,6,57,Yates,1414,2792,336360,328,406,66016,1086,2386,270344
2012,May,5,57,Yates,1415,2822,339668,330,417,67194,1085,2405,272474
2012,April,4,57,Yates,1425,2889,348930,319,405,65574,1106,2484,283356
2012,March,3,57,Yates,1470,2983,393087,325,411,76806,1145,2572,316281
2012,February,2,57,Yates,1428,2922,349534,322,399,64680,1106,2523,284854
2012,January,1,57,Yates,1413,2881,347879,312,380,60810,1101,2501,287069
2011,December,12,57,Yates,1410,2888,350474,297,353,58679,1113,2535,291795
2011,November,11,57,Yates,1387,2826,347091,291,336,55431,1096,2490,291660
2011,October,10,57,Yates,1393,2860,348993,281,310,51154,1112,2550,297839
2011,September,9,57,Yates,1407,2887,351106,271,301,49818,1136,2586,301288
2011,August,8,57,Yates,1413,2873,346046,268,298,47989,1145,2575,298057
2011,July,7,57,Yates,1421,2908,350541,267,293,47868,1154,2615,302673
2011,June,6,57,Yates,1445,2948,356479,275,296,48926,1170,2652,307553
2011,May,5,57,Yates,1447,2954,358578,272,305,49764,1175,2649,308814
2011,April,4,57,Yates,1457,2971,362125,267,295,48839,1190,2676,313286
2011,March,3,57,Yates,1475,2994,378515,271,294,50607,1204,2700,327908
2011,February,2,57,Yates,1442,2931,371601,266,284,50002,1176,2647,321599
2011,January,1,57,Yates,1441,2903,366553,266,289,49777,1175,2614,316776
2010,December,12,57,Yates,1421,2885,361668,280,320,54483,1141,2565,307185
2010,November,11,57,Yates,1392,2827,350343,272,310,52199,1120,2517,298144
2010,October,10,57,Yates,1374,2795,347939,278,340,54775,1096,2455,293164
2010,September,9,57,Yates,1368,2772,342950,267,310,52316,1101,2462,290634
2010,August,8,57,Yates,1359,2747,340220,267,311,52163,1092,2436,288057
2010,July,7,57,Yates,1365,2780,340638,261,307,51274,1104,2473,289364
2010,June,6,57,Yates,1403,2867,355052,264,300,51948,1139,2567,303104
2010,May,5,57,Yates,1398,2904,357615,272,325,54849,1126,2579,302766
2010,April,4,57,Yates,1436,2973,369248,286,348,57321,1150,2625,311927
2010,March,3,57,Yates,1425,2960,371946,287,354,60744,1138,2606,311202
2010,February,2,57,Yates,1416,2935,368252,283,351,58654,1133,2584,309598
2010,January,1,57,Yates,1415,2957,375859,289,364,59965,1126,2593,315894
2009,December,12,57,Yates,1374,2876,357789,288,364,59288,1086,2512,298501
2009,November,11,57,Yates,1339,2779,343116,275,329,53988,1064,2450,289128
2009,October,10,57,Yates,1323,2746,347231,276,340,54903,1047,2406,292328
2009,September,9,57,Yates,1319,2742,346357,274,337,55408,1045,2405,290949
2009,August,8,57,Yates,1317,2720,346479,276,336,56858,1041,2384,289621
2009,July,7,57,Yates,1301,2691,343824,285,347,59250,1016,2344,284574
2009,June,6,57,Yates,1277,2608,333757,276,331,54708,1001,2277,279049
2009,May,5,57,Yates,1275,2608,333797,285,359,58819,990,2249,274978
2009,April,4,57,Yates,1264,2575,331979,292,371,60952,972,2204,271027
2009,March,3,57,Yates,1271,2583,291550,304,398,57749,967,2185,233801
2009,February,2,57,Yates,1221,2486,278852,301,389,56604,920,2097,222248
2009,January,1,57,Yates,1180,2389,244514,295,378,47547,885,2011,196967
2008,December,12,57,Yates,1137,2305,242592,280,343,44192,857,1962,198400
2008,November,11,57,Yates,1071,2137,220936,271,317,40285,800,1820,180651
2008,October,10,57,Yates,1032,2057,218475,273,326,42083,759,1731,176392
2008,September,9,57,Yates,1007,1972,170917,262,295,28366,745,1677,142551
2008,August,8,57,Yates,1012,1977,177016,270,330,33515,742,1647,143501
2008,July,7,57,Yates,1015,1978,179744,282,338,34284,733,1640,145460
2008,June,6,57,Yates,1005,1956,176687,279,344,35496,726,1612,141191
2008,May,5,57,Yates,1038,2053,190486,289,362,37972,749,1691,152514
2008,April,4,57,Yates,998,1977,180508,287,362,37823,711,1615,142685
2008,March,3,57,Yates,1011,2006,182964,290,367,37456,721,1639,145508
2008,February,2,57,Yates,1039,2081,187478,289,356,36655,750,1725,150823
2008,January,1,57,Yates,1023,2055,187288,282,334,35004,741,1721,152284
2007,December,12,57,Yates,1018,2071,189917,293,361,37980,725,1710,151937
2007,November,11,57,Yates,988,2003,184494,290,355,37216,698,1648,147278
2007,October,10,57,Yates,981,1955,181918,292,361,36810,689,1594,145108
2007,September,9,57,Yates,972,1924,168399,302,372,37031,670,1552,131368
2007,August,8,57,Yates,968,1906,163800,300,371,36805,668,1535,126995
2007,July,7,57,Yates,982,1936,169014,298,366,36668,684,1570,132346
2007,June,6,57,Yates,1028,2017,176915,301,362,36665,727,1655,140250
2007,May,5,57,Yates,1032,2027,179292,305,371,38709,727,1656,140583
2007,April,4,57,Yates,1055,2111,188590,304,366,37896,751,1745,150694
2007,March,3,57,Yates,1078,2165,192887,314,384,40645,764,1781,152242
2007,February,2,57,Yates,1090,2226,198225,296,359,36845,794,1867,161380
2007,January,1,57,Yates,1069,2158,192302,309,388,40279,760,1770,152023
2006,December,12,57,Yates,1090,2197,196660,327,419,43605,763,1778,153055
2006,November,11,57,Yates,1063,2139,191637,317,408,43051,746,1731,148586
2006,October,10,57,Yates,1063,2132,192913,311,400,41886,752,1732,151027
2006,September,9,57,Yates,1047,2090,184077,320,407,42569,727,1683,141508
2006,August,8,57,Yates,1064,2125,189637,310,384,40505,754,1741,149132
2006,July,7,57,Yates,1031,2059,185699,299,375,38921,732,1684,146778
2006,June,6,57,Yates,1058,2135,194644,308,379,39630,750,1756,155014
2006,May,5,57,Yates,1070,2166,197582,312,395,41660,758,1771,155922
2006,April,4,57,Yates,1082,2188,200564,325,419,43635,757,1769,156929
2006,March,3,57,Yates,1105,2226,205155,339,445,47388,766,1781,157767
2006,February,2,57,Yates,1101,2252,203140,337,460,48680,764,1792,154460
2006,January,1,57,Yates,1109,2251,202305,334,454,47922,775,1797,154383
2005,December,12,57,Yates,1084,2236,201178,323,440,46939,761,1796,154239
2005,November,11,57,Yates,1085,2237,203034,327,433,46618,758,1804,156416
2005,October,10,57,Yates,1063,2185,201213,321,429,46225,742,1756,154988
2005,September,9,57,Yates,1051,2175,192431,300,389,38997,751,1786,153434
2005,August,8,57,Yates,1075,2235,197253,301,414,42213,774,1821,155040
2005,July,7,57,Yates,1062,2191,187294,295,410,39848,767,1781,147446
2005,June,6,57,Yates,1064,2213,189901,294,412,39366,770,1801,150535
2005,May,5,57,Yates,1067,2212,189873,296,398,39047,771,1814,150826
2005,April,4,57,Yates,1064,2195,190321,304,414,40504,760,1781,149817
2005,March,3,57,Yates,1071,2204,197370,315,436,44157,756,1768,153213
2005,February,2,57,Yates,1052,2146,188390,318,446,45263,734,1700,143127
2005,January,1,57,Yates,1058,2174,187639,326,454,42360,732,1720,145279
2004,December,12,57,Yates,1027,2086,182326,310,421,40673,717,1665,141653
2004,November,11,57,Yates,1033,2064,181775,322,433,42801,711,1631,138974
2004,October,10,57,Yates,1001,1988,178906,306,410,40904,695,1578,138002
2004,September,9,57,Yates,967,1882,160111,293,388,36802,674,1494,123309
2004,August,8,57,Yates,969,1889,158020,295,410,39082,674,1479,118938
2004,July,7,57,Yates,948,1847,155749,302,413,40386,646,1434,115363
2004,June,6,57,Yates,954,1847,153110,298,412,39961,656,1435,113149
2004,May,5,57,Yates,963,1888,156554,310,446,42683,653,1442,113871
2004,April,4,57,Yates,963,1920,160056,304,440,42404,659,1480,117652
2004,March,3,57,Yates,983,1959,164420,303,420,41676,680,1539,122744
2004,February,2,57,Yates,961,1921,159389,300,415,42216,661,1506,117173
2004,January,1,57,Yates,936,1880,151803,285,389,38775,651,1491,113028
2003,December,12,57,Yates,903,1803,147490,265,332,31419,638,1471,116071
2003,November,11,57,Yates,892,1771,144121,263,330,31217,629,1441,112904
2003,October,10,57,Yates,894,1775,144354,265,329,30612,629,1446,113742
2003,September,9,57,Yates,876,1727,135814,257,318,28905,619,1409,106909
2003,August,8,57,Yates,879,1763,139795,259,324,29800,620,1439,109995
2003,July,7,57,Yates,858,1710,134868,249,307,28112,609,1403,106756
2003,June,6,57,Yates,848,1710,138900,252,304,27871,596,1406,111029
2003,May,5,57,Yates,850,1705,135885,263,324,29928,587,1381,105957
2003,April,4,57,Yates,856,1710,137883,261,322,29687,595,1388,108196
2003,March,3,57,Yates,840,1659,132197,263,325,30848,577,1334,101349
2003,February,2,57,Yates,840,1685,134925,267,340,31793,573,1345,103132
2003,January,1,57,Yates,845,1665,132479,288,372,35116,557,1293,97363
2002,December,12,57,Yates,815,1581,126309,272,340,31369,543,1241,94940
2002,November,11,57,Yates,808,1537,120880,278,351,32210,530,1186,88670
2002,October,10,57,Yates,789,1469,113907,277,355,32367,512,1114,81540
2002,September,9,57,Yates,786,1485,109067,253,313,27767,533,1172,81300
2002,August,8,57,Yates,775,1445,109004,256,318,27314,519,1127,81690
2002,July,7,57,Yates,752,1389,102155,248,300,26202,504,1089,75953
2002,June,6,57,Yates,753,1402,103748,251,314,27821,502,1088,75927
2002,May,5,57,Yates,766,1421,103282,246,294,26078,520,1127,77204
2002,April,4,57,Yates,764,1413,103919,245,290,25616,519,1123,78303
2002,March,3,57,Yates,763,1425,105375,244,298,26204,519,1127,79171
2002,February,2,57,Yates,736,1376,100817,239,291,24900,497,1085,75917
2002,January,1,57,Yates,737,1368,99274,235,278,24043,502,1090,75231
2016,June,6,6,Chautauqua,13303,25334,3235220,4423,7193,1053831,8880,18141,2181389
2016,May,5,6,Chautauqua,13420,25588,3264962,4447,7248,1061772,8973,18340,2203190
2016,April,4,6,Chautauqua,13740,26134,3335649,4486,7312,1068974,9254,18822,2266675
2016,March,3,6,Chautauqua,13826,26273,3371811,4483,7307,1070211,9343,18966,2301600
2016,February,2,6,Chautauqua,13876,26380,3399385,4483,7317,1069145,9393,19063,2330240
2016,January,1,6,Chautauqua,13849,26365,3382168,4500,7400,1074863,9349,18965,2307305
2015,October,10,6,Chautauqua,13901,26473,3431991,4557,7503,1096573,9344,18970,2335418
2015,September,9,6,Chautauqua,13871,26415,3431887,4554,7495,1103746,9317,18920,2328141
2015,August,8,6,Chautauqua,13812,26334,3427378,4548,7537,1109163,9264,18797,2318215
2015,July,7,6,Chautauqua,13987,26780,3471928,4564,7617,1114477,9423,19163,2357451
2015,June,6,6,Chautauqua,14087,27008,3489013,4575,7620,1112348,9512,19388,2376665
2015,May,5,6,Chautauqua,14200,27277,3535765,4621,7731,1131007,9579,19546,2404758
2015,April,4,6,Chautauqua,14272,27419,3551091,4630,7730,1132767,9642,19689,2418324
2015,March,3,6,Chautauqua,14366,27716,3590832,4672,7843,1148541,9694,19873,2442291
2015,February,2,6,Chautauqua,14314,27621,3572903,4656,7817,1149187,9658,19804,2423716
2015,January,1,6,Chautauqua,14351,27653,3589466,4639,7794,1142419,9712,19859,2447047
2014,December,12,6,Chautauqua,14256,27498,3579083,4230,6793,1034680,10026,20705,2544403
2014,November,11,6,Chautauqua,14155,27359,3573414,4236,6783,1040039,9919,20576,2533375
2014,October,10,6,Chautauqua,14099,27382,3592192,4173,6707,1031869,9926,20675,2560323
2014,September,9,6,Chautauqua,14021,27264,3419861,4162,6694,980350,9859,20570,2439511
2014,August,8,6,Chautauqua,14077,27472,3479691,4202,6804,1001905,9875,20668,2477786
2014,July,7,6,Chautauqua,14127,27693,3493080,4187,6785,1001374,9940,20908,2491706
2014,June,6,6,Chautauqua,14171,27783,3506151,4243,6896,1016130,9928,20887,2490021
2014,May,5,6,Chautauqua,14154,27804,3512928,4265,6978,1032996,9889,20826,2479932
2014,April,4,6,Chautauqua,14118,27728,3503986,4242,6919,1020140,9876,20809,2483846
2014,March,3,6,Chautauqua,14069,27665,3491967,4240,6958,1026723,9829,20707,2465244
2014,February,2,6,Chautauqua,13913,27404,3471070,4213,6870,1013882,9700,20534,2457188
2014,January,1,6,Chautauqua,13887,27345,3458586,4194,6813,1007041,9693,20532,2451545
2013,December,12,6,Chautauqua,13789,27168,3437149,4198,6793,1009127,9591,20375,2428022
2013,November,11,6,Chautauqua,13833,27237,3584707,4258,6943,1072992,9575,20294,2511715
2013,October,10,6,Chautauqua,13679,27057,3658357,4164,6751,1065604,9515,20306,2592753
2013,September,9,6,Chautauqua,13631,27006,3617698,4184,6821,1055498,9447,20185,2562200
2013,August,8,6,Chautauqua,13544,26833,3595017,4086,6591,1028485,9458,20242,2566532
2013,July,7,6,Chautauqua,13359,26540,3551576,4111,6661,1038680,9248,19879,2512896
2013,June,6,6,Chautauqua,13316,26511,3524478,4156,6814,1064824,9160,19697,2459654
2013,May,5,6,Chautauqua,13323,26511,3520756,4193,6856,1072292,9130,19655,2448464
2013,April,4,6,Chautauqua,13400,26665,3555698,4239,6965,1092573,9161,19700,2463125
2013,March,3,6,Chautauqua,13391,26684,3557703,4236,6984,1092665,9155,19700,2465038
2013,February,2,6,Chautauqua,13295,26541,3549519,4249,6962,1093272,9046,19579,2456247
2013,January,1,6,Chautauqua,13217,26372,3527643,4231,6952,1089215,8986,19420,2438428
2012,December,12,6,Chautauqua,13135,26219,3529678,4189,6853,1083173,8946,19366,2446505
2012,November,11,6,Chautauqua,12933,25876,3479258,4189,6865,1085052,8744,19011,2394206
2012,October,10,6,Chautauqua,12880,25846,3484625,4172,6812,1078848,8708,19034,2405777
2012,September,9,6,Chautauqua,12739,25546,3429946,4149,6788,1076364,8590,18758,2353582
2012,August,8,6,Chautauqua,12710,25497,3418132,4147,6750,1071255,8563,18747,2346877
2012,July,7,6,Chautauqua,12704,25429,3408270,4198,6821,1085765,8506,18608,2322505
2012,June,6,6,Chautauqua,12778,25571,3432928,4235,6898,1106346,8543,18673,2326582
2012,May,5,6,Chautauqua,12815,25628,3429196,4288,6996,1120037,8527,18632,2309159
2012,April,4,6,Chautauqua,12796,25601,3437134,4303,7011,1128545,8493,18590,2308589
2012,March,3,6,Chautauqua,12916,25821,3532952,4342,7058,1169237,8574,18763,2363715
2012,February,2,6,Chautauqua,12800,25657,3452337,4386,7156,1151286,8414,18501,2301051
2012,January,1,6,Chautauqua,12831,25745,3470037,4385,7175,1158830,8446,18570,2311207
2011,December,12,6,Chautauqua,12792,25660,3510188,4391,7141,1167082,8401,18519,2343106
2011,November,11,6,Chautauqua,12594,25312,3451607,4366,7151,1163896,8228,18161,2287711
2011,October,10,6,Chautauqua,12556,25248,3446965,4380,7168,1166014,8176,18080,2280951
2011,September,9,6,Chautauqua,12531,25343,3427204,4353,7140,1148420,8178,18203,2278784
2011,August,8,6,Chautauqua,12400,25134,3377126,4306,7027,1130691,8094,18107,2246435
2011,July,7,6,Chautauqua,12435,25189,3394606,4297,7044,1129823,8138,18145,2264783
2011,June,6,6,Chautauqua,12365,25087,3375932,4285,6985,1123395,8080,18102,2252537
2011,May,5,6,Chautauqua,12316,25002,3371015,4266,6934,1116561,8050,18068,2254454
2011,April,4,6,Chautauqua,12268,24910,3355661,4250,6940,1118948,8018,17970,2236713
2011,March,3,6,Chautauqua,12266,24965,3432167,4222,6920,1128846,8044,18045,2303321
2011,February,2,6,Chautauqua,12126,24772,3406205,4184,6853,1118168,7942,17919,2288037
2011,January,1,6,Chautauqua,12045,24701,3394374,4159,6850,1116578,7886,17851,2277796
2010,December,12,6,Chautauqua,11914,24494,3377488,4087,6727,1105615,7827,17767,2271873
2010,November,11,6,Chautauqua,11765,24253,3331894,4026,6637,1088012,7739,17616,2243882
2010,October,10,6,Chautauqua,11718,24161,3325683,4015,6587,1078417,7703,17574,2247266
2010,September,9,6,Chautauqua,11637,24011,3292775,3945,6384,1043755,7692,17627,2249020
2010,August,8,6,Chautauqua,11656,24097,3317254,3952,6399,1046063,7704,17698,2271191
2010,July,7,6,Chautauqua,11656,24015,3295935,3871,6219,1010421,7785,17796,2285514
2010,June,6,6,Chautauqua,11537,23856,3271437,3828,6103,1002031,7709,17753,2269406
2010,May,5,6,Chautauqua,11462,23668,3244500,3839,6112,999748,7623,17556,2244752
2010,April,4,6,Chautauqua,11463,23758,3261911,3836,6062,996668,7627,17696,2265243
2010,March,3,6,Chautauqua,11350,23477,3232110,3834,6038,998141,7516,17439,2233969
2010,February,2,6,Chautauqua,11175,23106,3180445,3858,6037,999261,7317,17069,2181184
2010,January,1,6,Chautauqua,11082,23014,3192340,3798,5911,982557,7284,17103,2209783
2009,December,12,6,Chautauqua,10826,22520,3083383,3701,5800,954641,7125,16720,2128742
2009,November,11,6,Chautauqua,10559,21983,3005008,3655,5718,939453,6904,16265,2065555
2009,October,10,6,Chautauqua,10454,21802,3003544,3624,5636,933476,6830,16166,2070068
2009,September,9,6,Chautauqua,10310,21469,2963799,3509,5493,906049,6801,15976,2057750
2009,August,8,6,Chautauqua,10259,21425,2965042,3463,5365,890902,6796,16060,2074140
2009,July,7,6,Chautauqua,10014,20884,2919817,3376,5189,865837,6638,15695,2053980
2009,June,6,6,Chautauqua,9978,20813,2892400,3377,5188,858374,6601,15625,2034026
2009,May,5,6,Chautauqua,9835,20418,2838268,3319,5047,833642,6516,15371,2004626
2009,April,4,6,Chautauqua,9667,20026,2782670,3306,4991,821898,6361,15035,1960772
2009,March,3,6,Chautauqua,9497,19640,2370266,3297,5016,725168,6200,14624,1645098
2009,February,2,6,Chautauqua,9314,19295,2321101,3275,5004,722787,6039,14291,1598314
2009,January,1,6,Chautauqua,9154,19003,2132925,3205,4853,644633,5949,14150,1488292
2008,December,12,6,Chautauqua,8964,18583,2130112,3176,4769,644420,5788,13814,1485692
2008,November,11,6,Chautauqua,8714,17974,2061988,3139,4650,626014,5575,13324,1435974
2008,October,10,6,Chautauqua,8568,17682,2036655,3150,4721,629363,5418,12961,1407292
2008,September,9,6,Chautauqua,8463,17435,1741609,3162,4810,546996,5301,12625,1194613
2008,August,8,6,Chautauqua,8293,17173,1709298,3141,4819,541280,5152,12354,1168018
2008,July,7,6,Chautauqua,8165,16947,1690096,3108,4774,529663,5057,12173,1160433
2008,June,6,6,Chautauqua,8092,16770,1667461,3069,4657,522747,5023,12113,1144714
2008,May,5,6,Chautauqua,8105,16799,1661650,3105,4667,522031,5000,12132,1139619
2008,April,4,6,Chautauqua,8060,16642,1654334,3122,4673,526701,4938,11969,1127633
2008,March,3,6,Chautauqua,8014,16632,1652415,3100,4653,526961,4914,11979,1125454
2008,February,2,6,Chautauqua,7914,16475,1635896,3080,4659,528592,4834,11816,1107304
2008,January,1,6,Chautauqua,7852,16407,1626087,3063,4600,522598,4789,11807,1103489
2007,December,12,6,Chautauqua,7781,16297,1643384,3042,4561,525119,4739,11736,1118265
2007,November,11,6,Chautauqua,7671,16086,1630719,3015,4553,521775,4656,11533,1108944
2007,October,10,6,Chautauqua,7634,15919,1614428,3022,4559,522067,4612,11360,1092361
2007,September,9,6,Chautauqua,7649,15968,1526768,3071,4688,509043,4578,11280,1017725
2007,August,8,6,Chautauqua,7636,15871,1527664,3029,4642,502659,4607,11229,1025005
2007,July,7,6,Chautauqua,7676,15982,1538760,3068,4715,512774,4608,11267,1025986
2007,June,6,6,Chautauqua,7700,15977,1533038,3138,4834,530383,4562,11143,1002655
2007,May,5,6,Chautauqua,7632,15901,1529946,3127,4799,529057,4505,11102,1000889
2007,April,4,6,Chautauqua,7676,16055,1533044,3142,4859,534569,4534,11196,998475
2007,March,3,6,Chautauqua,7699,16076,1538062,3116,4833,528736,4583,11243,1009326
2007,February,2,6,Chautauqua,7525,15792,1492784,3072,4738,520105,4453,11054,972679
2007,January,1,6,Chautauqua,7628,16053,1526802,3093,4804,524217,4535,11249,1002585
2006,December,12,6,Chautauqua,7573,15882,1526676,3093,4777,530425,4480,11105,996251
2006,November,11,6,Chautauqua,7458,15640,1503051,3029,4686,522455,4429,10954,980596
2006,October,10,6,Chautauqua,7498,15725,1508797,3060,4732,522125,4438,10993,986672
2006,September,9,6,Chautauqua,7486,15690,1462821,3066,4787,511118,4420,10903,951703
2006,August,8,6,Chautauqua,7513,15752,1468345,3069,4805,515299,4444,10947,953046
2006,July,7,6,Chautauqua,7474,15717,1478673,3054,4712,510127,4420,11005,968546
2006,June,6,6,Chautauqua,7544,15820,1486986,3108,4809,520092,4436,11011,966894
2006,May,5,6,Chautauqua,7507,15738,1475708,3091,4809,520625,4416,10929,955083
2006,April,4,6,Chautauqua,7558,15878,1500188,3076,4774,516559,4482,11104,983629
2006,March,3,6,Chautauqua,7607,15975,1510016,3089,4844,525067,4518,11131,984949
2006,February,2,6,Chautauqua,7522,15812,1504555,3050,4826,525899,4472,10986,978656
2006,January,1,6,Chautauqua,7515,15840,1479269,3078,4862,522993,4437,10978,956276
2005,December,12,6,Chautauqua,7461,15745,1495051,3089,4870,536950,4372,10875,958101
2005,November,11,6,Chautauqua,7351,15531,1472060,3063,4803,528036,4288,10728,944024
2005,October,10,6,Chautauqua,7264,15339,1448352,3027,4730,516756,4237,10609,931596
2005,September,9,6,Chautauqua,7202,15257,1404809,2973,4659,492049,4229,10598,912760
2005,August,8,6,Chautauqua,7200,15254,1419090,2959,4615,487853,4241,10639,931237
2005,July,7,6,Chautauqua,7221,15312,1418997,2989,4732,500013,4232,10580,918984
2005,June,6,6,Chautauqua,7192,15207,1402052,2968,4689,493571,4224,10518,908481
2005,May,5,6,Chautauqua,7234,15200,1417745,3026,4761,508215,4208,10439,909530
2005,April,4,6,Chautauqua,7186,15194,1399992,3008,4774,501993,4178,10420,897999
2005,March,3,6,Chautauqua,7192,15148,1393591,3023,4798,498301,4169,10350,895290
2005,February,2,6,Chautauqua,7114,15050,1373965,3012,4797,496984,4102,10253,876981
2005,January,1,6,Chautauqua,7073,15019,1369097,2991,4775,490944,4082,10244,878153
2004,December,12,6,Chautauqua,6922,14660,1348403,2965,4680,482749,3957,9980,865654
2004,November,11,6,Chautauqua,6765,14444,1327461,2920,4663,484272,3845,9781,843189
2004,October,10,6,Chautauqua,6695,14281,1319086,2888,4596,473506,3807,9685,845580
2004,September,9,6,Chautauqua,6609,14209,1225985,2807,4514,438146,3802,9695,787839
2004,August,8,6,Chautauqua,6620,14339,1237767,2819,4615,454841,3801,9724,782926
2004,July,7,6,Chautauqua,6563,14245,1230561,2781,4604,450435,3782,9641,780126
2004,June,6,6,Chautauqua,6542,14286,1236957,2770,4597,455825,3772,9689,781132
2004,May,5,6,Chautauqua,6525,14194,1228321,2762,4561,447622,3763,9633,780699
2004,April,4,6,Chautauqua,6491,14123,1214544,2795,4574,457673,3696,9549,756871
2004,March,3,6,Chautauqua,6502,14213,1216707,2820,4650,464663,3682,9563,752044
2004,February,2,6,Chautauqua,6436,14079,1200367,2823,4686,466751,3613,9393,733616
2004,January,1,6,Chautauqua,6428,13998,1198626,2863,4755,472913,3565,9243,725713
2003,December,12,6,Chautauqua,6310,13786,1187036,2762,4588,450699,3548,9198,736337
2003,November,11,6,Chautauqua,6233,13536,1162101,2767,4577,452468,3466,8959,709633
2003,October,10,6,Chautauqua,6219,13480,1172903,2797,4614,461500,3422,8866,711403
2003,September,9,6,Chautauqua,6220,13454,1153028,2790,4635,455847,3430,8819,697181
2003,August,8,6,Chautauqua,6145,13262,1133361,2808,4645,457758,3337,8617,675603
2003,July,7,6,Chautauqua,6147,13291,1134695,2810,4646,465617,3337,8645,669078
2003,June,6,6,Chautauqua,6126,13260,1121918,2852,4749,462961,3274,8511,658957
2003,May,5,6,Chautauqua,6101,13126,1120324,2860,4769,473837,3241,8357,646487
2003,April,4,6,Chautauqua,6074,13032,1101897,2909,4821,473578,3165,8211,628319
2003,March,3,6,Chautauqua,6096,13098,1106900,2935,4868,477861,3161,8230,629039
2003,February,2,6,Chautauqua,6026,12952,1095393,2951,4963,488289,3075,7989,607104
2003,January,1,6,Chautauqua,5991,12888,1090575,2949,4961,490372,3042,7927,600203
2002,December,12,6,Chautauqua,5893,12654,1068132,2931,4883,486498,2962,7771,581634
2002,November,11,6,Chautauqua,5800,12358,1054293,2929,4923,486209,2871,7435,568084
2002,October,10,6,Chautauqua,5680,12038,1035690,2873,4851,482235,2807,7187,553455
2002,September,9,6,Chautauqua,5660,12001,979366,2810,4726,445133,2850,7275,534233
2002,August,8,6,Chautauqua,5603,11888,968276,2772,4673,439628,2831,7215,528648
2002,July,7,6,Chautauqua,5613,11948,967733,2794,4682,441650,2819,7266,526083
2002,June,6,6,Chautauqua,5618,11907,965800,2815,4720,443451,2803,7187,522349
2002,May,5,6,Chautauqua,5610,11899,970232,2835,4761,449796,2775,7138,520436
2002,April,4,6,Chautauqua,5661,12012,988501,2903,4920,470806,2758,7092,517695
2002,March,3,6,Chautauqua,5665,12049,988194,2937,4998,479388,2728,7051,508806
2002,February,2,6,Chautauqua,5586,11887,970617,2891,4878,464186,2695,7009,506431
2002,January,1,6,Chautauqua,5523,11755,964526,2892,4867,464529,2631,6888,499997
2018,December,12,66,New York City,907044,1571790,230769216,424990,637329,100904907,482054,934461,129864309
2018,November,11,66,New York City,908718,1577524,231129799,426259,640126,101378368,482459,937398,129751431
2018,October,10,66,New York City,914407,1590812,233084328,427448,641854,101569191,486959,948958,131515137
2018,September,9,66,New York City,916141,1594530,231395084,426870,640505,100736336,489271,954025,130658748
2018,August,8,66,New York City,921260,1604622,233710803,428894,643169,101476690,492366,961453,132234113
2018,July,7,66,New York City,920116,1603658,231798656,428612,643585,100973725,491504,960073,130824931
2018,June,6,66,New York City,923170,1607466,233289479,429753,642627,101562752,493417,964839,131726727
2018,May,5,66,New York City,928314,1618164,233654515,431604,645542,101691776,496710,972622,131962739
2018,April,4,66,New York City,926562,1618824,231067333,432160,649762,101137795,494402,969062,129929538
2018,March,3,66,New York City,933439,1633962,235236634,435209,655673,102383938,498230,978289,132852696
2018,February,2,66,New York City,924637,1620356,232510283,433990,655462,102042742,490647,964894,130467541
2018,January,1,66,New York City,932500,1635537,235869380,437276,660941,102972707,495224,974596,132896673
2017,December,12,66,New York City,931216,1635635,238213698,436610,660511,103812429,494606,975124,134401269
2017,November,11,66,New York City,932072,1640403,238900597,437408,663033,104349083,494664,977370,134551514
2017,October,10,66,New York City,930190,1636416,237275240,436477,660889,103689028,493713,975527,133586212
2017,September,9,66,New York City,939386,1655650,242241359,437834,662554,104821703,501552,993096,137419656
2017,August,8,66,New York City,942397,1662817,242563785,439135,664492,105173812,503262,998325,137389973
2017,July,7,66,New York City,945023,1670141,240319159,438307,663800,103480493,506716,1006341,136838666
2017,June,6,66,New York City,948596,1676347,242014862,438541,664006,103879195,510055,1012341,138135667
2017,May,5,66,New York City,950035,1682555,245842147,437575,663730,104658589,512460,1018825,141183558
2017,April,4,66,New York City,943483,1669824,242222261,435522,661626,103548320,507961,1008198,138673941
2017,March,3,66,New York City,950491,1682786,246369501,438692,667206,104568794,511799,1015580,141800707
2017,February,2,66,New York City,946171,1678623,244560042,436925,666347,103946584,509246,1012276,140613458
2017,January,1,66,New York City,955538,1696761,247470663,439852,671554,104788053,515686,1025207,142682610
2016,December,12,66,New York City,955982,1698771,249043385,440964,673773,105510564,515018,1024998,143532821
2016,November,11,66,New York City,954209,1698133,248797197,440230,673152,105526116,513979,1024981,143271081
2016,October,10,66,New York City,951180,1692789,247719332,440011,672194,105473341,511169,1020595,142245991
2016,September,9,66,New York City,955989,1702125,250102539,441236,673527,106059848,514753,1028598,144042691
2016,August,8,66,New York City,958408,1707718,251083560,441586,673800,106178426,516822,1033918,144905134
2016,July,7,66,New York City,949263,1690283,245032232,439390,670588,104228909,509873,1019695,140803323
2016,June,6,66,New York City,951378,1693156,249162091,440982,672459,105015291,510396,1020697,144146800
2016,May,5,66,New York City,952686,1694747,277480600,441122,669995,115743309,511564,1024752,161737291
2016,April,4,66,New York City,942229,1677093,247073909,438982,669457,104495560,503247,1007636,142578349
2016,March,3,66,New York City,943174,1678033,246940016,440409,671957,104723748,502765,1006076,142216268
2016,February,2,66,New York City,943102,1679814,245024868,439565,670853,104086290,503537,1008961,140938578
2016,January,1,66,New York City,942019,1676822,243957900,441188,674019,104502664,500831,1002803,139455236
2015,December,12,66,New York City,947736,1688470,247316920,442653,676581,105221703,505083,1011889,142095217
2015,November,11,66,New York City,945838,1686941,250570264,442697,674560,108387747,503141,1012381,142182517
2015,October,10,66,New York City,948935,1694576,249559161,442687,675155,105659525,506248,1019421,143899636
2015,September,9,66,New York City,948868,1696174,250855567,441827,673621,105778677,507041,1022553,145076890
2015,August,8,66,New York City,947025,1692560,250300190,439765,669591,105685449,507260,1022969,144614741
2015,July,7,66,New York City,951952,1699730,248887027,441206,670633,104540787,510746,1029097,144346240
2015,June,6,66,New York City,955363,1706657,248806546,439783,667675,104434034,515580,1038982,144372512
2015,May,5,66,New York City,952896,1701527,244893374,437983,664780,101895444,514913,1036747,142997930
2015,April,4,66,New York City,957565,1709929,247743033,439085,666485,102398354,518480,1043444,145344679
2015,March,3,66,New York City,960784,1716035,250525239,438952,665783,102446174,521832,1050252,148079065
2015,February,2,66,New York City,960869,1716588,251243172,438930,664340,103565172,521939,1052248,147678000
2015,January,1,66,New York City,963436,1722856,250356331,440295,668163,102431172,523141,1054693,147925159
2014,December,12,66,New York City,972357,1742730,255417953,438565,667426,102944738,533792,1075304,152473215
2014,November,11,66,New York City,966467,1732347,255181584,437583,663814,102758218,528884,1068533,152423366
2014,October,10,66,New York City,970490,1738405,258590138,441055,668151,104285101,529435,1070254,154305037
2014,September,9,66,New York City,969573,1739660,249470177,437299,661659,99756987,532274,1078001,149713190
2014,August,8,66,New York City,971230,1743729,251652007,437075,661310,100654073,534155,1082419,150997934
2014,July,7,66,New York City,975457,1751949,253982075,437371,660791,100516053,538086,1091158,153466022
2014,June,6,66,New York City,977183,1755806,254718646,435578,657137,100227977,541605,1098669,154490669
2014,May,5,66,New York City,978631,1758889,256168497,436130,658293,100555710,542501,1100596,155612787
2014,April,4,66,New York City,979461,1762745,256306219,437540,660966,101158764,541921,1101779,155147455
2014,March,3,66,New York City,982601,1769583,256253397,437267,661749,101091102,545334,1107834,155162295
2014,February,2,66,New York City,989693,1785876,256805299,438023,663244,100919858,551670,1122632,155885441
2014,January,1,66,New York City,1010600,1821535,261949630,448493,679217,102895364,562107,1142318,159054266
2013,December,12,66,New York City,1014963,1838337,266277004,441918,673109,103207910,573045,1165228,163069094
2013,November,11,66,New York City,1058616,1896469,330854642,447974,690496,123995457,610642,1205973,206859185
2013,October,10,66,New York City,1020034,1850432,286939971,444703,678561,110814559,575331,1171871,176125412
2013,September,9,66,New York City,1022109,1855649,284097873,443985,677762,109502184,578124,1177887,174595689
2013,August,8,66,New York City,1031954,1869226,287209947,446707,682059,110608889,585247,1187167,176601058
2013,July,7,66,New York City,1039239,1880790,288167436,448246,683186,110484340,590993,1197604,177683096
2013,June,6,66,New York City,1035176,1873527,287603582,449457,684543,110846248,585719,1188984,176757334
2013,May,5,66,New York City,1034896,1871135,288232507,452587,688808,111839576,582309,1182327,176392931
2013,April,4,66,New York City,1036798,1872839,288151913,449944,685342,111027850,586854,1187497,177124063
2013,March,3,66,New York City,1035828,1872945,288614809,451028,687047,111453405,584800,1185898,177161404
2013,February,2,66,New York City,1027069,1858529,285909277,447185,680943,110488929,579884,1177586,175420348
2013,January,1,66,New York City,1030330,1864854,288940563,449163,683317,111652502,581167,1181537,177288061
2012,December,12,66,New York City,1047071,1898028,307101161,447138,679528,115649365,599933,1218500,191451796
2012,November,11,66,New York City,1027559,1864472,346461255,447409,679585,133945527,580150,1184887,212515728
2012,October,10,66,New York City,1012942,1838911,286945410,443727,673210,110686891,569215,1165701,176258519
2012,September,9,66,New York City,1010439,1836249,286025390,443555,673019,111288028,566884,1163230,174737362
2012,August,8,66,New York City,1015320,1844896,289929512,445579,676464,112639097,569741,1168432,177290415
2012,July,7,66,New York City,1011302,1837299,286059944,444279,674194,110956817,567023,1163105,175103127
2012,June,6,66,New York City,1009912,1834161,286167027,444581,674805,111512359,565331,1159356,174654668
2012,May,5,66,New York City,1005769,1825013,286509616,443851,674392,111699342,561918,1150621,174810274
2012,April,4,66,New York City,997608,1810179,282644488,442562,671985,110475622,555046,1138194,172168866
2012,March,3,66,New York City,1004736,1821023,286355258,444893,675370,111764869,559843,1145653,174590389
2012,February,2,66,New York City,996890,1811369,284227341,441717,671588,111889358,555173,1139781,172337983
2012,January,1,66,New York City,998477,1815175,282823385,442312,673532,110319917,556165,1141643,172503468
2011,December,12,66,New York City,1001225,1825377,289154941,437873,667933,111699396,563352,1157444,177455545
2011,November,11,66,New York City,997086,1819653,290793521,435370,664289,111899438,561716,1155364,178894083
2011,October,10,66,New York City,1004188,1832667,296367610,435739,664950,113843523,568449,1167717,182524087
2011,September,9,66,New York City,1004272,1831882,289227002,436225,665758,111350277,568047,1166124,177876725
2011,August,8,66,New York City,1002196,1826690,286610539,434720,663982,110339949,567476,1162708,176270590
2011,July,7,66,New York City,1008100,1835190,286602416,437169,668762,110075629,570931,1166428,176526787
2011,June,6,66,New York City,1006578,1830907,286332252,438163,671776,110673618,568415,1159131,175658634
2011,May,5,66,New York City,1001964,1820946,285423442,435791,668623,110292680,566173,1152323,175130762
2011,April,4,66,New York City,1002910,1822591,286018998,437066,671271,110582910,565844,1151320,175436088
2011,March,3,66,New York City,1004210,1823042,291026548,439500,673874,113673315,564710,1149168,177353233
2011,February,2,66,New York City,991637,1803076,285017866,435324,668446,111096783,556313,1134630,173921083
2011,January,1,66,New York City,991577,1805763,284939983,436985,671984,111538506,554592,1133779,173401477
2010,December,12,66,New York City,993072,1810730,287161871,438509,674406,112423413,554563,1136324,174738458
2010,November,11,66,New York City,984848,1797430,285061928,435504,669779,111494526,549344,1127651,173567402
2010,October,10,66,New York City,981094,1789683,284082495,434531,668078,111471174,546563,1121605,172611321
2010,September,9,66,New York City,974275,1776501,281862224,433463,666902,111383921,540812,1109599,170478303
2010,August,8,66,New York City,967487,1764202,280044122,431398,662839,110879341,536089,1101363,169164781
2010,July,7,66,New York City,963312,1755644,277488692,432229,664976,110485356,531083,1090668,167003336
2010,June,6,66,New York City,950080,1731884,274941837,429453,660840,110571120,520627,1071044,164370717
2010,May,5,66,New York City,940849,1715629,272400839,428219,660142,110302849,512630,1055487,162097990
2010,April,4,66,New York City,931850,1700301,270359585,428929,663043,110825216,502921,1037258,159534369
2010,March,3,66,New York City,923801,1687344,269446285,428292,663699,111105888,495509,1023645,158340397
2010,February,2,66,New York City,909222,1663116,265485355,425473,660804,110511850,483749,1002312,154973505
2010,January,1,66,New York City,905032,1656221,265736172,427648,665306,111203768,477384,990915,154532404
2009,December,12,66,New York City,898072,1644846,262708771,427869,665429,111594856,470203,979417,151113915
2009,November,11,66,New York City,882565,1619835,258480978,423360,658313,110243302,459205,961522,148237676
2009,October,10,66,New York City,876657,1607212,257791349,423831,658293,110673560,452826,948919,147117789
2009,September,9,66,New York City,864225,1583581,253563879,421066,653655,109987210,443159,929926,143576669
2009,August,8,66,New York City,849579,1554815,248872108,417827,648355,108933551,431752,906460,139938557
2009,July,7,66,New York City,841312,1537284,244963345,417672,647793,106659679,423640,889491,138303666
2009,June,6,66,New York City,822428,1502368,240081193,414408,642268,106372430,408020,860100,133708763
2009,May,5,66,New York City,806931,1473304,236305689,413254,640649,106290659,393677,832655,130015030
2009,April,4,66,New York City,791032,1444403,231643508,411511,638507,105519245,379521,805896,126124263
2009,March,3,66,New York City,775218,1415907,198034117,410241,636966,91787340,364977,778941,106246777
2009,February,2,66,New York City,759149,1390204,193936711,407481,634129,90615232,351668,756075,103321479
2009,January,1,66,New York City,747594,1366942,181289991,411599,639981,85589876,335995,726961,95700115
2008,December,12,66,New York City,732798,1348073,182176244,402936,630696,86452979,329862,717377,95723265
2008,November,11,66,New York City,723182,1330816,179267964,402336,629146,86072594,320846,701670,93195370
2008,October,10,66,New York City,718387,1318502,189879996,405520,633041,97960421,312867,685461,91919575
2008,September,9,66,New York City,705925,1297108,149415962,402289,629625,72701669,303636,667483,76714293
2008,August,8,66,New York City,695625,1276590,146246471,402615,630989,72503273,293010,645601,73743198
2008,July,7,66,New York City,687860,1261100,144478051,404186,634135,72812272,283674,626965,71665779
2008,June,6,66,New York City,678260,1241610,146322426,403847,634205,75353828,274413,607405,70968598
2008,May,5,66,New York City,671332,1226492,140760027,405071,636978,73089965,266261,589514,67670062
2008,April,4,66,New York City,666560,1216106,139901769,405868,637551,73272699,260692,578555,66629070
2008,March,3,66,New York City,661255,1205079,138533375,405530,637898,73116266,255725,567181,65417109
2008,February,2,66,New York City,654606,1194594,136581671,404261,637953,72887153,250345,556641,63694518
2008,January,1,66,New York City,658333,1200997,137732460,408537,645424,73798190,249796,555573,63934270
2007,December,12,66,New York City,616731,1129368,137456394,336119,615506,74913735,280612,513862,62542659
2007,November,11,66,New York City,610968,1118286,137007640,336642,616176,75491210,274326,502110,61516430
2007,October,10,66,New York City,609968,1116538,137421579,335481,614096,75581869,274487,502442,61839710
2007,September,9,66,New York City,610051,1117295,128388795,336138,615629,70742226,273913,501666,57646569
2007,August,8,66,New York City,607603,1111170,128434712,337827,617811,71409701,269776,493359,57025011
2007,July,7,66,New York City,593889,1088333,125916598,332578,609466,70513295,261311,478867,55403303
2007,June,6,66,New York City,596232,1094984,126439880,428743,731980,84523167,167489,363004,41916713
2007,May,5,66,New York City,595642,1095953,126139592,428319,732629,84322430,167323,363324,41817162
2007,April,4,66,New York City,597828,1101345,125069865,429891,736233,83607333,167937,365112,41462532
2007,March,3,66,New York City,597368,1100381,126957331,429561,735588,84869077,167807,364793,42088254
2007,February,2,66,New York City,598377,1102007,124782530,430287,736675,83415254,168090,365332,41367276
2007,January,1,66,New York City,593669,1096107,125746743,426901,732731,84059816,166768,363376,41686927
2006,December,12,66,New York City,592222,1095965,128674463,425860,732637,86016954,166362,363328,42657509
2006,November,11,66,New York City,591512,1094814,126551752,425349,731868,84597952,166163,362946,41953800
2006,October,10,66,New York City,585951,1081331,126360844,421351,722854,84470334,164600,358477,41890510
2006,September,9,66,New York City,587279,1086370,122910756,422304,726222,82164001,164975,360148,40746755
2006,August,8,66,New York City,585550,1082084,122963589,421062,723357,82199319,164488,358727,40764270
2006,July,7,66,New York City,588022,1087115,121286323,422840,726721,81078092,165182,360394,40208231
2006,June,6,66,New York City,590277,1095202,121944546,424785,732126,81518105,165492,363076,40426441
2006,May,5,66,New York City,590714,1098225,121374490,424776,734147,81137031,165938,364078,40237459
2006,April,4,66,New York City,590155,1097110,121155394,424373,733401,80990568,165782,363709,40164826
2006,March,3,66,New York City,590679,1096146,122870578,424749,732757,82137143,165930,363389,40733435
2006,February,2,66,New York City,592762,1099339,121029514,426248,734892,80906420,166514,364447,40123094
2006,January,1,66,New York City,593359,1096798,121140622,426678,733193,80980693,166681,363605,40159929
2005,December,12,66,New York City,585952,1094609,123605769,421351,731729,82628607,164601,362880,40977162
2005,November,11,66,New York City,583101,1092228,123251781,419300,730138,82391972,163801,362090,40859809
2005,October,10,66,New York City,576026,1081714,122438755,414213,723110,81848475,161813,358604,40590280
2005,September,9,66,New York City,573143,1078413,119165425,412140,720903,79660304,161003,357510,39505121
2005,August,8,66,New York City,568675,1066837,118363158,408928,713165,79124000,159747,353672,39239158
2005,July,7,66,New York City,570541,1068080,117504003,410270,713995,78549667,160671,354085,38954336
2005,June,6,66,New York City,580198,1086190,117937706,417214,726102,78839592,162984,360088,39098114
2005,May,5,66,New York City,583117,1091241,117356722,419312,729478,78451213,163805,361763,38905509
2005,April,4,66,New York City,584240,1091047,117812967,420120,729349,78756205,164120,361698,39056762
2005,March,3,66,New York City,587820,1094335,118638045,422695,731547,79307758,165125,362788,39330287
2005,February,2,66,New York City,586229,1088865,117578201,421551,727890,78599268,164678,360975,38978933
2005,January,1,66,New York City,583331,1083305,117333233,419466,724173,78435510,163865,359132,38897723
2004,December,12,66,New York City,580917,1078833,118438179,417730,721183,79174117,163187,357650,39264062
2004,November,11,66,New York City,562433,1051594,116079961,404439,702975,77597717,157994,348619,38482244
2004,October,10,66,New York City,554359,1042488,115776532,451892,812624,94376484,102467,229864,21400048
2004,September,9,66,New York City,546386,1036110,107159043,445392,807653,87351845,100994,228457,19807198
2004,August,8,66,New York City,531790,1011136,106179397,433494,788185,86553277,98296,222951,19626120
2004,July,7,66,New York City,522007,1000225,105741284,425520,779680,86196144,96487,220545,19545140
2004,June,6,66,New York City,512868,991793,104404918,418070,773107,85158230,94798,218686,19246688
2004,May,5,66,New York City,509648,987074,104266039,415446,769428,84993583,94202,217646,19272456
2004,April,4,66,New York City,507035,986664,103624065,413314,769108,84470270,93721,217556,19153795
2004,March,3,66,New York City,502049,978406,103939988,409251,762672,84727799,92798,215734,19212189
2004,February,2,66,New York City,496401,966115,101428033,404646,753091,82680152,91755,213024,18747881
2004,January,1,66,New York City,490262,952693,101314740,399643,742629,82587800,90619,210064,18726940
2003,December,12,66,New York City,487283,948719,101466606,397213,739530,82711595,90070,209189,18755011
2003,November,11,66,New York City,477453,930011,99309771,389202,724947,80953427,88251,205064,18356344
2003,October,10,66,New York City,470555,918298,101045503,383578,715817,82368327,86977,202481,18677176
2003,September,9,66,New York City,466619,909652,102300753,380370,709078,83391559,86249,200574,18909194
2003,August,8,66,New York City,459466,893305,99473230,374538,696335,81086672,84928,196970,18386558
2003,July,7,66,New York City,452929,877868,94033091,369210,684302,76652085,83719,193566,17381006
2003,June,6,66,New York City,451111,871295,91816252,367728,679178,74845005,83383,192117,16971247
2003,May,5,66,New York City,451179,870812,91433954,367784,678802,74533371,83395,192010,16900583
2003,April,4,66,New York City,449879,869183,90840207,366724,677532,74049371,83155,191651,16790836
2003,March,3,66,New York City,446755,854288,89937234,364177,665921,73313303,82578,188367,16623931
2003,February,2,66,New York City,442111,844646,88160414,360392,658405,71864909,81719,186241,16295505
2003,January,1,66,New York City,436699,830828,88473160,355980,647634,72119847,80719,183194,16353313
2002,December,12,66,New York City,438846,836151,88470975,357730,651783,72118066,81116,184368,16352909
2002,November,11,66,New York City,434718,825155,87424269,354365,643212,71264833,80353,181943,16159436
2002,October,10,66,New York City,438364,836044,88605233,357337,651700,72227508,81027,184344,16377725
2002,September,9,66,New York City,436187,832615,81302720,355563,649027,66274786,80624,183588,15027934
2002,August,8,66,New York City,431317,822304,81883413,351593,640990,66748145,79724,181314,15135268
2002,July,7,66,New York City,430735,820527,81481284,351118,639604,66420345,79617,180923,15060939
2002,June,6,66,New York City,430919,819480,80669131,351268,638788,65758309,79651,180692,14910822
2002,May,5,66,New York City,429908,821179,81543734,350444,640112,66471251,79464,181067,15072483
2002,April,4,66,New York City,429459,822530,81386498,350078,641166,66343078,79381,181364,15043420
2002,March,3,66,New York City,424927,814790,82375222,346384,635132,67149048,78543,179658,15226174
2002,February,2,66,New York City,422046,810390,81786250,344035,631702,66668941,78011,178688,15117309
2002,January,1,66,New York City,415846,798396,82644581,338982,622353,67368618,76864,176043,15275963
2016,June,6,7,Chemung,7866,15178,1973111,2208,2779,430144,5658,12399,1542967
2016,May,5,7,Chemung,7953,15404,1999050,2216,2800,431832,5737,12604,1567218
2016,April,4,7,Chemung,8016,15533,2007354,2211,2779,431545,5805,12754,1575809
2016,March,3,7,Chemung,8060,15623,2027642,2205,2784,430081,5855,12839,1597561
2016,February,2,7,Chemung,8045,15592,2021936,2214,2806,430082,5831,12786,1591854
2016,January,1,7,Chemung,8065,15684,2017971,2234,2797,430764,5831,12887,1587207
2015,October,10,7,Chemung,8099,15764,2046195,2234,2827,435553,5865,12937,1610642
2015,September,9,7,Chemung,8156,15811,2065730,2250,2842,442314,5906,12969,1623416
2015,August,8,7,Chemung,8183,15872,2080170,2263,2885,448832,5920,12987,1631338
2015,July,7,7,Chemung,8215,15902,2079350,2256,2894,443887,5959,13008,1635463
2015,June,6,7,Chemung,8193,15774,2063269,2297,2964,459623,5896,12810,1603646
2015,May,5,7,Chemung,8112,15683,2043156,2300,2967,449869,5812,12716,1593287
2015,April,4,7,Chemung,8150,15716,2062112,2299,2981,453524,5851,12735,1608588
2015,March,3,7,Chemung,8146,15731,2066120,2327,3055,462425,5819,12676,1603695
2015,February,2,7,Chemung,8003,15446,2003420,2319,3042,456103,5684,12404,1547317
2015,January,1,7,Chemung,8105,15653,2028648,2324,3043,458164,5781,12610,1570484
2014,December,12,7,Chemung,8148,15811,2070178,2134,2587,415924,6014,13224,1654254
2014,November,11,7,Chemung,8105,15713,2053621,2143,2618,419799,5962,13095,1633822
2014,October,10,7,Chemung,8141,15899,2102161,2113,2580,415925,6028,13319,1686236
2014,September,9,7,Chemung,8115,15914,2007041,2112,2574,399429,6003,13340,1607612
2014,August,8,7,Chemung,8141,16016,2038908,2141,2624,411943,6000,13392,1626965
2014,July,7,7,Chemung,8236,16158,2063803,2155,2617,414313,6081,13541,1649490
2014,June,6,7,Chemung,8120,15950,2036030,2121,2578,405260,5999,13372,1630770
2014,May,5,7,Chemung,8157,15989,2056882,2122,2569,402598,6035,13420,1654284
2014,April,4,7,Chemung,8118,16055,2045134,2120,2551,402435,5998,13504,1642699
2014,March,3,7,Chemung,8209,16198,2075193,2113,2550,403605,6096,13648,1671588
2014,February,2,7,Chemung,8138,16100,2051094,2130,2578,406590,6008,13522,1644504
2014,January,1,7,Chemung,8189,16187,2040295,2134,2616,410635,6055,13571,1629660
2013,December,12,7,Chemung,8126,16068,2038610,2101,2567,403521,6025,13501,1635089
2013,November,11,7,Chemung,8161,16127,2161468,2125,2603,428959,6036,13524,1732509
2013,October,10,7,Chemung,8087,16063,2196991,2111,2583,434112,5976,13480,1762879
2013,September,9,7,Chemung,8039,16037,2172748,2093,2555,424197,5946,13482,1748551
2013,August,8,7,Chemung,8024,15943,2158252,2088,2581,424488,5936,13362,1733764
2013,July,7,7,Chemung,7988,15990,2169194,2070,2583,422245,5918,13407,1746949
2013,June,6,7,Chemung,7990,16021,2163070,2094,2616,428105,5896,13405,1734965
2013,May,5,7,Chemung,7966,16056,2157950,2091,2617,426987,5875,13439,1730963
2013,April,4,7,Chemung,7920,16021,2144757,2078,2591,423173,5842,13430,1721584
2013,March,3,7,Chemung,7928,15954,2146167,2081,2606,424608,5847,13348,1721559
2013,February,2,7,Chemung,7892,15944,2144620,2093,2626,430003,5799,13318,1714617
2013,January,1,7,Chemung,7890,15873,2120322,2088,2608,426018,5802,13265,1694304
2012,December,12,7,Chemung,7853,15817,2130699,2090,2609,430254,5763,13208,1700445
2012,November,11,7,Chemung,7776,15633,2096515,2099,2624,432883,5677,13009,1663632
2012,October,10,7,Chemung,7739,15597,2110663,2106,2661,436125,5633,12936,1674538
2012,September,9,7,Chemung,7687,15491,2102576,2069,2581,421890,5618,12910,1680686
2012,August,8,7,Chemung,7703,15409,2269584,2102,2592,466867,5601,12817,1802717
2012,July,7,7,Chemung,7612,15259,2222558,2125,2660,472793,5487,12599,1749765
2012,June,6,7,Chemung,7565,15278,2058077,2093,2584,427867,5472,12694,1630210
2012,May,5,7,Chemung,7504,15146,2058824,2074,2590,425695,5430,12556,1633129
2012,April,4,7,Chemung,7491,15137,2055347,2099,2674,435465,5392,12463,1619882
2012,March,3,7,Chemung,7554,15240,2091813,2124,2715,456577,5430,12525,1635236
2012,February,2,7,Chemung,7507,15203,2046528,2132,2754,448026,5375,12449,1598502
2012,January,1,7,Chemung,7525,15230,2054065,2145,2818,457578,5380,12412,1596487
2011,December,12,7,Chemung,7564,15327,2090973,2142,2812,465382,5422,12515,1625591
2011,November,11,7,Chemung,7513,15186,2080433,2125,2777,458518,5388,12409,1621915
2011,October,10,7,Chemung,7460,15107,2070482,2109,2781,457262,5351,12326,1613220
2011,September,9,7,Chemung,7439,15135,2067139,2119,2780,455496,5320,12355,1611643
2011,August,8,7,Chemung,7424,15090,2060844,2124,2804,459441,5300,12286,1601403
2011,July,7,7,Chemung,7367,14978,2036619,2140,2821,459046,5227,12157,1577573
2011,June,6,7,Chemung,7374,14968,2050328,2133,2852,462553,5241,12116,1587775
2011,May,5,7,Chemung,7301,14814,2005083,2146,2881,466803,5155,11933,1538280
2011,April,4,7,Chemung,7296,14802,2007708,2156,2903,473578,5140,11899,1534130
2011,March,3,7,Chemung,7297,14876,2050106,2168,2953,489285,5129,11923,1560821
2011,February,2,7,Chemung,7187,14744,2042951,2175,2969,495483,5012,11775,1547468
2011,January,1,7,Chemung,7219,14813,2051897,2196,2992,499094,5023,11821,1552803
2010,December,12,7,Chemung,7168,14740,2041835,2160,2926,484535,5008,11814,1557300
2010,November,11,7,Chemung,7038,14535,2021668,2156,2931,486491,4882,11604,1535177
2010,October,10,7,Chemung,7025,14509,2012910,2166,2949,489105,4859,11560,1523805
2010,September,9,7,Chemung,6972,14426,1999762,2110,2843,473332,4862,11583,1526430
2010,August,8,7,Chemung,6870,14214,1978455,2091,2799,468358,4779,11415,1510097
2010,July,7,7,Chemung,6929,14333,1991727,2122,2868,479723,4807,11465,1512004
2010,June,6,7,Chemung,6850,14189,1967695,2139,2896,485284,4711,11293,1482411
2010,May,5,7,Chemung,6816,14158,1955415,2143,2919,487388,4673,11239,1468027
2010,April,4,7,Chemung,6750,14062,1942099,2145,2929,489863,4605,11133,1452236
2010,March,3,7,Chemung,6679,13925,1937214,2180,2998,502758,4499,10927,1434456
2010,February,2,7,Chemung,6554,13741,1910419,2175,2995,502838,4379,10746,1407581
2010,January,1,7,Chemung,6494,13655,1904424,2167,2934,494587,4327,10721,1409837
2009,December,12,7,Chemung,6473,13613,1877093,2135,2878,488316,4338,10735,1388777
2009,November,11,7,Chemung,6318,13241,1834231,2133,2884,490075,4185,10357,1344156
2009,October,10,7,Chemung,6305,13187,1842487,2151,2915,494764,4154,10272,1347723
2009,September,9,7,Chemung,6166,12874,1804209,2086,2832,477593,4080,10042,1326616
2009,August,8,7,Chemung,6087,12702,1770199,2068,2793,470294,4019,9909,1299905
2009,July,7,7,Chemung,6065,12593,1773823,2035,2710,458202,4030,9883,1315621
2009,June,6,7,Chemung,5927,12293,1740172,2032,2706,457879,3895,9587,1282293
2009,May,5,7,Chemung,5812,12041,1694196,2036,2693,454490,3776,9348,1239706
2009,April,4,7,Chemung,5746,11840,1658713,2063,2746,458216,3683,9094,1200497
2009,March,3,7,Chemung,5596,11549,1396063,2039,2753,399088,3557,8796,996975
2009,February,2,7,Chemung,5496,11340,1363716,2051,2777,400568,3445,8563,963148
2009,January,1,7,Chemung,5453,11237,1270541,2049,2770,364428,3404,8467,906113
2008,December,12,7,Chemung,5313,11031,1291388,2030,2786,376448,3283,8245,914940
2008,November,11,7,Chemung,5189,10735,1254458,2054,2855,380141,3135,7880,874317
2008,October,10,7,Chemung,5145,10630,1239512,2066,2891,382082,3079,7739,857430
2008,September,9,7,Chemung,5093,10533,1045767,2034,2842,304956,3059,7691,740811
2008,August,8,7,Chemung,5074,10435,1032037,2067,2901,312147,3007,7534,719890
2008,July,7,7,Chemung,5021,10377,1025697,2058,2909,311223,2963,7468,714474
2008,June,6,7,Chemung,5071,10471,1037303,2098,3013,323024,2973,7458,714279
2008,May,5,7,Chemung,5074,10378,1040475,2143,3090,337238,2931,7288,703237
2008,April,4,7,Chemung,5077,10368,1033337,2161,3141,340562,2916,7227,692775
2008,March,3,7,Chemung,5084,10351,1048739,2183,3194,353455,2901,7157,695284
2008,February,2,7,Chemung,4982,10175,1021554,2160,3179,347784,2822,6996,673770
2008,January,1,7,Chemung,4987,10214,1020149,2172,3238,353434,2815,6976,666715
2007,December,12,7,Chemung,5019,10339,1043605,2168,3297,358800,2851,7042,684805
2007,November,11,7,Chemung,4963,10223,1037183,2182,3290,362662,2781,6933,674521
2007,October,10,7,Chemung,4991,10307,1049596,2190,3294,361231,2801,7013,688365
2007,September,9,7,Chemung,4944,10223,986030,2179,3307,349799,2765,6916,636231
2007,August,8,7,Chemung,4958,10200,992099,2178,3294,348205,2780,6906,643894
2007,July,7,7,Chemung,4968,10184,989740,2204,3351,355218,2764,6833,634522
2007,June,6,7,Chemung,4957,10173,985242,2237,3411,364511,2720,6762,620731
2007,May,5,7,Chemung,4916,10130,984220,2225,3405,362816,2691,6725,621404
2007,April,4,7,Chemung,4887,10005,977285,2212,3370,361770,2675,6635,615515
2007,March,3,7,Chemung,4916,10074,986111,2234,3423,368184,2682,6651,617927
2007,February,2,7,Chemung,4860,9917,958793,2251,3440,368616,2609,6477,590177
2007,January,1,7,Chemung,4905,10039,976778,2271,3491,374877,2634,6548,601901
2006,December,12,7,Chemung,4916,10096,984895,2303,3515,388826,2613,6581,596069
2006,November,11,7,Chemung,4919,10187,1001099,2268,3491,387338,2651,6696,613761
2006,October,10,7,Chemung,4959,10252,1008751,2250,3512,381179,2709,6740,627572
2006,September,9,7,Chemung,4910,10216,968056,2224,3507,368737,2686,6709,599319
2006,August,8,7,Chemung,5011,10355,988913,2268,3560,374484,2743,6795,614429
2006,July,7,7,Chemung,4985,10321,974112,2278,3586,375105,2707,6735,599007
2006,June,6,7,Chemung,4982,10267,967830,2304,3598,379701,2678,6669,588129
2006,May,5,7,Chemung,5000,10261,969918,2334,3686,388585,2666,6575,581333
2006,April,4,7,Chemung,4938,10219,966785,2292,3644,385737,2646,6575,581048
2006,March,3,7,Chemung,4957,10200,965265,2294,3657,383577,2663,6543,581688
2006,February,2,7,Chemung,4851,10031,949121,2247,3585,380174,2604,6446,568947
2006,January,1,7,Chemung,4863,10041,938130,2232,3565,367000,2631,6476,571130
2005,December,12,7,Chemung,4887,10140,970143,2223,3517,369811,2664,6623,600332
2005,November,11,7,Chemung,4788,9916,938562,2228,3525,367485,2560,6391,571077
2005,October,10,7,Chemung,4794,9906,936947,2207,3486,363952,2587,6420,572995
2005,September,9,7,Chemung,4731,9859,907050,2136,3393,344671,2595,6466,562379
2005,August,8,7,Chemung,4711,9840,908300,2141,3425,349885,2570,6415,558415
2005,July,7,7,Chemung,4703,9835,902711,2196,3514,358492,2507,6321,544219
2005,June,6,7,Chemung,4730,9813,911570,2266,3615,373279,2464,6198,538291
2005,May,5,7,Chemung,4692,9785,898154,2297,3668,373341,2395,6117,524813
2005,April,4,7,Chemung,4736,9878,905618,2342,3774,386469,2394,6104,519149
2005,March,3,7,Chemung,4683,9775,897381,2330,3771,384333,2353,6004,513048
2005,February,2,7,Chemung,4659,9790,889629,2333,3780,385112,2326,6010,504517
2005,January,1,7,Chemung,4623,9752,875620,2338,3797,382738,2285,5955,492882
2004,December,12,7,Chemung,4691,9860,894041,2397,3901,397351,2294,5959,496690
2004,November,11,7,Chemung,4555,9633,885398,2331,3819,393985,2224,5814,491413
2004,October,10,7,Chemung,4445,9463,872765,2236,3716,382994,2209,5747,489771
2004,September,9,7,Chemung,4357,9379,796399,2123,3567,341961,2234,5812,454438
2004,August,8,7,Chemung,4283,9402,806092,2033,3495,340499,2250,5907,465593
2004,July,7,7,Chemung,4269,9362,797814,2015,3509,345541,2254,5853,452273
2004,June,6,7,Chemung,4173,9214,791680,1988,3466,346845,2185,5748,444835
2004,May,5,7,Chemung,4102,9088,782068,1962,3408,338711,2140,5680,443357
2004,April,4,7,Chemung,4036,8972,767811,1918,3322,328697,2118,5650,439114
2004,March,3,7,Chemung,4022,8974,770583,1910,3273,323637,2112,5701,446946
2004,February,2,7,Chemung,3890,8683,732454,1855,3183,313021,2035,5500,419433
2004,January,1,7,Chemung,3881,8670,734801,1843,3144,309404,2038,5526,425397
2003,December,12,7,Chemung,3805,8577,724813,1790,3042,303968,2015,5535,420845
2003,November,11,7,Chemung,3718,8430,719973,1735,2977,298488,1983,5453,421485
2003,October,10,7,Chemung,3751,8367,717024,1748,2908,294288,2003,5459,422736
2003,September,9,7,Chemung,3680,8174,688388,1712,2882,281976,1968,5292,406412
2003,August,8,7,Chemung,3590,7966,662149,1673,2835,272772,1917,5131,389377
2003,July,7,7,Chemung,3563,7803,658120,1673,2761,276069,1890,5042,382051
2003,June,6,7,Chemung,3519,7737,647314,1638,2709,266444,1881,5028,380870
2003,May,5,7,Chemung,3423,7560,631855,1616,2701,263812,1807,4859,368043
2003,April,4,7,Chemung,3352,7346,612875,1602,2630,259583,1750,4716,353292
2003,March,3,7,Chemung,3292,7240,602854,1619,2699,271737,1673,4541,331117
2003,February,2,7,Chemung,3246,7144,587841,1591,2620,256156,1655,4524,331685
2003,January,1,7,Chemung,3220,7084,596235,1600,2651,262545,1620,4433,333690
2002,December,12,7,Chemung,3128,6850,570826,1554,2560,251110,1574,4290,319716
2002,November,11,7,Chemung,3051,6638,547292,1537,2530,244071,1514,4108,303221
2002,October,10,7,Chemung,3020,6567,537946,1512,2457,235833,1508,4110,302113
2002,September,9,7,Chemung,2976,6428,495007,1484,2391,213388,1492,4037,281619
2002,August,8,7,Chemung,2985,6456,499590,1495,2424,214572,1490,4032,285018
2002,July,7,7,Chemung,2925,6290,483463,1456,2360,206494,1469,3930,276969
2002,June,6,7,Chemung,2886,6189,473878,1470,2426,210211,1416,3763,263667
2002,May,5,7,Chemung,2871,6166,477284,1464,2377,214047,1407,3789,263237
2002,April,4,7,Chemung,2836,6142,472371,1441,2339,209703,1395,3803,262668
2002,March,3,7,Chemung,2800,6096,479012,1392,2251,202068,1408,3845,276944
2002,February,2,7,Chemung,2740,5967,464229,1363,2210,194146,1377,3757,270083
2002,January,1,7,Chemung,2702,5869,450645,1355,2191,190543,1347,3678,260102
2016,June,6,8,Chenango,3571,6875,803839,1092,1434,208727,2479,5441,595112
2016,May,5,8,Chenango,3622,7063,826512,1088,1417,205835,2534,5646,620677
2016,April,4,8,Chenango,3755,7233,855169,1089,1395,205671,2666,5838,649498
2016,March,3,8,Chenango,3768,7304,861309,1084,1380,205438,2684,5924,655871
2016,February,2,8,Chenango,3793,7394,871699,1077,1376,203709,2716,6018,667990
2016,January,1,8,Chenango,3784,7373,863202,1088,1395,206091,2696,5978,657111
2015,October,10,8,Chenango,3803,7385,879611,1111,1414,212281,2692,5971,667330
2015,September,9,8,Chenango,3813,7320,889086,1113,1385,211737,2700,5935,677349
2015,August,8,8,Chenango,3819,7333,899685,1129,1405,218092,2690,5928,681593
2015,July,7,8,Chenango,3845,7385,915999,1130,1401,223510,2715,5984,692489
2015,June,6,8,Chenango,3895,7521,919894,1132,1424,217243,2763,6097,702651
2015,May,5,8,Chenango,3941,7659,927322,1161,1492,224401,2780,6167,702921
2015,April,4,8,Chenango,4000,7848,950421,1169,1510,228583,2831,6338,721838
2015,March,3,8,Chenango,4040,7971,956445,1166,1520,227293,2874,6451,729152
2015,February,2,8,Chenango,4066,8010,972913,1182,1555,233302,2884,6455,739611
2015,January,1,8,Chenango,4074,8010,970040,1195,1591,240200,2879,6419,729840
2014,December,12,8,Chenango,4086,8007,977355,1017,1292,196466,3069,6715,780889
2014,November,11,8,Chenango,4009,7797,962304,1010,1277,193701,2999,6520,768603
2014,October,10,8,Chenango,4045,7875,979186,1017,1274,193791,3028,6601,785395
2014,September,9,8,Chenango,3992,7717,928701,1006,1260,184452,2986,6457,744249
2014,August,8,8,Chenango,3987,7749,931138,975,1214,180065,3012,6535,751073
2014,July,7,8,Chenango,4033,7875,946041,999,1250,189240,3034,6625,756801
2014,June,6,8,Chenango,4056,7914,942474,1001,1258,189846,3055,6656,752628
2014,May,5,8,Chenango,4081,7920,953815,993,1234,185252,3088,6686,768563
2014,April,4,8,Chenango,4124,8078,965195,982,1221,183525,3142,6857,781670
2014,March,3,8,Chenango,4146,8108,972234,991,1239,187790,3155,6869,784444
2014,February,2,8,Chenango,4114,8101,965887,968,1198,178558,3146,6903,787329
2014,January,1,8,Chenango,4109,8017,956243,966,1192,181295,3143,6825,774948
2013,December,12,8,Chenango,4052,7890,947130,981,1211,183612,3071,6679,763518
2013,November,11,8,Chenango,4069,7920,988354,1005,1235,195191,3064,6685,793163
2013,October,10,8,Chenango,4041,7905,1018152,980,1225,198180,3061,6680,819972
2013,September,9,8,Chenango,4026,7899,1005322,982,1261,196373,3044,6638,808949
2013,August,8,8,Chenango,4070,8028,1022169,974,1228,193655,3096,6800,828514
2013,July,7,8,Chenango,4036,7938,1004661,964,1205,190985,3072,6733,813676
2013,June,6,8,Chenango,4080,8073,1019445,960,1194,189750,3120,6879,829695
2013,May,5,8,Chenango,4107,8126,1025607,980,1224,194116,3127,6902,831491
2013,April,4,8,Chenango,4149,8207,1042893,987,1242,196061,3162,6965,846832
2013,March,3,8,Chenango,4168,8250,1056596,984,1229,194484,3184,7021,862112
2013,February,2,8,Chenango,4105,8174,1057914,976,1220,193568,3129,6954,864346
2013,January,1,8,Chenango,4089,8138,1065151,979,1214,194925,3110,6924,870226
2012,December,12,8,Chenango,4070,8140,1062098,966,1208,193841,3104,6932,868257
2012,November,11,8,Chenango,4039,8102,1049069,978,1231,196625,3061,6871,852444
2012,October,10,8,Chenango,4061,8164,1050446,969,1223,194146,3092,6941,856300
2012,September,9,8,Chenango,4058,8166,1043946,978,1256,197348,3080,6910,846598
2012,August,8,8,Chenango,4102,8231,1059165,963,1216,193008,3139,7015,866157
2012,July,7,8,Chenango,4097,8227,1064068,961,1201,191472,3136,7026,872596
2012,June,6,8,Chenango,4117,8317,1068364,960,1212,192324,3157,7105,876040
2012,May,5,8,Chenango,4108,8295,1069402,935,1173,186131,3173,7122,883271
2012,April,4,8,Chenango,4089,8245,1061501,949,1191,190491,3140,7054,871010
2012,March,3,8,Chenango,4117,8364,1265143,940,1173,315931,3177,7191,949212
2012,February,2,8,Chenango,4104,8442,1088431,925,1151,192034,3179,7291,896397
2012,January,1,8,Chenango,4051,8329,1070434,935,1180,190638,3116,7149,879796
2011,December,12,8,Chenango,4068,8446,1095528,925,1166,192303,3143,7280,903225
2011,November,11,8,Chenango,4027,8365,1086060,894,1110,182352,3133,7255,903708
2011,October,10,8,Chenango,4019,8314,1091480,918,1169,191230,3101,7145,900250
2011,September,9,8,Chenango,3994,8276,1088208,889,1123,183292,3105,7153,904916
2011,August,8,8,Chenango,3956,8182,1067347,889,1143,183615,3067,7039,883732
2011,July,7,8,Chenango,3961,8237,1076061,900,1152,184675,3061,7085,891386
2011,June,6,8,Chenango,3950,8211,1074808,898,1163,185474,3052,7048,889334
2011,May,5,8,Chenango,3923,8222,1063340,891,1149,186526,3032,7073,876814
2011,April,4,8,Chenango,3959,8368,1079056,911,1185,190848,3048,7183,888208
2011,March,3,8,Chenango,3946,8297,1104867,914,1169,196488,3032,7128,908379
2011,February,2,8,Chenango,3879,8174,1085097,914,1163,195745,2965,7011,889352
2011,January,1,8,Chenango,3864,8125,1078070,906,1152,193143,2958,6973,884927
2010,December,12,8,Chenango,3850,8113,1092227,909,1179,197432,2941,6934,894795
2010,November,11,8,Chenango,3766,7957,1067018,907,1211,201875,2859,6746,865143
2010,October,10,8,Chenango,3745,7929,1059300,894,1173,194704,2851,6756,864596
2010,September,9,8,Chenango,3628,7718,1023208,891,1176,191980,2737,6542,831228
2010,August,8,8,Chenango,3634,7771,1025702,893,1160,191442,2741,6611,834260
2010,July,7,8,Chenango,3627,7778,1034538,865,1114,185023,2762,6664,849515
2010,June,6,8,Chenango,3612,7756,1023818,860,1114,185638,2752,6642,838180
2010,May,5,8,Chenango,3618,7791,1034786,871,1143,191276,2747,6648,843510
2010,April,4,8,Chenango,3586,7755,1020886,872,1159,192911,2714,6596,827975
2010,March,3,8,Chenango,3599,7852,1036571,881,1188,197511,2718,6664,839060
2010,February,2,8,Chenango,3542,7753,1029553,854,1126,187928,2688,6627,841625
2010,January,1,8,Chenango,3522,7738,1043105,846,1125,189103,2676,6613,854002
2009,December,12,8,Chenango,3439,7610,1015754,845,1128,187550,2594,6482,828204
2009,November,11,8,Chenango,3358,7356,974428,834,1084,181142,2524,6272,793286
2009,October,10,8,Chenango,3343,7325,984682,809,1036,174472,2534,6289,810210
2009,September,9,8,Chenango,3253,7125,955433,781,1003,166776,2472,6122,788657
2009,August,8,8,Chenango,3210,7044,945711,776,1019,167834,2434,6025,777877
2009,July,7,8,Chenango,3182,6958,942430,764,993,163407,2418,5965,779023
2009,June,6,8,Chenango,3172,6947,941205,775,1011,165270,2397,5936,775935
2009,May,5,8,Chenango,3135,6817,934715,779,998,164813,2356,5819,769902
2009,April,4,8,Chenango,3071,6701,916839,755,992,160901,2316,5709,755938
2009,March,3,8,Chenango,3063,6654,783855,769,1009,146083,2294,5645,637772
2009,February,2,8,Chenango,3018,6551,770263,759,1013,145566,2259,5538,624697
2009,January,1,8,Chenango,2937,6353,704381,755,1008,125557,2182,5345,578824
2008,December,12,8,Chenango,2820,6074,686588,733,935,119611,2087,5139,566977
2008,November,11,8,Chenango,2736,5877,657755,731,942,118060,2005,4935,539695
2008,October,10,8,Chenango,2678,5761,646051,726,918,112848,1952,4843,533203
2008,September,9,8,Chenango,2622,5601,539235,701,889,93768,1921,4712,445467
2008,August,8,8,Chenango,2604,5498,533927,728,933,95765,1876,4565,438162
2008,July,7,8,Chenango,2564,5415,520851,718,902,90777,1846,4513,430074
2008,June,6,8,Chenango,2581,5433,525067,726,922,94467,1855,4511,430600
2008,May,5,8,Chenango,2598,5498,540270,718,902,93403,1880,4596,446867
2008,April,4,8,Chenango,2517,5326,512008,724,920,95021,1793,4406,416987
2008,March,3,8,Chenango,2548,5414,521897,725,915,93486,1823,4499,428411
2008,February,2,8,Chenango,2521,5356,517010,707,886,90480,1814,4470,426530
2008,January,1,8,Chenango,2480,5228,505467,703,866,89571,1777,4362,415896
2007,December,12,8,Chenango,2423,5111,497527,674,820,82839,1749,4291,414688
2007,November,11,8,Chenango,2360,4946,482927,654,763,79083,1706,4183,403844
2007,October,10,8,Chenango,2345,4889,487269,650,762,77661,1695,4127,409608
2007,September,9,8,Chenango,2347,4888,452616,646,771,70706,1701,4117,381910
2007,August,8,8,Chenango,2312,4789,442110,636,747,69420,1676,4042,372690
2007,July,7,8,Chenango,2339,4861,450932,657,779,72626,1682,4082,378306
2007,June,6,8,Chenango,2377,4958,459824,666,802,75621,1711,4156,384203
2007,May,5,8,Chenango,2384,4996,456950,654,793,74650,1730,4203,382300
2007,April,4,8,Chenango,2387,5046,459466,654,776,72943,1733,4270,386523
2007,March,3,8,Chenango,2416,5109,463385,662,772,74376,1754,4337,389009
2007,February,2,8,Chenango,2324,4916,437053,657,787,75553,1667,4129,361500
2007,January,1,8,Chenango,2340,4968,450088,662,793,74525,1678,4175,375563
2006,December,12,8,Chenango,2331,4923,454129,669,814,78726,1662,4109,375403
2006,November,11,8,Chenango,2230,4642,430656,653,773,77726,1577,3869,352930
2006,October,10,8,Chenango,2228,4615,429928,652,789,77304,1576,3826,352624
2006,September,9,8,Chenango,2243,4699,422148,635,764,74194,1608,3935,347954
2006,August,8,8,Chenango,2228,4665,414743,626,752,70906,1602,3913,343837
2006,July,7,8,Chenango,2352,5036,463957,626,744,70091,1726,4292,393866
2006,June,6,8,Chenango,2220,4689,418651,613,732,68463,1607,3957,350188
2006,May,5,8,Chenango,2286,4864,436437,617,738,69913,1669,4126,366524
2006,April,4,8,Chenango,2304,4932,440961,632,758,71754,1672,4174,369207
2006,March,3,8,Chenango,2320,4994,447249,635,786,74812,1685,4208,372437
2006,February,2,8,Chenango,2301,4935,437754,643,796,76801,1658,4139,360953
2006,January,1,8,Chenango,2305,4976,430700,639,800,73303,1666,4176,357397
2005,December,12,8,Chenango,2287,4943,439465,647,807,77357,1640,4136,362108
2005,November,11,8,Chenango,2226,4779,423786,643,824,78965,1583,3955,344821
2005,October,10,8,Chenango,2215,4719,416996,653,819,79887,1562,3900,337109
2005,September,9,8,Chenango,2237,4796,424491,646,819,78126,1591,3977,346365
2005,August,8,8,Chenango,2226,4733,416919,656,836,79806,1570,3897,337113
2005,July,7,8,Chenango,2231,4768,419769,665,886,86416,1566,3882,333353
2005,June,6,8,Chenango,2274,4952,438580,665,882,82190,1609,4070,356390
2005,May,5,8,Chenango,2312,5034,439568,678,892,83011,1634,4142,356557
2005,April,4,8,Chenango,2334,5064,442128,698,907,82571,1636,4157,359557
2005,March,3,8,Chenango,2319,5023,434385,708,923,85359,1611,4100,349026
2005,February,2,8,Chenango,2315,5037,439611,710,940,86704,1605,4097,352907
2005,January,1,8,Chenango,2324,5061,439071,728,1006,92767,1596,4055,346304
2004,December,12,8,Chenango,2273,4920,431409,731,985,96511,1542,3935,334898
2004,November,11,8,Chenango,2191,4727,417131,706,975,95591,1485,3752,321540
2004,October,10,8,Chenango,2182,4743,418054,693,964,96514,1489,3779,321540
2004,September,9,8,Chenango,2146,4696,377135,658,947,87631,1488,3749,289504
2004,August,8,8,Chenango,2154,4822,393116,639,954,89672,1515,3868,303444
2004,July,7,8,Chenango,2139,4796,385739,622,916,87452,1517,3880,298287
2004,June,6,8,Chenango,2127,4749,385095,608,911,89154,1519,3838,295941
2004,May,5,8,Chenango,2154,4858,399452,619,922,90341,1535,3936,309111
2004,April,4,8,Chenango,2122,4784,398171,608,922,89445,1514,3862,308726
2004,March,3,8,Chenango,2098,4738,384940,610,942,89761,1488,3796,295179
2004,February,2,8,Chenango,2102,4761,388329,613,934,91059,1489,3827,297270
2004,January,1,8,Chenango,2120,4798,393439,619,967,96568,1501,3831,296871
2003,December,12,8,Chenango,2051,4591,369485,586,902,86474,1465,3689,283011
2003,November,11,8,Chenango,2040,4619,369548,588,900,84266,1452,3719,285282
2003,October,10,8,Chenango,2010,4526,366302,580,864,82062,1430,3662,284240
2003,September,9,8,Chenango,1991,4445,357189,559,832,77787,1432,3613,279402
2003,August,8,8,Chenango,1965,4371,346236,559,818,76052,1406,3553,270184
2003,July,7,8,Chenango,1983,4443,352236,534,752,69812,1449,3691,282424
2003,June,6,8,Chenango,1977,4441,354696,526,730,68766,1451,3711,285930
2003,May,5,8,Chenango,1985,4528,367327,540,771,73715,1445,3757,293612
2003,April,4,8,Chenango,1978,4530,361063,535,754,71210,1443,3776,289853
2003,March,3,8,Chenango,1953,4458,352726,547,769,72064,1406,3689,280662
2003,February,2,8,Chenango,1906,4345,346153,544,774,72822,1362,3571,273331
2003,January,1,8,Chenango,1908,4341,339880,556,793,74715,1352,3548,265165
2002,December,12,8,Chenango,1868,4228,336245,536,743,71117,1332,3485,265128
2002,November,11,8,Chenango,1852,4194,328238,540,767,73048,1312,3427,255190
2002,October,10,8,Chenango,1812,4096,326557,512,717,67594,1300,3379,258963
2002,September,9,8,Chenango,1758,3947,285796,510,713,61214,1248,3234,224582
2002,August,8,8,Chenango,1766,3975,288078,502,681,57150,1264,3294,230928
2002,July,7,8,Chenango,1752,3914,282264,493,666,55762,1259,3248,226502
2002,June,6,8,Chenango,1749,3867,282347,495,675,58271,1254,3192,224076
2002,May,5,8,Chenango,1729,3820,281257,475,659,54969,1254,3161,226288
2002,April,4,8,Chenango,1736,3831,284651,481,659,55968,1255,3172,228683
2002,March,3,8,Chenango,1767,3908,305266,489,702,62209,1278,3206,243057
2002,February,2,8,Chenango,1712,3777,283365,487,677,59243,1225,3100,224122
2002,January,1,8,Chenango,1704,3758,286522,483,666,57186,1221,3092,229336
2016,June,6,9,Clinton,6625,11288,1381664,2399,2995,450189,4226,8293,931475
2016,May,5,9,Clinton,6633,11307,1391287,2400,2975,446173,4233,8332,945114
2016,April,4,9,Clinton,6665,11411,1399392,2398,2998,450819,4267,8413,948573
2016,March,3,9,Clinton,6730,11482,1410483,2413,3032,458159,4317,8450,952324
2016,February,2,9,Clinton,6726,11461,1412358,2398,3004,454049,4328,8457,958309
2016,January,1,9,Clinton,6717,11482,1395508,2412,3044,455815,4305,8438,939693
2015,October,10,9,Clinton,6776,11601,1432957,2424,3046,462465,4352,8555,970492
2015,September,9,9,Clinton,6782,11570,1437511,2436,3076,468267,4346,8494,969244
2015,August,8,9,Clinton,6788,11618,1446424,2432,3120,474550,4356,8498,971874
2015,July,7,9,Clinton,6803,11620,1441703,2437,3133,476025,4366,8487,965678
2015,June,6,9,Clinton,6850,11691,1452447,2444,3126,473715,4406,8565,978732
2015,May,5,9,Clinton,6836,11679,1452038,2430,3133,473237,4406,8546,978801
2015,April,4,9,Clinton,6863,11758,1464398,2422,3115,472262,4441,8643,992136
2015,March,3,9,Clinton,6919,11878,1480514,2421,3103,469399,4498,8775,1011115
2015,February,2,9,Clinton,6950,11945,1489882,2410,3069,466992,4540,8876,1022890
2015,January,1,9,Clinton,6968,11989,1494961,2447,3146,476876,4521,8843,1018085
2014,December,12,9,Clinton,6927,11942,1503638,2183,2552,411244,4744,9390,1092394
2014,November,11,9,Clinton,6881,11913,1494931,2190,2545,408376,4691,9368,1086555
2014,October,10,9,Clinton,6869,11895,1499474,2177,2563,407157,4692,9332,1092317
2014,September,9,9,Clinton,6865,11864,1444343,2163,2532,390801,4702,9332,1053542
2014,August,8,9,Clinton,6915,11939,1467926,2169,2517,394006,4746,9422,1073920
2014,July,7,9,Clinton,6921,11961,1482501,2167,2535,397526,4754,9426,1084975
2014,June,6,9,Clinton,6965,12079,1498079,2184,2588,401670,4781,9491,1096409
2014,May,5,9,Clinton,6959,12069,1492702,2182,2570,399765,4777,9499,1092937
2014,April,4,9,Clinton,6972,12171,1498608,2166,2567,399815,4806,9604,1098793
2014,March,3,9,Clinton,7006,12287,1506236,2168,2587,399551,4838,9700,1106685
2014,February,2,9,Clinton,7020,12388,1512874,2171,2601,401129,4849,9787,1111745
2014,January,1,9,Clinton,7057,12445,1505246,2176,2594,396824,4881,9851,1108422
2013,December,12,9,Clinton,6972,12258,1490539,2174,2597,398341,4798,9661,1092198
2013,November,11,9,Clinton,7057,12329,1636153,2233,2705,459785,4824,9624,1176368
2013,October,10,9,Clinton,6942,12240,1600626,2182,2632,426562,4760,9608,1174064
2013,September,9,9,Clinton,6934,12246,1581998,2162,2601,415418,4772,9645,1166580
2013,August,8,9,Clinton,6948,12337,1598337,2176,2615,416895,4772,9722,1181442
2013,July,7,9,Clinton,6879,12217,1581641,2160,2610,414444,4719,9607,1167197
2013,June,6,9,Clinton,6941,12333,1588822,2159,2618,413512,4782,9715,1175310
2013,May,5,9,Clinton,6898,12280,1584947,2159,2620,416308,4739,9660,1168639
2013,April,4,9,Clinton,6911,12321,1594402,2161,2628,418432,4750,9693,1175970
2013,March,3,9,Clinton,6884,12287,1588080,2167,2676,425395,4717,9611,1162685
2013,February,2,9,Clinton,6785,12092,1571605,2141,2642,419308,4644,9450,1152297
2013,January,1,9,Clinton,6749,11996,1546353,2147,2660,419587,4602,9336,1126766
2012,December,12,9,Clinton,6692,11905,1547843,2130,2617,417030,4562,9288,1130813
2012,November,11,9,Clinton,6652,11827,1542910,2159,2646,422446,4493,9181,1120464
2012,October,10,9,Clinton,6633,11783,1555060,2126,2580,415178,4507,9203,1139882
2012,September,9,9,Clinton,6621,11818,1554293,2115,2562,414391,4506,9256,1139902
2012,August,8,9,Clinton,6619,11797,1560919,2114,2556,411812,4505,9241,1149107
2012,July,7,9,Clinton,6617,11811,1555783,2120,2599,420521,4497,9212,1135262
2012,June,6,9,Clinton,6671,12022,1577735,2118,2597,418664,4553,9425,1159071
2012,May,5,9,Clinton,6627,11989,1570700,2116,2581,416967,4511,9408,1153733
2012,April,4,9,Clinton,6660,12062,1572009,2116,2595,420002,4544,9467,1152007
2012,March,3,9,Clinton,6695,12119,1632470,2121,2622,448411,4574,9497,1184059
2012,February,2,9,Clinton,6673,12101,1582576,2114,2651,425922,4559,9450,1156654
2012,January,1,9,Clinton,6606,11975,1562385,2108,2655,429446,4498,9320,1132939
2011,December,12,9,Clinton,6592,11946,1597208,2118,2673,439657,4474,9273,1157551
2011,November,11,9,Clinton,6504,11780,1575136,2109,2653,435790,4395,9127,1139346
2011,October,10,9,Clinton,6504,11802,1574172,2105,2639,433929,4399,9163,1140243
2011,September,9,9,Clinton,6538,11852,1597111,2128,2667,440591,4410,9185,1156520
2011,August,8,9,Clinton,6529,11836,1569865,2130,2687,438147,4399,9149,1131718
2011,July,7,9,Clinton,6506,11803,1551896,2137,2694,433770,4369,9109,1118126
2011,June,6,9,Clinton,6470,11734,1556658,2146,2725,440813,4324,9009,1115845
2011,May,5,9,Clinton,6444,11669,1563255,2155,2736,450295,4289,8933,1112960
2011,April,4,9,Clinton,6442,11723,1549138,2156,2738,444624,4286,8985,1104514
2011,March,3,9,Clinton,6410,11660,1580366,2165,2785,463968,4245,8875,1116398
2011,February,2,9,Clinton,6333,11566,1562919,2140,2770,460309,4193,8796,1102610
2011,January,1,9,Clinton,6313,11552,1558588,2166,2808,468543,4147,8744,1090045
2010,December,12,9,Clinton,6292,11535,1552607,2165,2817,464997,4127,8718,1087610
2010,November,11,9,Clinton,6231,11426,1540726,2159,2795,460872,4072,8631,1079854
2010,October,10,9,Clinton,6179,11269,1518610,2164,2792,457278,4015,8477,1061332
2010,September,9,9,Clinton,6113,11164,1516997,2150,2803,461344,3963,8361,1055653
2010,August,8,9,Clinton,6098,11146,1530767,2136,2773,459962,3962,8373,1070805
2010,July,7,9,Clinton,6027,11064,1509198,2117,2739,452808,3910,8325,1056390
2010,June,6,9,Clinton,5914,10807,1473119,2100,2721,451314,3814,8086,1021805
2010,May,5,9,Clinton,5885,10753,1465621,2104,2715,450168,3781,8038,1015453
2010,April,4,9,Clinton,5844,10708,1450963,2105,2743,454373,3739,7965,996590
2010,March,3,9,Clinton,5810,10649,1442316,2118,2813,463108,3692,7836,979208
2010,February,2,9,Clinton,5791,10656,1453057,2163,2874,476150,3628,7782,976907
2010,January,1,9,Clinton,5747,10613,1466086,2151,2866,475352,3596,7747,990734
2009,December,12,9,Clinton,5639,10429,1413093,2127,2828,469631,3512,7601,943462
2009,November,11,9,Clinton,5566,10282,1393694,2126,2840,467312,3440,7442,926382
2009,October,10,9,Clinton,5549,10191,1394340,2134,2842,469862,3415,7349,924478
2009,September,9,9,Clinton,5474,10077,1373676,2102,2825,466428,3372,7252,907248
2009,August,8,9,Clinton,5471,10068,1380625,2109,2831,469199,3362,7237,911426
2009,July,7,9,Clinton,5421,9968,1371667,2089,2769,456707,3332,7199,914960
2009,June,6,9,Clinton,5370,9889,1369840,2084,2787,461660,3286,7102,908180
2009,May,5,9,Clinton,5343,9871,1372686,2084,2796,462341,3259,7075,910345
2009,April,4,9,Clinton,5305,9765,1364006,2104,2825,468259,3201,6940,895747
2009,March,3,9,Clinton,5225,9597,1150749,2096,2824,409301,3129,6773,741448
2009,February,2,9,Clinton,5118,9418,1126599,2097,2818,404897,3021,6600,721702
2009,January,1,9,Clinton,5044,9314,1008763,2040,2739,343778,3004,6575,664985
2008,December,12,9,Clinton,4970,9181,1019069,2042,2743,354124,2928,6438,664945
2008,November,11,9,Clinton,4833,8885,991776,2010,2650,342355,2823,6235,649421
2008,October,10,9,Clinton,4735,8644,966391,2005,2618,338396,2730,6026,627995
2008,September,9,9,Clinton,4690,8542,812569,1971,2567,274580,2719,5975,537989
2008,August,8,9,Clinton,4625,8406,812318,1977,2580,277664,2648,5826,534654
2008,July,7,9,Clinton,4579,8324,803601,1968,2598,281753,2611,5726,521848
2008,June,6,9,Clinton,4568,8339,806219,2000,2637,287401,2568,5702,518818
2008,May,5,9,Clinton,4561,8387,805351,1988,2644,285905,2573,5743,519446
2008,April,4,9,Clinton,4551,8378,809698,1971,2584,278161,2580,5794,531537
2008,March,3,9,Clinton,4484,8251,804555,1979,2560,278450,2505,5691,526105
2008,February,2,9,Clinton,4431,8149,794820,1991,2614,283560,2440,5535,511260
2008,January,1,9,Clinton,4370,8033,782486,1988,2602,283139,2382,5431,499347
2007,December,12,9,Clinton,4248,7766,770752,1951,2540,279003,2297,5226,491749
2007,November,11,9,Clinton,4182,7652,767602,1935,2481,274011,2247,5171,493591
2007,October,10,9,Clinton,4187,7657,764788,1940,2479,272494,2247,5178,492294
2007,September,9,9,Clinton,4162,7630,718351,1896,2418,249295,2266,5212,469056
2007,August,8,9,Clinton,4185,7666,722999,1922,2479,257053,2263,5187,465946
2007,July,7,9,Clinton,4213,7712,727279,1910,2448,254560,2303,5264,472719
2007,June,6,9,Clinton,4236,7747,726619,1933,2487,255636,2303,5260,470983
2007,May,5,9,Clinton,4214,7734,724602,1914,2452,252948,2300,5282,471654
2007,April,4,9,Clinton,4180,7706,726415,1910,2447,257036,2270,5259,469379
2007,March,3,9,Clinton,4181,7657,723504,1925,2474,258595,2256,5183,464909
2007,February,2,9,Clinton,4133,7624,702225,1907,2462,254888,2226,5162,447337
2007,January,1,9,Clinton,4164,7669,708490,1918,2451,254173,2246,5218,454317
2006,December,12,9,Clinton,4134,7623,719926,1904,2448,259820,2230,5175,460106
2006,November,11,9,Clinton,4085,7569,715457,1901,2466,265852,2184,5103,449605
2006,October,10,9,Clinton,4032,7448,702494,1856,2390,251589,2176,5058,450905
2006,September,9,9,Clinton,4074,7504,690284,1833,2358,241143,2241,5146,449141
2006,August,8,9,Clinton,4092,7528,692167,1856,2403,245367,2236,5125,446800
2006,July,7,9,Clinton,4085,7485,696755,1866,2424,249995,2219,5061,446760
2006,June,6,9,Clinton,4080,7468,689279,1874,2442,249958,2206,5026,439321
2006,May,5,9,Clinton,4071,7485,692397,1854,2390,246203,2217,5095,446194
2006,April,4,9,Clinton,4112,7544,698673,1854,2390,243839,2258,5154,454834
2006,March,3,9,Clinton,4138,7618,714136,1852,2400,247738,2286,5218,466398
2006,February,2,9,Clinton,4121,7557,708767,1871,2422,248899,2250,5135,459868
2006,January,1,9,Clinton,4106,7565,688427,1880,2452,243685,2226,5113,444742
2005,December,12,9,Clinton,4080,7559,705440,1881,2455,252447,2199,5104,452993
2005,November,11,9,Clinton,3980,7317,681939,1851,2410,249119,2129,4907,432820
2005,October,10,9,Clinton,3975,7248,677327,1895,2477,256232,2080,4771,421095
2005,September,9,9,Clinton,3930,7152,658171,1846,2408,242484,2084,4744,415687
2005,August,8,9,Clinton,3933,7117,657006,1858,2459,248611,2075,4658,408395
2005,July,7,9,Clinton,3909,7075,649323,1846,2447,244396,2063,4628,404927
2005,June,6,9,Clinton,3871,7018,638748,1849,2397,238469,2022,4621,400279
2005,May,5,9,Clinton,3894,7054,640039,1862,2432,245014,2032,4622,395025
2005,April,4,9,Clinton,3952,7132,638140,1925,2511,244232,2027,4621,393908
2005,March,3,9,Clinton,3981,7196,651550,1923,2492,242745,2058,4704,408805
2005,February,2,9,Clinton,3969,7172,649777,1947,2548,248693,2022,4624,401084
2005,January,1,9,Clinton,3946,7184,644502,1923,2506,243524,2023,4678,400978
2004,December,12,9,Clinton,3966,7233,655445,1928,2516,244407,2038,4717,411038
2004,November,11,9,Clinton,3861,7046,634624,1891,2502,245395,1970,4544,389229
2004,October,10,9,Clinton,3781,6942,636008,1865,2505,250246,1916,4437,385762
2004,September,9,9,Clinton,3751,6936,592783,1792,2419,225481,1959,4517,367302
2004,August,8,9,Clinton,3704,6863,581528,1721,2321,220051,1983,4542,361477
2004,July,7,9,Clinton,3688,6915,588583,1691,2290,221322,1997,4625,367261
2004,June,6,9,Clinton,3652,6880,589785,1636,2222,216401,2016,4658,373384
2004,May,5,9,Clinton,3613,6781,579866,1617,2163,210850,1996,4618,369016
2004,April,4,9,Clinton,3582,6765,580388,1610,2167,209172,1972,4598,371216
2004,March,3,9,Clinton,3586,6794,581994,1592,2110,206257,1994,4684,375737
2004,February,2,9,Clinton,3561,6762,578238,1605,2115,209404,1956,4647,368834
2004,January,1,9,Clinton,3551,6737,573914,1597,2114,206343,1954,4623,367571
2003,December,12,9,Clinton,3450,6573,558984,1568,2058,197932,1882,4515,361052
2003,November,11,9,Clinton,3406,6484,545003,1551,2038,193273,1855,4446,351730
2003,October,10,9,Clinton,3383,6432,553356,1552,2076,201172,1831,4356,352184
2003,September,9,9,Clinton,3405,6455,540356,1521,2011,190649,1884,4444,349707
2003,August,8,9,Clinton,3346,6353,527342,1494,1948,183685,1852,4405,343657
2003,July,7,9,Clinton,3340,6307,531580,1500,1950,186264,1840,4357,345316
2003,June,6,9,Clinton,3326,6311,524365,1504,1956,187572,1822,4355,336793
2003,May,5,9,Clinton,3323,6256,525238,1489,1899,181623,1834,4357,343615
2003,April,4,9,Clinton,3303,6176,521428,1471,1864,177472,1832,4312,343956
2003,March,3,9,Clinton,3279,6170,519645,1468,1867,179317,1811,4303,340328
2003,February,2,9,Clinton,3254,6143,516876,1450,1819,174505,1804,4324,342371
2003,January,1,9,Clinton,3196,6089,505384,1432,1817,175546,1764,4272,329838
2002,December,12,9,Clinton,3170,6055,499818,1415,1826,173635,1755,4229,326183
2002,November,11,9,Clinton,3148,6021,502778,1408,1782,170533,1740,4239,332245
2002,October,10,9,Clinton,3109,5928,489778,1412,1776,168413,1697,4152,321365
2002,September,9,9,Clinton,3081,5865,445682,1391,1781,148517,1690,4084,297165
2002,August,8,9,Clinton,3084,5836,441558,1400,1800,150053,1684,4036,291505
2002,July,7,9,Clinton,3074,5840,444480,1392,1768,148075,1682,4072,296405
2002,June,6,9,Clinton,3072,5844,439040,1373,1739,145496,1699,4105,293544
2002,May,5,9,Clinton,3046,5798,438183,1373,1735,144210,1673,4063,293973
2002,April,4,9,Clinton,3004,5692,431170,1369,1752,146947,1635,3940,284223
2002,March,3,9,Clinton,3040,5745,441242,1382,1766,147233,1658,3979,294009
2002,February,2,9,Clinton,2961,5592,426405,1357,1715,141302,1604,3877,285103
2002,January,1,9,Clinton,2945,5581,421385,1348,1706,140938,1597,3875,280447
